   0.43828E+02
   0.43828E+02
   0.43828E+02
   0.43828E+02
   0.43828E+02
   0.43922E+02
   0.43922E+02
   0.43922E+02
   0.43922E+02
   0.43922E+02
   0.43989E+02
   0.43989E+02
   0.43989E+02
   0.43989E+02
   0.43989E+02
   0.43262E+02
   0.43262E+02
   0.43262E+02
   0.43262E+02
   0.43262E+02
   0.43763E+02
   0.43763E+02
   0.43763E+02
   0.43763E+02
   0.43763E+02
   0.45492E+02
   0.45492E+02
   0.45492E+02
   0.45492E+02
   0.45492E+02
   0.44409E+02
   0.44409E+02
   0.44409E+02
   0.44409E+02
   0.44409E+02
   0.44666E+02
   0.44666E+02
   0.44666E+02
   0.44666E+02
   0.44666E+02
   0.45200E+02
   0.45200E+02
   0.45200E+02
   0.45200E+02
   0.45200E+02
   0.43529E+02
   0.43529E+02
   0.43529E+02
   0.43529E+02
   0.43529E+02
   0.42890E+02
   0.42890E+02
   0.42890E+02
   0.42890E+02
   0.42890E+02
   0.44052E+02
   0.44052E+02
   0.44052E+02
   0.44052E+02
   0.44052E+02
   0.43484E+02
   0.43484E+02
   0.43484E+02
   0.43484E+02
   0.43484E+02
   0.44070E+02
   0.44070E+02
   0.44070E+02
   0.44070E+02
   0.44070E+02
   0.43337E+02
   0.43337E+02
   0.43337E+02
   0.43337E+02
   0.43337E+02
   0.44764E+02
   0.44764E+02
   0.44764E+02
   0.44764E+02
   0.44764E+02
   0.43227E+02
   0.43227E+02
   0.43227E+02
   0.43227E+02
   0.43227E+02
   0.42989E+02
   0.42989E+02
   0.42989E+02
   0.42989E+02
   0.42989E+02
   0.44314E+02
   0.44314E+02
   0.44314E+02
   0.44314E+02
   0.44314E+02
   0.44001E+02
   0.44001E+02
   0.44001E+02
   0.44001E+02
   0.44001E+02
   0.44467E+02
   0.44467E+02
   0.44467E+02
   0.44467E+02
   0.44467E+02
   0.44900E+02
   0.44900E+02
   0.44900E+02
   0.44900E+02
   0.44900E+02
   0.44039E+02
   0.44039E+02
   0.44039E+02
   0.44039E+02
   0.44039E+02
   0.43931E+02
   0.43931E+02
   0.43931E+02
   0.43931E+02
   0.43931E+02
   0.43756E+02
   0.43756E+02
   0.43756E+02
   0.43756E+02
   0.43756E+02
   0.42838E+02
   0.42838E+02
   0.42838E+02
   0.42838E+02
   0.42838E+02
   0.43166E+02
   0.43166E+02
   0.43166E+02
   0.43166E+02
   0.43166E+02
   0.44470E+02
   0.44470E+02
   0.44470E+02
   0.44470E+02
   0.44470E+02
   0.43576E+02
   0.43576E+02
   0.43576E+02
   0.43576E+02
   0.43576E+02
   0.42963E+02
   0.42963E+02
   0.42963E+02
   0.42963E+02
   0.42963E+02
   0.43806E+02
   0.43806E+02
   0.43806E+02
   0.43806E+02
   0.43806E+02
   0.44585E+02
   0.44585E+02
   0.44585E+02
   0.44585E+02
   0.44585E+02
   0.44366E+02
   0.44366E+02
   0.44366E+02
   0.44366E+02
   0.44366E+02
   0.43282E+02
   0.43282E+02
   0.43282E+02
   0.43282E+02
   0.43282E+02
   0.43775E+02
   0.43775E+02
   0.43775E+02
   0.43775E+02
   0.43775E+02
   0.44128E+02
   0.44128E+02
   0.44128E+02
   0.44128E+02
   0.44128E+02
   0.44209E+02
   0.44209E+02
   0.44209E+02
   0.44209E+02
   0.44209E+02
   0.43605E+02
   0.43605E+02
   0.43605E+02
   0.43605E+02
   0.43605E+02
   0.43247E+02
   0.43247E+02
   0.43247E+02
   0.43247E+02
   0.43247E+02
   0.44803E+02
   0.44803E+02
   0.44803E+02
   0.44803E+02
   0.44803E+02
   0.44261E+02
   0.44261E+02
   0.44261E+02
   0.44261E+02
   0.44261E+02
   0.44215E+02
   0.44215E+02
   0.44215E+02
   0.44215E+02
   0.44215E+02
   0.44290E+02
   0.44290E+02
   0.44290E+02
   0.44290E+02
   0.44290E+02
   0.43972E+02
   0.43972E+02
   0.43972E+02
   0.43972E+02
   0.43972E+02
   0.43733E+02
   0.43733E+02
   0.43733E+02
   0.43733E+02
   0.43733E+02
   0.43338E+02
   0.43338E+02
   0.43338E+02
   0.43338E+02
   0.43338E+02
   0.43249E+02
   0.43249E+02
   0.43249E+02
   0.43249E+02
   0.43249E+02
   0.44073E+02
   0.44073E+02
   0.44073E+02
   0.44073E+02
   0.44073E+02
   0.44516E+02
   0.44516E+02
   0.44516E+02
   0.44516E+02
   0.44516E+02
   0.43460E+02
   0.43460E+02
   0.43460E+02
   0.43460E+02
   0.43460E+02
   0.43624E+02
   0.43624E+02
   0.43624E+02
   0.43624E+02
   0.43624E+02
   0.43326E+02
   0.43326E+02
   0.43326E+02
   0.43326E+02
   0.43326E+02
   0.43788E+02
   0.43788E+02
   0.43788E+02
   0.43788E+02
   0.43788E+02
   0.43523E+02
   0.43523E+02
   0.43523E+02
   0.43523E+02
   0.43523E+02
   0.43073E+02
   0.43073E+02
   0.43073E+02
   0.43073E+02
   0.43073E+02
   0.44714E+02
   0.44714E+02
   0.44714E+02
   0.44714E+02
   0.44714E+02
   0.43936E+02
   0.43936E+02
   0.43936E+02
   0.43936E+02
   0.43936E+02
   0.43539E+02
   0.43539E+02
   0.43539E+02
   0.43539E+02
   0.43539E+02
   0.44564E+02
   0.44564E+02
   0.44564E+02
   0.44564E+02
   0.44564E+02
   0.44058E+02
   0.44058E+02
   0.44058E+02
   0.44058E+02
   0.44058E+02
   0.43962E+02
   0.43962E+02
   0.43962E+02
   0.43962E+02
   0.43962E+02
   0.43460E+02
   0.43460E+02
   0.43460E+02
   0.43460E+02
   0.43460E+02
   0.44155E+02
   0.44155E+02
   0.44155E+02
   0.44155E+02
   0.44155E+02
   0.44637E+02
   0.44637E+02
   0.44637E+02
   0.44637E+02
   0.44637E+02
   0.43802E+02
   0.43802E+02
   0.43802E+02
   0.43802E+02
   0.43802E+02
   0.43699E+02
   0.43699E+02
   0.43699E+02
   0.43699E+02
   0.43699E+02
   0.43591E+02
   0.43591E+02
   0.43591E+02
   0.43591E+02
   0.43591E+02
   0.44111E+02
   0.44111E+02
   0.44111E+02
   0.44111E+02
   0.44111E+02
   0.43231E+02
   0.43231E+02
   0.43231E+02
   0.43231E+02
   0.43231E+02
   0.43256E+02
   0.43256E+02
   0.43256E+02
   0.43256E+02
   0.43256E+02
   0.43843E+02
   0.43843E+02
   0.43843E+02
   0.43843E+02
   0.43843E+02
   0.43991E+02
   0.43991E+02
   0.43991E+02
   0.43991E+02
   0.43991E+02
   0.43910E+02
   0.43910E+02
   0.43910E+02
   0.43910E+02
   0.43910E+02
   0.43785E+02
   0.43785E+02
   0.43785E+02
   0.43785E+02
   0.43785E+02
   0.43355E+02
   0.43355E+02
   0.43355E+02
   0.43355E+02
   0.43355E+02
   0.43732E+02
   0.43732E+02
   0.43732E+02
   0.43732E+02
   0.43732E+02
   0.44417E+02
   0.44417E+02
   0.44417E+02
   0.44417E+02
   0.44417E+02
   0.43159E+02
   0.43159E+02
   0.43159E+02
   0.43159E+02
   0.43159E+02
   0.43404E+02
   0.43404E+02
   0.43404E+02
   0.43404E+02
   0.43404E+02
   0.43037E+02
   0.43037E+02
   0.43037E+02
   0.43037E+02
   0.43037E+02
   0.44182E+02
   0.44182E+02
   0.44182E+02
   0.44182E+02
   0.44182E+02
   0.44102E+02
   0.44102E+02
   0.44102E+02
   0.44102E+02
   0.44102E+02
   0.43589E+02
   0.43589E+02
   0.43589E+02
   0.43589E+02
   0.43589E+02
   0.44163E+02
   0.44163E+02
   0.44163E+02
   0.44163E+02
   0.44163E+02
   0.42884E+02
   0.42884E+02
   0.42884E+02
   0.42884E+02
   0.42884E+02
   0.44389E+02
   0.44389E+02
   0.44389E+02
   0.44389E+02
   0.44389E+02
   0.42889E+02
   0.42889E+02
   0.42889E+02
   0.42889E+02
   0.42889E+02
   0.43217E+02
   0.43217E+02
   0.43217E+02
   0.43217E+02
   0.43217E+02
   0.44020E+02
   0.44020E+02
   0.44020E+02
   0.44020E+02
   0.44020E+02
   0.44189E+02
   0.44189E+02
   0.44189E+02
   0.44189E+02
   0.44189E+02
   0.43182E+02
   0.43182E+02
   0.43182E+02
   0.43182E+02
   0.43182E+02
   0.44375E+02
   0.44375E+02
   0.44375E+02
   0.44375E+02
   0.44375E+02
   0.43833E+02
   0.43833E+02
   0.43833E+02
   0.43833E+02
   0.43833E+02
   0.43756E+02
   0.43756E+02
   0.43756E+02
   0.43756E+02
   0.43756E+02
   0.43964E+02
   0.43964E+02
   0.43964E+02
   0.43964E+02
   0.43964E+02
   0.44141E+02
   0.44141E+02
   0.44141E+02
   0.44141E+02
   0.44141E+02
   0.43498E+02
   0.43498E+02
   0.43498E+02
   0.43498E+02
   0.43498E+02
   0.44135E+02
   0.44135E+02
   0.44135E+02
   0.44135E+02
   0.44135E+02
   0.43075E+02
   0.43075E+02
   0.43075E+02
   0.43075E+02
   0.43075E+02
   0.43541E+02
   0.43541E+02
   0.43541E+02
   0.43541E+02
   0.43541E+02
   0.44076E+02
   0.44076E+02
   0.44076E+02
   0.44076E+02
   0.44076E+02
   0.44059E+02
   0.44059E+02
   0.44059E+02
   0.44059E+02
   0.44059E+02
   0.44184E+02
   0.44184E+02
   0.44184E+02
   0.44184E+02
   0.44184E+02
   0.44284E+02
   0.44284E+02
   0.44284E+02
   0.44284E+02
   0.44284E+02
   0.43428E+02
   0.43428E+02
   0.43428E+02
   0.43428E+02
   0.43428E+02
   0.43902E+02
   0.43902E+02
   0.43902E+02
   0.43902E+02
   0.43902E+02
   0.44539E+02
   0.44539E+02
   0.44539E+02
   0.44539E+02
   0.44539E+02
   0.44239E+02
   0.44239E+02
   0.44239E+02
   0.44239E+02
   0.44239E+02
   0.43619E+02
   0.43619E+02
   0.43619E+02
   0.43619E+02
   0.43619E+02
   0.43922E+02
   0.43922E+02
   0.43922E+02
   0.43922E+02
   0.43922E+02
   0.43016E+02
   0.43016E+02
   0.43016E+02
   0.43016E+02
   0.43016E+02
   0.44139E+02
   0.44139E+02
   0.44139E+02
   0.44139E+02
   0.44139E+02
   0.43946E+02
   0.43946E+02
   0.43946E+02
   0.43946E+02
   0.43946E+02
   0.43910E+02
   0.43910E+02
   0.43910E+02
   0.43910E+02
   0.43910E+02
   0.44776E+02
   0.44776E+02
   0.44776E+02
   0.44776E+02
   0.44776E+02
   0.43525E+02
   0.43525E+02
   0.43525E+02
   0.43525E+02
   0.43525E+02
   0.42822E+02
   0.42822E+02
   0.42822E+02
   0.42822E+02
   0.42822E+02
   0.43569E+02
   0.43569E+02
   0.43569E+02
   0.43569E+02
   0.43569E+02
   0.44177E+02
   0.44177E+02
   0.44177E+02
   0.44177E+02
   0.44177E+02
   0.44520E+02
   0.44520E+02
   0.44520E+02
   0.44520E+02
   0.44520E+02
   0.44223E+02
   0.44223E+02
   0.44223E+02
   0.44223E+02
   0.44223E+02
   0.43875E+02
   0.43875E+02
   0.43875E+02
   0.43875E+02
   0.43875E+02
   0.43660E+02
   0.43660E+02
   0.43660E+02
   0.43660E+02
   0.43660E+02
   0.45017E+02
   0.45017E+02
   0.45017E+02
   0.45017E+02
   0.45017E+02
   0.44470E+02
   0.44470E+02
   0.44470E+02
   0.44470E+02
   0.44470E+02
   0.44128E+02
   0.44128E+02
   0.44128E+02
   0.44128E+02
   0.44128E+02
   0.43924E+02
   0.43924E+02
   0.43924E+02
   0.43924E+02
   0.43924E+02
   0.43874E+02
   0.43874E+02
   0.43874E+02
   0.43874E+02
   0.43874E+02
   0.44353E+02
   0.44353E+02
   0.44353E+02
   0.44353E+02
   0.44353E+02
   0.43197E+02
   0.43197E+02
   0.43197E+02
   0.43197E+02
   0.43197E+02
   0.44988E+02
   0.44988E+02
   0.44988E+02
   0.44988E+02
   0.44988E+02
   0.43497E+02
   0.43497E+02
   0.43497E+02
   0.43497E+02
   0.43497E+02
   0.43399E+02
   0.43399E+02
   0.43399E+02
   0.43399E+02
   0.43399E+02
   0.44780E+02
   0.44780E+02
   0.44780E+02
   0.44780E+02
   0.44780E+02
   0.44676E+02
   0.44676E+02
   0.44676E+02
   0.44676E+02
   0.44676E+02
   0.42883E+02
   0.42883E+02
   0.42883E+02
   0.42883E+02
   0.42883E+02
   0.44623E+02
   0.44623E+02
   0.44623E+02
   0.44623E+02
   0.44623E+02
   0.42934E+02
   0.42934E+02
   0.42934E+02
   0.42934E+02
   0.42934E+02
   0.44279E+02
   0.44279E+02
   0.44279E+02
   0.44279E+02
   0.44279E+02
   0.42794E+02
   0.42794E+02
   0.42794E+02
   0.42794E+02
   0.42794E+02
   0.44305E+02
   0.44305E+02
   0.44305E+02
   0.44305E+02
   0.44305E+02
   0.43671E+02
   0.43671E+02
   0.43671E+02
   0.43671E+02
   0.43671E+02
   0.44345E+02
   0.44345E+02
   0.44345E+02
   0.44345E+02
   0.44345E+02
   0.43941E+02
   0.43941E+02
   0.43941E+02
   0.43941E+02
   0.43941E+02
   0.44566E+02
   0.44566E+02
   0.44566E+02
   0.44566E+02
   0.44566E+02
   0.44068E+02
   0.44068E+02
   0.44068E+02
   0.44068E+02
   0.44068E+02
   0.44011E+02
   0.44011E+02
   0.44011E+02
   0.44011E+02
   0.44011E+02
   0.43822E+02
   0.43822E+02
   0.43822E+02
   0.43822E+02
   0.43822E+02
   0.44058E+02
   0.44058E+02
   0.44058E+02
   0.44058E+02
   0.44058E+02
   0.43267E+02
   0.43267E+02
   0.43267E+02
   0.43267E+02
   0.43267E+02
   0.43164E+02
   0.43164E+02
   0.43164E+02
   0.43164E+02
   0.43164E+02
   0.43084E+02
   0.43084E+02
   0.43084E+02
   0.43084E+02
   0.43084E+02
   0.44512E+02
   0.44512E+02
   0.44512E+02
   0.44512E+02
   0.44512E+02
   0.42882E+02
   0.42882E+02
   0.42882E+02
   0.42882E+02
   0.42882E+02
   0.44399E+02
   0.44399E+02
   0.44399E+02
   0.44399E+02
   0.44399E+02
   0.44540E+02
   0.44540E+02
   0.44540E+02
   0.44540E+02
   0.44540E+02
   0.43350E+02
   0.43350E+02
   0.43350E+02
   0.43350E+02
   0.43350E+02
   0.43519E+02
   0.43519E+02
   0.43519E+02
   0.43519E+02
   0.43519E+02
   0.42919E+02
   0.42919E+02
   0.42919E+02
   0.42919E+02
   0.42919E+02
   0.43630E+02
   0.43630E+02
   0.43630E+02
   0.43630E+02
   0.43630E+02
   0.43644E+02
   0.43644E+02
   0.43644E+02
   0.43644E+02
   0.43644E+02
   0.43706E+02
   0.43706E+02
   0.43706E+02
   0.43706E+02
   0.43706E+02
   0.43590E+02
   0.43590E+02
   0.43590E+02
   0.43590E+02
   0.43590E+02
   0.43569E+02
   0.43569E+02
   0.43569E+02
   0.43569E+02
   0.43569E+02
   0.43726E+02
   0.43726E+02
   0.43726E+02
   0.43726E+02
   0.43726E+02
   0.43079E+02
   0.43079E+02
   0.43079E+02
   0.43079E+02
   0.43079E+02
   0.43570E+02
   0.43570E+02
   0.43570E+02
   0.43570E+02
   0.43570E+02
   0.44969E+02
   0.44969E+02
   0.44969E+02
   0.44969E+02
   0.44969E+02
   0.44414E+02
   0.44414E+02
   0.44414E+02
   0.44414E+02
   0.44414E+02
   0.43335E+02
   0.43335E+02
   0.43335E+02
   0.43335E+02
   0.43335E+02
   0.44289E+02
   0.44289E+02
   0.44289E+02
   0.44289E+02
   0.44289E+02
   0.43782E+02
   0.43782E+02
   0.43782E+02
   0.43782E+02
   0.43782E+02
   0.44442E+02
   0.44442E+02
   0.44442E+02
   0.44442E+02
   0.44442E+02
   0.43981E+02
   0.43981E+02
   0.43981E+02
   0.43981E+02
   0.43981E+02
   0.42959E+02
   0.42959E+02
   0.42959E+02
   0.42959E+02
   0.42959E+02
   0.43738E+02
   0.43738E+02
   0.43738E+02
   0.43738E+02
   0.43738E+02
   0.43818E+02
   0.43818E+02
   0.43818E+02
   0.43818E+02
   0.43818E+02
   0.43657E+02
   0.43657E+02
   0.43657E+02
   0.43657E+02
   0.43657E+02
   0.43129E+02
   0.43129E+02
   0.43129E+02
   0.43129E+02
   0.43129E+02
   0.43757E+02
   0.43757E+02
   0.43757E+02
   0.43757E+02
   0.43757E+02
   0.42828E+02
   0.42828E+02
   0.42828E+02
   0.42828E+02
   0.42828E+02
   0.43878E+02
   0.43878E+02
   0.43878E+02
   0.43878E+02
   0.43878E+02
   0.43201E+02
   0.43201E+02
   0.43201E+02
   0.43201E+02
   0.43201E+02
   0.43812E+02
   0.43812E+02
   0.43812E+02
   0.43812E+02
   0.43812E+02
   0.43625E+02
   0.43625E+02
   0.43625E+02
   0.43625E+02
   0.43625E+02
   0.43096E+02
   0.43096E+02
   0.43096E+02
   0.43096E+02
   0.43096E+02
   0.44286E+02
   0.44286E+02
   0.44286E+02
   0.44286E+02
   0.44286E+02
   0.44133E+02
   0.44133E+02
   0.44133E+02
   0.44133E+02
   0.44133E+02
   0.44076E+02
   0.44076E+02
   0.44076E+02
   0.44076E+02
   0.44076E+02
   0.44554E+02
   0.44554E+02
   0.44554E+02
   0.44554E+02
   0.44554E+02
   0.44588E+02
   0.44588E+02
   0.44588E+02
   0.44588E+02
   0.44588E+02
   0.43826E+02
   0.43826E+02
   0.43826E+02
   0.43826E+02
   0.43826E+02
   0.43941E+02
   0.43941E+02
   0.43941E+02
   0.43941E+02
   0.43941E+02
   0.44305E+02
   0.44305E+02
   0.44305E+02
   0.44305E+02
   0.44305E+02
   0.44067E+02
   0.44067E+02
   0.44067E+02
   0.44067E+02
   0.44067E+02
   0.43546E+02
   0.43546E+02
   0.43546E+02
   0.43546E+02
   0.43546E+02
   0.43115E+02
   0.43115E+02
   0.43115E+02
   0.43115E+02
   0.43115E+02
   0.43091E+02
   0.43091E+02
   0.43091E+02
   0.43091E+02
   0.43091E+02
   0.43447E+02
   0.43447E+02
   0.43447E+02
   0.43447E+02
   0.43447E+02
   0.43174E+02
   0.43174E+02
   0.43174E+02
   0.43174E+02
   0.43174E+02
   0.43363E+02
   0.43363E+02
   0.43363E+02
   0.43363E+02
   0.43363E+02
   0.43712E+02
   0.43712E+02
   0.43712E+02
   0.43712E+02
   0.43712E+02
   0.43295E+02
   0.43295E+02
   0.43295E+02
   0.43295E+02
   0.43295E+02
   0.43929E+02
   0.43929E+02
   0.43929E+02
   0.43929E+02
   0.43929E+02
   0.44238E+02
   0.44238E+02
   0.44238E+02
   0.44238E+02
   0.44238E+02
   0.43586E+02
   0.43586E+02
   0.43586E+02
   0.43586E+02
   0.43586E+02
   0.44827E+02
   0.44827E+02
   0.44827E+02
   0.44827E+02
   0.44827E+02
   0.43883E+02
   0.43883E+02
   0.43883E+02
   0.43883E+02
   0.43883E+02
   0.43626E+02
   0.43626E+02
   0.43626E+02
   0.43626E+02
   0.43626E+02
   0.44913E+02
   0.44913E+02
   0.44913E+02
   0.44913E+02
   0.44913E+02
   0.43528E+02
   0.43528E+02
   0.43528E+02
   0.43528E+02
   0.43528E+02
   0.44270E+02
   0.44270E+02
   0.44270E+02
   0.44270E+02
   0.44270E+02
   0.43507E+02
   0.43507E+02
   0.43507E+02
   0.43507E+02
   0.43507E+02
   0.43603E+02
   0.43603E+02
   0.43603E+02
   0.43603E+02
   0.43603E+02
   0.43954E+02
   0.43954E+02
   0.43954E+02
   0.43954E+02
   0.43954E+02
   0.44660E+02
   0.44660E+02
   0.44660E+02
   0.44660E+02
   0.44660E+02
   0.44252E+02
   0.44252E+02
   0.44252E+02
   0.44252E+02
   0.44252E+02
   0.42895E+02
   0.42895E+02
   0.42895E+02
   0.42895E+02
   0.42895E+02
   0.43767E+02
   0.43767E+02
   0.43767E+02
   0.43767E+02
   0.43767E+02
   0.43871E+02
   0.43871E+02
   0.43871E+02
   0.43871E+02
   0.43871E+02
   0.43593E+02
   0.43593E+02
   0.43593E+02
   0.43593E+02
   0.43593E+02
   0.43657E+02
   0.43657E+02
   0.43657E+02
   0.43657E+02
   0.43657E+02
   0.43654E+02
   0.43654E+02
   0.43654E+02
   0.43654E+02
   0.43654E+02
   0.43729E+02
   0.43729E+02
   0.43729E+02
   0.43729E+02
   0.43729E+02
   0.43755E+02
   0.43755E+02
   0.43755E+02
   0.43755E+02
   0.43755E+02
   0.43962E+02
   0.43962E+02
   0.43962E+02
   0.43962E+02
   0.43962E+02
   0.43241E+02
   0.43241E+02
   0.43241E+02
   0.43241E+02
   0.43241E+02
   0.44628E+02
   0.44628E+02
   0.44628E+02
   0.44628E+02
   0.44628E+02
   0.44351E+02
   0.44351E+02
   0.44351E+02
   0.44351E+02
   0.44351E+02
   0.43749E+02
   0.43749E+02
   0.43749E+02
   0.43749E+02
   0.43749E+02
   0.44092E+02
   0.44092E+02
   0.44092E+02
   0.44092E+02
   0.44092E+02
   0.43526E+02
   0.43526E+02
   0.43526E+02
   0.43526E+02
   0.43526E+02
   0.43839E+02
   0.43839E+02
   0.43839E+02
   0.43839E+02
   0.43839E+02
   0.44117E+02
   0.44117E+02
   0.44117E+02
   0.44117E+02
   0.44117E+02
   0.43819E+02
   0.43819E+02
   0.43819E+02
   0.43819E+02
   0.43819E+02
   0.43835E+02
   0.43835E+02
   0.43835E+02
   0.43835E+02
   0.43835E+02
   0.43993E+02
   0.43993E+02
   0.43993E+02
   0.43993E+02
   0.43993E+02
   0.43439E+02
   0.43439E+02
   0.43439E+02
   0.43439E+02
   0.43439E+02
   0.44627E+02
   0.44627E+02
   0.44627E+02
   0.44627E+02
   0.44627E+02
   0.43622E+02
   0.43622E+02
   0.43622E+02
   0.43622E+02
   0.43622E+02
   0.43540E+02
   0.43540E+02
   0.43540E+02
   0.43540E+02
   0.43540E+02
   0.43738E+02
   0.43738E+02
   0.43738E+02
   0.43738E+02
   0.43738E+02
   0.43348E+02
   0.43348E+02
   0.43348E+02
   0.43348E+02
   0.43348E+02
   0.44308E+02
   0.44308E+02
   0.44308E+02
   0.44308E+02
   0.44308E+02
   0.43641E+02
   0.43641E+02
   0.43641E+02
   0.43641E+02
   0.43641E+02
   0.44212E+02
   0.44212E+02
   0.44212E+02
   0.44212E+02
   0.44212E+02
   0.43076E+02
   0.43076E+02
   0.43076E+02
   0.43076E+02
   0.43076E+02
   0.44393E+02
   0.44393E+02
   0.44393E+02
   0.44393E+02
   0.44393E+02
   0.43688E+02
   0.43688E+02
   0.43688E+02
   0.43688E+02
   0.43688E+02
   0.44159E+02
   0.44159E+02
   0.44159E+02
   0.44159E+02
   0.44159E+02
   0.44476E+02
   0.44476E+02
   0.44476E+02
   0.44476E+02
   0.44476E+02
   0.44241E+02
   0.44241E+02
   0.44241E+02
   0.44241E+02
   0.44241E+02
   0.44054E+02
   0.44054E+02
   0.44054E+02
   0.44054E+02
   0.44054E+02
   0.43549E+02
   0.43549E+02
   0.43549E+02
   0.43549E+02
   0.43549E+02
   0.44516E+02
   0.44516E+02
   0.44516E+02
   0.44516E+02
   0.44516E+02
   0.44892E+02
   0.44892E+02
   0.44892E+02
   0.44892E+02
   0.44892E+02
   0.43305E+02
   0.43305E+02
   0.43305E+02
   0.43305E+02
   0.43305E+02
   0.43905E+02
   0.43905E+02
   0.43905E+02
   0.43905E+02
   0.43905E+02
   0.44490E+02
   0.44490E+02
   0.44490E+02
   0.44490E+02
   0.44490E+02
   0.44024E+02
   0.44024E+02
   0.44024E+02
   0.44024E+02
   0.44024E+02
   0.43330E+02
   0.43330E+02
   0.43330E+02
   0.43330E+02
   0.43330E+02
   0.44021E+02
   0.44021E+02
   0.44021E+02
   0.44021E+02
   0.44021E+02
   0.43462E+02
   0.43462E+02
   0.43462E+02
   0.43462E+02
   0.43462E+02
   0.44107E+02
   0.44107E+02
   0.44107E+02
   0.44107E+02
   0.44107E+02
   0.43551E+02
   0.43551E+02
   0.43551E+02
   0.43551E+02
   0.43551E+02
   0.44484E+02
   0.44484E+02
   0.44484E+02
   0.44484E+02
   0.44484E+02
   0.43057E+02
   0.43057E+02
   0.43057E+02
   0.43057E+02
   0.43057E+02
   0.44352E+02
   0.44352E+02
   0.44352E+02
   0.44352E+02
   0.44352E+02
   0.43751E+02
   0.43751E+02
   0.43751E+02
   0.43751E+02
   0.43751E+02
   0.44656E+02
   0.44656E+02
   0.44656E+02
   0.44656E+02
   0.44656E+02
   0.44012E+02
   0.44012E+02
   0.44012E+02
   0.44012E+02
   0.44012E+02
   0.44867E+02
   0.44867E+02
   0.44867E+02
   0.44867E+02
   0.44867E+02
   0.44342E+02
   0.44342E+02
   0.44342E+02
   0.44342E+02
   0.44342E+02
   0.44573E+02
   0.44573E+02
   0.44573E+02
   0.44573E+02
   0.44573E+02
   0.44469E+02
   0.44469E+02
   0.44469E+02
   0.44469E+02
   0.44469E+02
   0.44502E+02
   0.44502E+02
   0.44502E+02
   0.44502E+02
   0.44502E+02
   0.45470E+02
   0.45470E+02
   0.45470E+02
   0.45470E+02
   0.45470E+02
   0.45106E+02
   0.45106E+02
   0.45106E+02
   0.45106E+02
   0.45106E+02
   0.44078E+02
   0.44078E+02
   0.44078E+02
   0.44078E+02
   0.44078E+02
   0.43582E+02
   0.43582E+02
   0.43582E+02
   0.43582E+02
   0.43582E+02
   0.44019E+02
   0.44019E+02
   0.44019E+02
   0.44019E+02
   0.44019E+02
   0.44188E+02
   0.44188E+02
   0.44188E+02
   0.44188E+02
   0.44188E+02
   0.43685E+02
   0.43685E+02
   0.43685E+02
   0.43685E+02
   0.43685E+02
   0.43974E+02
   0.43974E+02
   0.43974E+02
   0.43974E+02
   0.43974E+02
   0.43840E+02
   0.43840E+02
   0.43840E+02
   0.43840E+02
   0.43840E+02
   0.43865E+02
   0.43865E+02
   0.43865E+02
   0.43865E+02
   0.43865E+02
   0.43495E+02
   0.43495E+02
   0.43495E+02
   0.43495E+02
   0.43495E+02
   0.44537E+02
   0.44537E+02
   0.44537E+02
   0.44537E+02
   0.44537E+02
   0.44086E+02
   0.44086E+02
   0.44086E+02
   0.44086E+02
   0.44086E+02
   0.43744E+02
   0.43744E+02
   0.43744E+02
   0.43744E+02
   0.43744E+02
   0.43479E+02
   0.43479E+02
   0.43479E+02
   0.43479E+02
   0.43479E+02
   0.43886E+02
   0.43886E+02
   0.43886E+02
   0.43886E+02
   0.43886E+02
   0.44154E+02
   0.44154E+02
   0.44154E+02
   0.44154E+02
   0.44154E+02
   0.43119E+02
   0.43119E+02
   0.43119E+02
   0.43119E+02
   0.43119E+02
   0.43201E+02
   0.43201E+02
   0.43201E+02
   0.43201E+02
   0.43201E+02
   0.43381E+02
   0.43381E+02
   0.43381E+02
   0.43381E+02
   0.43381E+02
   0.43949E+02
   0.43949E+02
   0.43949E+02
   0.43949E+02
   0.43949E+02
   0.44657E+02
   0.44657E+02
   0.44657E+02
   0.44657E+02
   0.44657E+02
   0.44730E+02
   0.44730E+02
   0.44730E+02
   0.44730E+02
   0.44730E+02
   0.44374E+02
   0.44374E+02
   0.44374E+02
   0.44374E+02
   0.44374E+02
   0.43856E+02
   0.43856E+02
   0.43856E+02
   0.43856E+02
   0.43856E+02
   0.44405E+02
   0.44405E+02
   0.44405E+02
   0.44405E+02
   0.44405E+02
   0.43769E+02
   0.43769E+02
   0.43769E+02
   0.43769E+02
   0.43769E+02
   0.43765E+02
   0.43765E+02
   0.43765E+02
   0.43765E+02
   0.43765E+02
   0.43669E+02
   0.43669E+02
   0.43669E+02
   0.43669E+02
   0.43669E+02
   0.43098E+02
   0.43098E+02
   0.43098E+02
   0.43098E+02
   0.43098E+02
   0.43657E+02
   0.43657E+02
   0.43657E+02
   0.43657E+02
   0.43657E+02
   0.43740E+02
   0.43740E+02
   0.43740E+02
   0.43740E+02
   0.43740E+02
   0.44301E+02
   0.44301E+02
   0.44301E+02
   0.44301E+02
   0.44301E+02
   0.44168E+02
   0.44168E+02
   0.44168E+02
   0.44168E+02
   0.44168E+02
   0.44474E+02
   0.44474E+02
   0.44474E+02
   0.44474E+02
   0.44474E+02
   0.43926E+02
   0.43926E+02
   0.43926E+02
   0.43926E+02
   0.43926E+02
   0.44219E+02
   0.44219E+02
   0.44219E+02
   0.44219E+02
   0.44219E+02
   0.43742E+02
   0.43742E+02
   0.43742E+02
   0.43742E+02
   0.43742E+02
   0.44479E+02
   0.44479E+02
   0.44479E+02
   0.44479E+02
   0.44479E+02
   0.45743E+02
   0.45743E+02
   0.45743E+02
   0.45743E+02
   0.45743E+02
   0.43746E+02
   0.43746E+02
   0.43746E+02
   0.43746E+02
   0.43746E+02
   0.43314E+02
   0.43314E+02
   0.43314E+02
   0.43314E+02
   0.43314E+02
   0.43522E+02
   0.43522E+02
   0.43522E+02
   0.43522E+02
   0.43522E+02
   0.43413E+02
   0.43413E+02
   0.43413E+02
   0.43413E+02
   0.43413E+02
   0.44277E+02
   0.44277E+02
   0.44277E+02
   0.44277E+02
   0.44277E+02
   0.43956E+02
   0.43956E+02
   0.43956E+02
   0.43956E+02
   0.43956E+02
   0.43493E+02
   0.43493E+02
   0.43493E+02
   0.43493E+02
   0.43493E+02
   0.43385E+02
   0.43385E+02
   0.43385E+02
   0.43385E+02
   0.43385E+02
   0.44092E+02
   0.44092E+02
   0.44092E+02
   0.44092E+02
   0.44092E+02
   0.43945E+02
   0.43945E+02
   0.43945E+02
   0.43945E+02
   0.43945E+02
   0.43018E+02
   0.43018E+02
   0.43018E+02
   0.43018E+02
   0.43018E+02
   0.42942E+02
   0.42942E+02
   0.42942E+02
   0.42942E+02
   0.42942E+02
   0.44075E+02
   0.44075E+02
   0.44075E+02
   0.44075E+02
   0.44075E+02
   0.44293E+02
   0.44293E+02
   0.44293E+02
   0.44293E+02
   0.44293E+02
   0.44900E+02
   0.44900E+02
   0.44900E+02
   0.44900E+02
   0.44900E+02
   0.43752E+02
   0.43752E+02
   0.43752E+02
   0.43752E+02
   0.43752E+02
   0.43622E+02
   0.43622E+02
   0.43622E+02
   0.43622E+02
   0.43622E+02
   0.43036E+02
   0.43036E+02
   0.43036E+02
   0.43036E+02
   0.43036E+02
   0.44446E+02
   0.44446E+02
   0.44446E+02
   0.44446E+02
   0.44446E+02
   0.43256E+02
   0.43256E+02
   0.43256E+02
   0.43256E+02
   0.43256E+02
   0.43857E+02
   0.43857E+02
   0.43857E+02
   0.43857E+02
   0.43857E+02
   0.44026E+02
   0.44026E+02
   0.44026E+02
   0.44026E+02
   0.44026E+02
   0.43849E+02
   0.43849E+02
   0.43849E+02
   0.43849E+02
   0.43849E+02
   0.44119E+02
   0.44119E+02
   0.44119E+02
   0.44119E+02
   0.44119E+02
   0.43526E+02
   0.43526E+02
   0.43526E+02
   0.43526E+02
   0.43526E+02
   0.43750E+02
   0.43750E+02
   0.43750E+02
   0.43750E+02
   0.43750E+02
   0.44483E+02
   0.44483E+02
   0.44483E+02
   0.44483E+02
   0.44483E+02
   0.44089E+02
   0.44089E+02
   0.44089E+02
   0.44089E+02
   0.44089E+02
   0.43262E+02
   0.43262E+02
   0.43262E+02
   0.43262E+02
   0.43262E+02
   0.43879E+02
   0.43879E+02
   0.43879E+02
   0.43879E+02
   0.43879E+02
   0.43207E+02
   0.43207E+02
   0.43207E+02
   0.43207E+02
   0.43207E+02
   0.43135E+02
   0.43135E+02
   0.43135E+02
   0.43135E+02
   0.43135E+02
   0.43716E+02
   0.43716E+02
   0.43716E+02
   0.43716E+02
   0.43716E+02
   0.43014E+02
   0.43014E+02
   0.43014E+02
   0.43014E+02
   0.43014E+02
   0.43462E+02
   0.43462E+02
   0.43462E+02
   0.43462E+02
   0.43462E+02
   0.44063E+02
   0.44063E+02
   0.44063E+02
   0.44063E+02
   0.44063E+02
   0.43224E+02
   0.43224E+02
   0.43224E+02
   0.43224E+02
   0.43224E+02
   0.44097E+02
   0.44097E+02
   0.44097E+02
   0.44097E+02
   0.44097E+02
   0.44104E+02
   0.44104E+02
   0.44104E+02
   0.44104E+02
   0.44104E+02
   0.43370E+02
   0.43370E+02
   0.43370E+02
   0.43370E+02
   0.43370E+02
   0.44444E+02
   0.44444E+02
   0.44444E+02
   0.44444E+02
   0.44444E+02
   0.44010E+02
   0.44010E+02
   0.44010E+02
   0.44010E+02
   0.44010E+02
   0.44333E+02
   0.44333E+02
   0.44333E+02
   0.44333E+02
   0.44333E+02
   0.44169E+02
   0.44169E+02
   0.44169E+02
   0.44169E+02
   0.44169E+02
   0.44560E+02
   0.44560E+02
   0.44560E+02
   0.44560E+02
   0.44560E+02
   0.44818E+02
   0.44818E+02
   0.44818E+02
   0.44818E+02
   0.44818E+02
   0.44389E+02
   0.44389E+02
   0.44389E+02
   0.44389E+02
   0.44389E+02
   0.43857E+02
   0.43857E+02
   0.43857E+02
   0.43857E+02
   0.43857E+02
   0.44274E+02
   0.44274E+02
   0.44274E+02
   0.44274E+02
   0.44274E+02
   0.44213E+02
   0.44213E+02
   0.44213E+02
   0.44213E+02
   0.44213E+02
   0.44446E+02
   0.44446E+02
   0.44446E+02
   0.44446E+02
   0.44446E+02
   0.42896E+02
   0.42896E+02
   0.42896E+02
   0.42896E+02
   0.42896E+02
   0.44217E+02
   0.44217E+02
   0.44217E+02
   0.44217E+02
   0.44217E+02
   0.44410E+02
   0.44410E+02
   0.44410E+02
   0.44410E+02
   0.44410E+02
   0.43211E+02
   0.43211E+02
   0.43211E+02
   0.43211E+02
   0.43211E+02
   0.43161E+02
   0.43161E+02
   0.43161E+02
   0.43161E+02
   0.43161E+02
   0.43580E+02
   0.43580E+02
   0.43580E+02
   0.43580E+02
   0.43580E+02
   0.44073E+02
   0.44073E+02
   0.44073E+02
   0.44073E+02
   0.44073E+02
   0.43520E+02
   0.43520E+02
   0.43520E+02
   0.43520E+02
   0.43520E+02
   0.44031E+02
   0.44031E+02
   0.44031E+02
   0.44031E+02
   0.44031E+02
   0.43853E+02
   0.43853E+02
   0.43853E+02
   0.43853E+02
   0.43853E+02
   0.43118E+02
   0.43118E+02
   0.43118E+02
   0.43118E+02
   0.43118E+02
   0.44287E+02
   0.44287E+02
   0.44287E+02
   0.44287E+02
   0.44287E+02
   0.44859E+02
   0.44859E+02
   0.44859E+02
   0.44859E+02
   0.44859E+02
   0.44170E+02
   0.44170E+02
   0.44170E+02
   0.44170E+02
   0.44170E+02
   0.44101E+02
   0.44101E+02
   0.44101E+02
   0.44101E+02
   0.44101E+02
   0.43993E+02
   0.43993E+02
   0.43993E+02
   0.43993E+02
   0.43993E+02
   0.44324E+02
   0.44324E+02
   0.44324E+02
   0.44324E+02
   0.44324E+02
