   0.43828E+02
   0.43828E+02
   0.43828E+02
   0.43828E+02
   0.43828E+02
   0.43922E+02
   0.43922E+02
   0.43922E+02
   0.43922E+02
   0.43922E+02
   0.43989E+02
   0.43989E+02
   0.43989E+02
   0.43989E+02
   0.43989E+02
   0.43262E+02
   0.43262E+02
   0.43262E+02
   0.43262E+02
   0.43262E+02
   0.43763E+02
   0.43763E+02
   0.43763E+02
   0.43763E+02
   0.43763E+02
   0.45492E+02
   0.45492E+02
   0.45492E+02
   0.45492E+02
   0.45492E+02
   0.44409E+02
   0.44409E+02
   0.44409E+02
   0.44409E+02
   0.44409E+02
   0.44666E+02
   0.44666E+02
   0.44666E+02
   0.44666E+02
   0.44666E+02
   0.45200E+02
   0.45200E+02
   0.45200E+02
   0.45200E+02
   0.45200E+02
   0.43529E+02
   0.43529E+02
   0.43529E+02
   0.43529E+02
   0.43529E+02
   0.42890E+02
   0.42890E+02
   0.42890E+02
   0.42890E+02
   0.42890E+02
   0.44052E+02
   0.44052E+02
   0.44052E+02
   0.44052E+02
   0.44052E+02
   0.43484E+02
   0.43484E+02
   0.43484E+02
   0.43484E+02
   0.43484E+02
   0.44070E+02
   0.44070E+02
   0.44070E+02
   0.44070E+02
   0.44070E+02
   0.43337E+02
   0.43337E+02
   0.43337E+02
   0.43337E+02
   0.43337E+02
   0.44764E+02
   0.44764E+02
   0.44764E+02
   0.44764E+02
   0.44764E+02
   0.43227E+02
   0.43227E+02
   0.43227E+02
   0.43227E+02
   0.43227E+02
   0.42989E+02
   0.42989E+02
   0.42989E+02
   0.42989E+02
   0.42989E+02
   0.44314E+02
   0.44314E+02
   0.44314E+02
   0.44314E+02
   0.44314E+02
   0.44001E+02
   0.44001E+02
   0.44001E+02
   0.44001E+02
   0.44001E+02
   0.44467E+02
   0.44467E+02
   0.44467E+02
   0.44467E+02
   0.44467E+02
   0.44900E+02
   0.44900E+02
   0.44900E+02
   0.44900E+02
   0.44900E+02
   0.44039E+02
   0.44039E+02
   0.44039E+02
   0.44039E+02
   0.44039E+02
   0.43931E+02
   0.43931E+02
   0.43931E+02
   0.43931E+02
   0.43931E+02
   0.43756E+02
   0.43756E+02
   0.43756E+02
   0.43756E+02
   0.43756E+02
   0.42838E+02
   0.42838E+02
   0.42838E+02
   0.42838E+02
   0.42838E+02
   0.43166E+02
   0.43166E+02
   0.43166E+02
   0.43166E+02
   0.43166E+02
   0.44470E+02
   0.44470E+02
   0.44470E+02
   0.44470E+02
   0.44470E+02
   0.43576E+02
   0.43576E+02
   0.43576E+02
   0.43576E+02
   0.43576E+02
   0.42963E+02
   0.42963E+02
   0.42963E+02
   0.42963E+02
   0.42963E+02
   0.43806E+02
   0.43806E+02
   0.43806E+02
   0.43806E+02
   0.43806E+02
   0.44585E+02
   0.44585E+02
   0.44585E+02
   0.44585E+02
   0.44585E+02
   0.44366E+02
   0.44366E+02
   0.44366E+02
   0.44366E+02
   0.44366E+02
   0.43282E+02
   0.43282E+02
   0.43282E+02
   0.43282E+02
   0.43282E+02
   0.43775E+02
   0.43775E+02
   0.43775E+02
   0.43775E+02
   0.43775E+02
   0.44128E+02
   0.44128E+02
   0.44128E+02
   0.44128E+02
   0.44128E+02
   0.44209E+02
   0.44209E+02
   0.44209E+02
   0.44209E+02
   0.44209E+02
   0.43605E+02
   0.43605E+02
   0.43605E+02
   0.43605E+02
   0.43605E+02
   0.43247E+02
   0.43247E+02
   0.43247E+02
   0.43247E+02
   0.43247E+02
   0.44803E+02
   0.44803E+02
   0.44803E+02
   0.44803E+02
   0.44803E+02
   0.44261E+02
   0.44261E+02
   0.44261E+02
   0.44261E+02
   0.44261E+02
   0.44215E+02
   0.44215E+02
   0.44215E+02
   0.44215E+02
   0.44215E+02
   0.44290E+02
   0.44290E+02
   0.44290E+02
   0.44290E+02
   0.44290E+02
   0.43972E+02
   0.43972E+02
   0.43972E+02
   0.43972E+02
   0.43972E+02
   0.43733E+02
   0.43733E+02
   0.43733E+02
   0.43733E+02
   0.43733E+02
   0.43338E+02
   0.43338E+02
   0.43338E+02
   0.43338E+02
   0.43338E+02
   0.43249E+02
   0.43249E+02
   0.43249E+02
   0.43249E+02
   0.43249E+02
   0.44073E+02
   0.44073E+02
   0.44073E+02
   0.44073E+02
   0.44073E+02
   0.44516E+02
   0.44516E+02
   0.44516E+02
   0.44516E+02
   0.44516E+02
   0.43460E+02
   0.43460E+02
   0.43460E+02
   0.43460E+02
   0.43460E+02
   0.43624E+02
   0.43624E+02
   0.43624E+02
   0.43624E+02
   0.43624E+02
   0.43326E+02
   0.43326E+02
   0.43326E+02
   0.43326E+02
   0.43326E+02
   0.43788E+02
   0.43788E+02
   0.43788E+02
   0.43788E+02
   0.43788E+02
   0.43523E+02
   0.43523E+02
   0.43523E+02
   0.43523E+02
   0.43523E+02
   0.43073E+02
   0.43073E+02
   0.43073E+02
   0.43073E+02
   0.43073E+02
   0.44714E+02
   0.44714E+02
   0.44714E+02
   0.44714E+02
   0.44714E+02
   0.43936E+02
   0.43936E+02
   0.43936E+02
   0.43936E+02
   0.43936E+02
   0.43539E+02
   0.43539E+02
   0.43539E+02
   0.43539E+02
   0.43539E+02
   0.44564E+02
   0.44564E+02
   0.44564E+02
   0.44564E+02
   0.44564E+02
   0.44058E+02
   0.44058E+02
   0.44058E+02
   0.44058E+02
   0.44058E+02
   0.43962E+02
   0.43962E+02
   0.43962E+02
   0.43962E+02
   0.43962E+02
   0.43460E+02
   0.43460E+02
   0.43460E+02
   0.43460E+02
   0.43460E+02
   0.44155E+02
   0.44155E+02
   0.44155E+02
   0.44155E+02
   0.44155E+02
   0.44637E+02
   0.44637E+02
   0.44637E+02
   0.44637E+02
   0.44637E+02
   0.43802E+02
   0.43802E+02
   0.43802E+02
   0.43802E+02
   0.43802E+02
   0.43699E+02
   0.43699E+02
   0.43699E+02
   0.43699E+02
   0.43699E+02
   0.43591E+02
   0.43591E+02
   0.43591E+02
   0.43591E+02
   0.43591E+02
   0.44111E+02
   0.44111E+02
   0.44111E+02
   0.44111E+02
   0.44111E+02
   0.43231E+02
   0.43231E+02
   0.43231E+02
   0.43231E+02
   0.43231E+02
   0.43256E+02
   0.43256E+02
   0.43256E+02
   0.43256E+02
   0.43256E+02
   0.43843E+02
   0.43843E+02
   0.43843E+02
   0.43843E+02
   0.43843E+02
   0.43991E+02
   0.43991E+02
   0.43991E+02
   0.43991E+02
   0.43991E+02
   0.43910E+02
   0.43910E+02
   0.43910E+02
   0.43910E+02
   0.43910E+02
   0.43785E+02
   0.43785E+02
   0.43785E+02
   0.43785E+02
   0.43785E+02
   0.43355E+02
   0.43355E+02
   0.43355E+02
   0.43355E+02
   0.43355E+02
   0.43732E+02
   0.43732E+02
   0.43732E+02
   0.43732E+02
   0.43732E+02
   0.44417E+02
   0.44417E+02
   0.44417E+02
   0.44417E+02
   0.44417E+02
   0.43159E+02
   0.43159E+02
   0.43159E+02
   0.43159E+02
   0.43159E+02
   0.43404E+02
   0.43404E+02
   0.43404E+02
   0.43404E+02
   0.43404E+02
   0.43037E+02
   0.43037E+02
   0.43037E+02
   0.43037E+02
   0.43037E+02
   0.44182E+02
   0.44182E+02
   0.44182E+02
   0.44182E+02
   0.44182E+02
   0.44102E+02
   0.44102E+02
   0.44102E+02
   0.44102E+02
   0.44102E+02
   0.43589E+02
   0.43589E+02
   0.43589E+02
   0.43589E+02
   0.43589E+02
   0.44163E+02
   0.44163E+02
   0.44163E+02
   0.44163E+02
   0.44163E+02
   0.42884E+02
   0.42884E+02
   0.42884E+02
   0.42884E+02
   0.42884E+02
   0.44389E+02
   0.44389E+02
   0.44389E+02
   0.44389E+02
   0.44389E+02
   0.42889E+02
   0.42889E+02
   0.42889E+02
   0.42889E+02
   0.42889E+02
   0.43217E+02
   0.43217E+02
   0.43217E+02
   0.43217E+02
   0.43217E+02
   0.44020E+02
   0.44020E+02
   0.44020E+02
   0.44020E+02
   0.44020E+02
   0.44189E+02
   0.44189E+02
   0.44189E+02
   0.44189E+02
   0.44189E+02
   0.43182E+02
   0.43182E+02
   0.43182E+02
   0.43182E+02
   0.43182E+02
   0.44375E+02
   0.44375E+02
   0.44375E+02
   0.44375E+02
   0.44375E+02
   0.43833E+02
   0.43833E+02
   0.43833E+02
   0.43833E+02
   0.43833E+02
   0.43756E+02
   0.43756E+02
   0.43756E+02
   0.43756E+02
   0.43756E+02
   0.43964E+02
   0.43964E+02
   0.43964E+02
   0.43964E+02
   0.43964E+02
   0.44141E+02
   0.44141E+02
   0.44141E+02
   0.44141E+02
   0.44141E+02
   0.43498E+02
   0.43498E+02
   0.43498E+02
   0.43498E+02
   0.43498E+02
   0.44135E+02
   0.44135E+02
   0.44135E+02
   0.44135E+02
   0.44135E+02
   0.43075E+02
   0.43075E+02
   0.43075E+02
   0.43075E+02
   0.43075E+02
   0.43541E+02
   0.43541E+02
   0.43541E+02
   0.43541E+02
   0.43541E+02
   0.44076E+02
   0.44076E+02
   0.44076E+02
   0.44076E+02
   0.44076E+02
   0.44059E+02
   0.44059E+02
   0.44059E+02
   0.44059E+02
   0.44059E+02
   0.44184E+02
   0.44184E+02
   0.44184E+02
   0.44184E+02
   0.44184E+02
   0.44284E+02
   0.44284E+02
   0.44284E+02
   0.44284E+02
   0.44284E+02
   0.43428E+02
   0.43428E+02
   0.43428E+02
   0.43428E+02
   0.43428E+02
   0.43902E+02
   0.43902E+02
   0.43902E+02
   0.43902E+02
   0.43902E+02
   0.44539E+02
   0.44539E+02
   0.44539E+02
   0.44539E+02
   0.44539E+02
   0.44239E+02
   0.44239E+02
   0.44239E+02
   0.44239E+02
   0.44239E+02
   0.43619E+02
   0.43619E+02
   0.43619E+02
   0.43619E+02
   0.43619E+02
   0.43922E+02
   0.43922E+02
   0.43922E+02
   0.43922E+02
   0.43922E+02
   0.43016E+02
   0.43016E+02
   0.43016E+02
   0.43016E+02
   0.43016E+02
   0.44139E+02
   0.44139E+02
   0.44139E+02
   0.44139E+02
   0.44139E+02
   0.43946E+02
   0.43946E+02
   0.43946E+02
   0.43946E+02
   0.43946E+02
   0.43910E+02
   0.43910E+02
   0.43910E+02
   0.43910E+02
   0.43910E+02
   0.44776E+02
   0.44776E+02
   0.44776E+02
   0.44776E+02
   0.44776E+02
   0.43525E+02
   0.43525E+02
   0.43525E+02
   0.43525E+02
   0.43525E+02
   0.42822E+02
   0.42822E+02
   0.42822E+02
   0.42822E+02
   0.42822E+02
   0.43569E+02
   0.43569E+02
   0.43569E+02
   0.43569E+02
   0.43569E+02
   0.44177E+02
   0.44177E+02
   0.44177E+02
   0.44177E+02
   0.44177E+02
   0.44520E+02
   0.44520E+02
   0.44520E+02
   0.44520E+02
   0.44520E+02
   0.44223E+02
   0.44223E+02
   0.44223E+02
   0.44223E+02
   0.44223E+02
   0.43875E+02
   0.43875E+02
   0.43875E+02
   0.43875E+02
   0.43875E+02
   0.43660E+02
   0.43660E+02
   0.43660E+02
   0.43660E+02
   0.43660E+02
   0.45017E+02
   0.45017E+02
   0.45017E+02
   0.45017E+02
   0.45017E+02
   0.44470E+02
   0.44470E+02
   0.44470E+02
   0.44470E+02
   0.44470E+02
   0.44128E+02
   0.44128E+02
   0.44128E+02
   0.44128E+02
   0.44128E+02
   0.43924E+02
   0.43924E+02
   0.43924E+02
   0.43924E+02
   0.43924E+02
   0.43874E+02
   0.43874E+02
   0.43874E+02
   0.43874E+02
   0.43874E+02
   0.44353E+02
   0.44353E+02
   0.44353E+02
   0.44353E+02
   0.44353E+02
   0.43197E+02
   0.43197E+02
   0.43197E+02
   0.43197E+02
   0.43197E+02
   0.44988E+02
   0.44988E+02
   0.44988E+02
   0.44988E+02
   0.44988E+02
   0.43497E+02
   0.43497E+02
   0.43497E+02
   0.43497E+02
   0.43497E+02
   0.43399E+02
   0.43399E+02
   0.43399E+02
   0.43399E+02
   0.43399E+02
   0.44780E+02
   0.44780E+02
   0.44780E+02
   0.44780E+02
   0.44780E+02
   0.44676E+02
   0.44676E+02
   0.44676E+02
   0.44676E+02
   0.44676E+02
   0.42883E+02
   0.42883E+02
   0.42883E+02
   0.42883E+02
   0.42883E+02
   0.44623E+02
   0.44623E+02
   0.44623E+02
   0.44623E+02
   0.44623E+02
   0.42934E+02
   0.42934E+02
   0.42934E+02
   0.42934E+02
   0.42934E+02
   0.44279E+02
   0.44279E+02
   0.44279E+02
   0.44279E+02
   0.44279E+02
   0.42794E+02
   0.42794E+02
   0.42794E+02
   0.42794E+02
   0.42794E+02
   0.44305E+02
   0.44305E+02
   0.44305E+02
   0.44305E+02
   0.44305E+02
   0.43671E+02
   0.43671E+02
   0.43671E+02
   0.43671E+02
   0.43671E+02
   0.44345E+02
   0.44345E+02
   0.44345E+02
   0.44345E+02
   0.44345E+02
   0.43941E+02
   0.43941E+02
   0.43941E+02
   0.43941E+02
   0.43941E+02
   0.44566E+02
   0.44566E+02
   0.44566E+02
   0.44566E+02
   0.44566E+02
   0.44068E+02
   0.44068E+02
   0.44068E+02
   0.44068E+02
   0.44068E+02
   0.44011E+02
   0.44011E+02
   0.44011E+02
   0.44011E+02
   0.44011E+02
   0.43822E+02
   0.43822E+02
   0.43822E+02
   0.43822E+02
   0.43822E+02
   0.44058E+02
   0.44058E+02
   0.44058E+02
   0.44058E+02
   0.44058E+02
   0.43267E+02
   0.43267E+02
   0.43267E+02
   0.43267E+02
   0.43267E+02
   0.43164E+02
   0.43164E+02
   0.43164E+02
   0.43164E+02
   0.43164E+02
   0.43084E+02
   0.43084E+02
   0.43084E+02
   0.43084E+02
   0.43084E+02
   0.44512E+02
   0.44512E+02
   0.44512E+02
   0.44512E+02
   0.44512E+02
   0.42882E+02
   0.42882E+02
   0.42882E+02
   0.42882E+02
   0.42882E+02
   0.44399E+02
   0.44399E+02
   0.44399E+02
   0.44399E+02
   0.44399E+02
   0.44540E+02
   0.44540E+02
   0.44540E+02
   0.44540E+02
   0.44540E+02
   0.43350E+02
   0.43350E+02
   0.43350E+02
   0.43350E+02
   0.43350E+02
   0.43519E+02
   0.43519E+02
   0.43519E+02
   0.43519E+02
   0.43519E+02
   0.42919E+02
   0.42919E+02
   0.42919E+02
   0.42919E+02
   0.42919E+02
   0.43630E+02
   0.43630E+02
   0.43630E+02
   0.43630E+02
   0.43630E+02
   0.43644E+02
   0.43644E+02
   0.43644E+02
   0.43644E+02
   0.43644E+02
   0.43707E+02
   0.43707E+02
   0.43707E+02
   0.43707E+02
   0.43707E+02
   0.43644E+02
   0.43644E+02
   0.43644E+02
   0.43644E+02
   0.43644E+02
   0.43745E+02
   0.43745E+02
   0.43745E+02
   0.43745E+02
   0.43745E+02
   0.44019E+02
   0.44019E+02
   0.44019E+02
   0.44019E+02
   0.44019E+02
   0.43390E+02
   0.43390E+02
   0.43390E+02
   0.43390E+02
   0.43390E+02
   0.43799E+02
   0.43799E+02
   0.43799E+02
   0.43799E+02
   0.43799E+02
   0.45039E+02
   0.45039E+02
   0.45039E+02
   0.45039E+02
   0.45039E+02
   0.44284E+02
   0.44284E+02
   0.44284E+02
   0.44284E+02
   0.44284E+02
   0.43043E+02
   0.43043E+02
   0.43043E+02
   0.43043E+02
   0.43043E+02
   0.43887E+02
   0.43887E+02
   0.43887E+02
   0.43887E+02
   0.43887E+02
   0.43330E+02
   0.43330E+02
   0.43330E+02
   0.43330E+02
   0.43330E+02
   0.44014E+02
   0.44014E+02
   0.44014E+02
   0.44014E+02
   0.44014E+02
   0.43639E+02
   0.43639E+02
   0.43639E+02
   0.43639E+02
   0.43639E+02
   0.42735E+02
   0.42735E+02
   0.42735E+02
   0.42735E+02
   0.42735E+02
   0.43665E+02
   0.43665E+02
   0.43665E+02
   0.43665E+02
   0.43665E+02
   0.43914E+02
   0.43914E+02
   0.43914E+02
   0.43914E+02
   0.43914E+02
   0.43931E+02
   0.43931E+02
   0.43931E+02
   0.43931E+02
   0.43931E+02
   0.43543E+02
   0.43543E+02
   0.43543E+02
   0.43543E+02
   0.43543E+02
   0.44264E+02
   0.44264E+02
   0.44264E+02
   0.44264E+02
   0.44264E+02
   0.43343E+02
   0.43343E+02
   0.43343E+02
   0.43343E+02
   0.43343E+02
   0.44326E+02
   0.44326E+02
   0.44326E+02
   0.44326E+02
   0.44326E+02
   0.43515E+02
   0.43515E+02
   0.43515E+02
   0.43515E+02
   0.43515E+02
   0.43951E+02
   0.43951E+02
   0.43951E+02
   0.43951E+02
   0.43951E+02
   0.43581E+02
   0.43581E+02
   0.43581E+02
   0.43581E+02
   0.43581E+02
   0.42884E+02
   0.42884E+02
   0.42884E+02
   0.42884E+02
   0.42884E+02
   0.43956E+02
   0.43956E+02
   0.43956E+02
   0.43956E+02
   0.43956E+02
   0.43707E+02
   0.43707E+02
   0.43707E+02
   0.43707E+02
   0.43707E+02
   0.43603E+02
   0.43603E+02
   0.43603E+02
   0.43603E+02
   0.43603E+02
   0.44087E+02
   0.44087E+02
   0.44087E+02
   0.44087E+02
   0.44087E+02
   0.44163E+02
   0.44163E+02
   0.44163E+02
   0.44163E+02
   0.44163E+02
   0.43467E+02
   0.43467E+02
   0.43467E+02
   0.43467E+02
   0.43467E+02
   0.43665E+02
   0.43665E+02
   0.43665E+02
   0.43665E+02
   0.43665E+02
   0.44144E+02
   0.44144E+02
   0.44144E+02
   0.44144E+02
   0.44144E+02
   0.44044E+02
   0.44044E+02
   0.44044E+02
   0.44044E+02
   0.44044E+02
   0.43662E+02
   0.43662E+02
   0.43662E+02
   0.43662E+02
   0.43662E+02
   0.43359E+02
   0.43359E+02
   0.43359E+02
   0.43359E+02
   0.43359E+02
   0.43449E+02
   0.43449E+02
   0.43449E+02
   0.43449E+02
   0.43449E+02
   0.43878E+02
   0.43878E+02
   0.43878E+02
   0.43878E+02
   0.43878E+02
   0.43627E+02
   0.43627E+02
   0.43627E+02
   0.43627E+02
   0.43627E+02
   0.43790E+02
   0.43790E+02
   0.43790E+02
   0.43790E+02
   0.43790E+02
   0.44063E+02
   0.44063E+02
   0.44063E+02
   0.44063E+02
   0.44063E+02
   0.43530E+02
   0.43530E+02
   0.43530E+02
   0.43530E+02
   0.43530E+02
   0.44041E+02
   0.44041E+02
   0.44041E+02
   0.44041E+02
   0.44041E+02
   0.44218E+02
   0.44218E+02
   0.44218E+02
   0.44218E+02
   0.44218E+02
   0.43454E+02
   0.43454E+02
   0.43454E+02
   0.43454E+02
   0.43454E+02
   0.44615E+02
   0.44615E+02
   0.44615E+02
   0.44615E+02
   0.44615E+02
   0.43632E+02
   0.43632E+02
   0.43632E+02
   0.43632E+02
   0.43632E+02
   0.43370E+02
   0.43370E+02
   0.43370E+02
   0.43370E+02
   0.43370E+02
   0.44693E+02
   0.44693E+02
   0.44693E+02
   0.44693E+02
   0.44693E+02
   0.43359E+02
   0.43359E+02
   0.43359E+02
   0.43359E+02
   0.43359E+02
   0.44168E+02
   0.44168E+02
   0.44168E+02
   0.44168E+02
   0.44168E+02
   0.43480E+02
   0.43480E+02
   0.43480E+02
   0.43480E+02
   0.43480E+02
   0.43666E+02
   0.43666E+02
   0.43666E+02
   0.43666E+02
   0.43666E+02
   0.44094E+02
   0.44094E+02
   0.44094E+02
   0.44094E+02
   0.44094E+02
   0.44849E+02
   0.44849E+02
   0.44849E+02
   0.44849E+02
   0.44849E+02
   0.44462E+02
   0.44462E+02
   0.44462E+02
   0.44462E+02
   0.44462E+02
   0.43108E+02
   0.43108E+02
   0.43108E+02
   0.43108E+02
   0.43108E+02
   0.43964E+02
   0.43964E+02
   0.43964E+02
   0.43964E+02
   0.43964E+02
   0.44025E+02
   0.44025E+02
   0.44025E+02
   0.44025E+02
   0.44025E+02
   0.43687E+02
   0.43687E+02
   0.43687E+02
   0.43687E+02
   0.43687E+02
   0.43683E+02
   0.43683E+02
   0.43683E+02
   0.43683E+02
   0.43683E+02
   0.43621E+02
   0.43621E+02
   0.43621E+02
   0.43621E+02
   0.43621E+02
   0.43640E+02
   0.43640E+02
   0.43640E+02
   0.43640E+02
   0.43640E+02
   0.43629E+02
   0.43629E+02
   0.43629E+02
   0.43629E+02
   0.43629E+02
   0.43818E+02
   0.43818E+02
   0.43818E+02
   0.43818E+02
   0.43818E+02
   0.43101E+02
   0.43101E+02
   0.43101E+02
   0.43101E+02
   0.43101E+02
   0.44502E+02
   0.44502E+02
   0.44502E+02
   0.44502E+02
   0.44502E+02
   0.44249E+02
   0.44249E+02
   0.44249E+02
   0.44249E+02
   0.44249E+02
   0.43675E+02
   0.43675E+02
   0.43675E+02
   0.43675E+02
   0.43675E+02
   0.44063E+02
   0.44063E+02
   0.44063E+02
   0.44063E+02
   0.44063E+02
   0.43528E+02
   0.43528E+02
   0.43528E+02
   0.43528E+02
   0.43528E+02
   0.43870E+02
   0.43870E+02
   0.43870E+02
   0.43870E+02
   0.43870E+02
   0.44180E+02
   0.44180E+02
   0.44180E+02
   0.44180E+02
   0.44180E+02
   0.43898E+02
   0.43898E+02
   0.43898E+02
   0.43898E+02
   0.43898E+02
   0.43913E+02
   0.43913E+02
   0.43913E+02
   0.43913E+02
   0.43913E+02
   0.44064E+02
   0.44064E+02
   0.44064E+02
   0.44064E+02
   0.44064E+02
   0.43501E+02
   0.43501E+02
   0.43501E+02
   0.43501E+02
   0.43501E+02
   0.44666E+02
   0.44666E+02
   0.44666E+02
   0.44666E+02
   0.44666E+02
   0.43637E+02
   0.43637E+02
   0.43637E+02
   0.43637E+02
   0.43637E+02
   0.43534E+02
   0.43534E+02
   0.43534E+02
   0.43534E+02
   0.43534E+02
   0.43711E+02
   0.43711E+02
   0.43711E+02
   0.43711E+02
   0.43711E+02
   0.43303E+02
   0.43303E+02
   0.43303E+02
   0.43303E+02
   0.43303E+02
   0.44259E+02
   0.44259E+02
   0.44259E+02
   0.44259E+02
   0.44259E+02
   0.43603E+02
   0.43603E+02
   0.43603E+02
   0.43603E+02
   0.43603E+02
   0.44182E+02
   0.44182E+02
   0.44182E+02
   0.44182E+02
   0.44182E+02
   0.43060E+02
   0.43060E+02
   0.43060E+02
   0.43060E+02
   0.43060E+02
   0.44386E+02
   0.44386E+02
   0.44386E+02
   0.44386E+02
   0.44386E+02
   0.43703E+02
   0.43703E+02
   0.43703E+02
   0.43703E+02
   0.43703E+02
   0.44182E+02
   0.44182E+02
   0.44182E+02
   0.44182E+02
   0.44182E+02
   0.44497E+02
   0.44497E+02
   0.44497E+02
   0.44497E+02
   0.44497E+02
   0.44271E+02
   0.44271E+02
   0.44271E+02
   0.44271E+02
   0.44271E+02
   0.44080E+02
   0.44080E+02
   0.44080E+02
   0.44080E+02
   0.44080E+02
   0.43564E+02
   0.43564E+02
   0.43564E+02
   0.43564E+02
   0.43564E+02
   0.44525E+02
   0.44525E+02
   0.44525E+02
   0.44525E+02
   0.44525E+02
   0.44890E+02
   0.44890E+02
   0.44890E+02
   0.44890E+02
   0.44890E+02
   0.43297E+02
   0.43297E+02
   0.43297E+02
   0.43297E+02
   0.43297E+02
   0.43884E+02
   0.43884E+02
   0.43884E+02
   0.43884E+02
   0.43884E+02
   0.44466E+02
   0.44466E+02
   0.44466E+02
   0.44466E+02
   0.44466E+02
   0.44008E+02
   0.44008E+02
   0.44008E+02
   0.44008E+02
   0.44008E+02
   0.43312E+02
   0.43312E+02
   0.43312E+02
   0.43312E+02
   0.43312E+02
   0.44004E+02
   0.44004E+02
   0.44004E+02
   0.44004E+02
   0.44004E+02
   0.43446E+02
   0.43446E+02
   0.43446E+02
   0.43446E+02
   0.43446E+02
   0.44092E+02
   0.44092E+02
   0.44092E+02
   0.44092E+02
   0.44092E+02
   0.43539E+02
   0.43539E+02
   0.43539E+02
   0.43539E+02
   0.43539E+02
   0.44480E+02
   0.44480E+02
   0.44480E+02
   0.44480E+02
   0.44480E+02
   0.43071E+02
   0.43071E+02
   0.43071E+02
   0.43071E+02
   0.43071E+02
   0.44374E+02
   0.44374E+02
   0.44374E+02
   0.44374E+02
   0.44374E+02
   0.43772E+02
   0.43772E+02
   0.43772E+02
   0.43772E+02
   0.43772E+02
   0.44684E+02
   0.44684E+02
   0.44684E+02
   0.44684E+02
   0.44684E+02
   0.44042E+02
   0.44042E+02
   0.44042E+02
   0.44042E+02
   0.44042E+02
   0.44893E+02
   0.44893E+02
   0.44893E+02
   0.44893E+02
   0.44893E+02
   0.44357E+02
   0.44357E+02
   0.44357E+02
   0.44357E+02
   0.44357E+02
   0.44573E+02
   0.44573E+02
   0.44573E+02
   0.44573E+02
   0.44573E+02
   0.44460E+02
   0.44460E+02
   0.44460E+02
   0.44460E+02
   0.44460E+02
   0.44485E+02
   0.44485E+02
   0.44485E+02
   0.44485E+02
   0.44485E+02
   0.45449E+02
   0.45449E+02
   0.45449E+02
   0.45449E+02
   0.45449E+02
   0.45088E+02
   0.45088E+02
   0.45088E+02
   0.45088E+02
   0.45088E+02
   0.44055E+02
   0.44055E+02
   0.44055E+02
   0.44055E+02
   0.44055E+02
   0.43563E+02
   0.43563E+02
   0.43563E+02
   0.43563E+02
   0.43563E+02
   0.44001E+02
   0.44001E+02
   0.44001E+02
   0.44001E+02
   0.44001E+02
   0.44172E+02
   0.44172E+02
   0.44172E+02
   0.44172E+02
   0.44172E+02
   0.43673E+02
   0.43673E+02
   0.43673E+02
   0.43673E+02
   0.43673E+02
   0.43974E+02
   0.43974E+02
   0.43974E+02
   0.43974E+02
   0.43974E+02
   0.43850E+02
   0.43850E+02
   0.43850E+02
   0.43850E+02
   0.43850E+02
   0.43893E+02
   0.43893E+02
   0.43893E+02
   0.43893E+02
   0.43893E+02
   0.43534E+02
   0.43534E+02
   0.43534E+02
   0.43534E+02
   0.43534E+02
   0.44576E+02
   0.44576E+02
   0.44576E+02
   0.44576E+02
   0.44576E+02
   0.44115E+02
   0.44115E+02
   0.44115E+02
   0.44115E+02
   0.44115E+02
   0.43765E+02
   0.43765E+02
   0.43765E+02
   0.43765E+02
   0.43765E+02
   0.43491E+02
   0.43491E+02
   0.43491E+02
   0.43491E+02
   0.43491E+02
   0.43887E+02
   0.43887E+02
   0.43887E+02
   0.43887E+02
   0.43887E+02
   0.44144E+02
   0.44144E+02
   0.44144E+02
   0.44144E+02
   0.44144E+02
   0.43098E+02
   0.43098E+02
   0.43098E+02
   0.43098E+02
   0.43098E+02
   0.43177E+02
   0.43177E+02
   0.43177E+02
   0.43177E+02
   0.43177E+02
   0.43357E+02
   0.43357E+02
   0.43357E+02
   0.43357E+02
   0.43357E+02
   0.43917E+02
   0.43917E+02
   0.43917E+02
   0.43917E+02
   0.43917E+02
   0.44620E+02
   0.44620E+02
   0.44620E+02
   0.44620E+02
   0.44620E+02
   0.44708E+02
   0.44708E+02
   0.44708E+02
   0.44708E+02
   0.44708E+02
   0.44356E+02
   0.44356E+02
   0.44356E+02
   0.44356E+02
   0.44356E+02
   0.43851E+02
   0.43851E+02
   0.43851E+02
   0.43851E+02
   0.43851E+02
   0.44413E+02
   0.44413E+02
   0.44413E+02
   0.44413E+02
   0.44413E+02
   0.43791E+02
   0.43791E+02
   0.43791E+02
   0.43791E+02
   0.43791E+02
   0.43787E+02
   0.43787E+02
   0.43787E+02
   0.43787E+02
   0.43787E+02
   0.43690E+02
   0.43690E+02
   0.43690E+02
   0.43690E+02
   0.43690E+02
   0.43125E+02
   0.43125E+02
   0.43125E+02
   0.43125E+02
   0.43125E+02
   0.43685E+02
   0.43685E+02
   0.43685E+02
   0.43685E+02
   0.43685E+02
   0.43763E+02
   0.43763E+02
   0.43763E+02
   0.43763E+02
   0.43763E+02
   0.44312E+02
   0.44312E+02
   0.44312E+02
   0.44312E+02
   0.44312E+02
   0.44171E+02
   0.44171E+02
   0.44171E+02
   0.44171E+02
   0.44171E+02
   0.44470E+02
   0.44470E+02
   0.44470E+02
   0.44470E+02
   0.44470E+02
   0.43924E+02
   0.43924E+02
   0.43924E+02
   0.43924E+02
   0.43924E+02
   0.44215E+02
   0.44215E+02
   0.44215E+02
   0.44215E+02
   0.44215E+02
   0.43733E+02
   0.43733E+02
   0.43733E+02
   0.43733E+02
   0.43733E+02
   0.44475E+02
   0.44475E+02
   0.44475E+02
   0.44475E+02
   0.44475E+02
   0.45730E+02
   0.45730E+02
   0.45730E+02
   0.45730E+02
   0.45730E+02
   0.43722E+02
   0.43722E+02
   0.43722E+02
   0.43722E+02
   0.43722E+02
   0.43285E+02
   0.43285E+02
   0.43285E+02
   0.43285E+02
   0.43285E+02
   0.43494E+02
   0.43494E+02
   0.43494E+02
   0.43494E+02
   0.43494E+02
   0.43395E+02
   0.43395E+02
   0.43395E+02
   0.43395E+02
   0.43395E+02
   0.44273E+02
   0.44273E+02
   0.44273E+02
   0.44273E+02
   0.44273E+02
   0.43972E+02
   0.43972E+02
   0.43972E+02
   0.43972E+02
   0.43972E+02
   0.43517E+02
   0.43517E+02
   0.43517E+02
   0.43517E+02
   0.43517E+02
   0.43412E+02
   0.43412E+02
   0.43412E+02
   0.43412E+02
   0.43412E+02
   0.44120E+02
   0.44120E+02
   0.44120E+02
   0.44120E+02
   0.44120E+02
   0.43971E+02
   0.43971E+02
   0.43971E+02
   0.43971E+02
   0.43971E+02
   0.43036E+02
   0.43036E+02
   0.43036E+02
   0.43036E+02
   0.43036E+02
   0.42942E+02
   0.42942E+02
   0.42942E+02
   0.42942E+02
   0.42942E+02
   0.44068E+02
   0.44068E+02
   0.44068E+02
   0.44068E+02
   0.44068E+02
   0.44277E+02
   0.44277E+02
   0.44277E+02
   0.44277E+02
   0.44277E+02
   0.44870E+02
   0.44870E+02
   0.44870E+02
   0.44870E+02
   0.44870E+02
   0.43723E+02
   0.43723E+02
   0.43723E+02
   0.43723E+02
   0.43723E+02
   0.43596E+02
   0.43596E+02
   0.43596E+02
   0.43596E+02
   0.43596E+02
   0.43016E+02
   0.43016E+02
   0.43016E+02
   0.43016E+02
   0.43016E+02
   0.44433E+02
   0.44433E+02
   0.44433E+02
   0.44433E+02
   0.44433E+02
   0.43252E+02
   0.43252E+02
   0.43252E+02
   0.43252E+02
   0.43252E+02
   0.43858E+02
   0.43858E+02
   0.43858E+02
   0.43858E+02
   0.43858E+02
   0.44032E+02
   0.44032E+02
   0.44032E+02
   0.44032E+02
   0.44032E+02
   0.43867E+02
   0.43867E+02
   0.43867E+02
   0.43867E+02
   0.43867E+02
   0.44150E+02
   0.44150E+02
   0.44150E+02
   0.44150E+02
   0.44150E+02
   0.43548E+02
   0.43548E+02
   0.43548E+02
   0.43548E+02
   0.43548E+02
   0.43770E+02
   0.43770E+02
   0.43770E+02
   0.43770E+02
   0.43770E+02
   0.44506E+02
   0.44506E+02
   0.44506E+02
   0.44506E+02
   0.44506E+02
   0.44095E+02
   0.44095E+02
   0.44095E+02
   0.44095E+02
   0.44095E+02
   0.43257E+02
   0.43257E+02
   0.43257E+02
   0.43257E+02
   0.43257E+02
   0.43866E+02
   0.43866E+02
   0.43866E+02
   0.43866E+02
   0.43866E+02
   0.43178E+02
   0.43178E+02
   0.43178E+02
   0.43178E+02
   0.43178E+02
   0.43117E+02
   0.43117E+02
   0.43117E+02
   0.43117E+02
   0.43117E+02
   0.43690E+02
   0.43690E+02
   0.43690E+02
   0.43690E+02
   0.43690E+02
   0.43002E+02
   0.43002E+02
   0.43002E+02
   0.43002E+02
   0.43002E+02
   0.43467E+02
   0.43467E+02
   0.43467E+02
   0.43467E+02
   0.43467E+02
   0.44073E+02
   0.44073E+02
   0.44073E+02
   0.44073E+02
   0.44073E+02
   0.43244E+02
   0.43244E+02
   0.43244E+02
   0.43244E+02
   0.43244E+02
   0.44120E+02
   0.44120E+02
   0.44120E+02
   0.44120E+02
   0.44120E+02
   0.44128E+02
   0.44128E+02
   0.44128E+02
   0.44128E+02
   0.44128E+02
   0.43389E+02
   0.43389E+02
   0.43389E+02
   0.43389E+02
   0.43389E+02
   0.44454E+02
   0.44454E+02
   0.44454E+02
   0.44454E+02
   0.44454E+02
   0.44013E+02
   0.44013E+02
   0.44013E+02
   0.44013E+02
   0.44013E+02
   0.44331E+02
   0.44331E+02
   0.44331E+02
   0.44331E+02
   0.44331E+02
   0.44159E+02
   0.44159E+02
   0.44159E+02
   0.44159E+02
   0.44159E+02
   0.44543E+02
   0.44543E+02
   0.44543E+02
   0.44543E+02
   0.44543E+02
   0.44798E+02
   0.44798E+02
   0.44798E+02
   0.44798E+02
   0.44798E+02
   0.44375E+02
   0.44375E+02
   0.44375E+02
   0.44375E+02
   0.44375E+02
   0.43837E+02
   0.43837E+02
   0.43837E+02
   0.43837E+02
   0.43837E+02
   0.44260E+02
   0.44260E+02
   0.44260E+02
   0.44260E+02
   0.44260E+02
   0.44204E+02
   0.44204E+02
   0.44204E+02
   0.44204E+02
   0.44204E+02
   0.44449E+02
   0.44449E+02
   0.44449E+02
   0.44449E+02
   0.44449E+02
   0.42908E+02
   0.42908E+02
   0.42908E+02
   0.42908E+02
   0.42908E+02
   0.44223E+02
   0.44223E+02
   0.44223E+02
   0.44223E+02
   0.44223E+02
   0.44416E+02
   0.44416E+02
   0.44416E+02
   0.44416E+02
   0.44416E+02
   0.43218E+02
   0.43218E+02
   0.43218E+02
   0.43218E+02
   0.43218E+02
   0.43175E+02
   0.43175E+02
   0.43175E+02
   0.43175E+02
   0.43175E+02
   0.43589E+02
   0.43589E+02
   0.43589E+02
   0.43589E+02
   0.43589E+02
   0.44090E+02
   0.44090E+02
   0.44090E+02
   0.44090E+02
   0.44090E+02
   0.43534E+02
   0.43534E+02
   0.43534E+02
   0.43534E+02
   0.43534E+02
   0.44041E+02
   0.44041E+02
   0.44041E+02
   0.44041E+02
   0.44041E+02
   0.43870E+02
   0.43870E+02
   0.43870E+02
   0.43870E+02
   0.43870E+02
   0.43119E+02
   0.43119E+02
   0.43119E+02
   0.43119E+02
   0.43119E+02
   0.44284E+02
   0.44284E+02
   0.44284E+02
   0.44284E+02
   0.44284E+02
   0.44848E+02
   0.44848E+02
   0.44848E+02
   0.44848E+02
   0.44848E+02
   0.44148E+02
   0.44148E+02
   0.44148E+02
   0.44148E+02
   0.44148E+02
   0.44079E+02
   0.44079E+02
   0.44079E+02
   0.44079E+02
   0.44079E+02
   0.43972E+02
   0.43972E+02
   0.43972E+02
   0.43972E+02
   0.43972E+02
   0.44299E+02
   0.44299E+02
   0.44299E+02
   0.44299E+02
   0.44299E+02
