   0.43828E+02
   0.43828E+02
   0.43828E+02
   0.43828E+02
   0.43828E+02
   0.44076E+02
   0.44076E+02
   0.44076E+02
   0.44076E+02
   0.44076E+02
   0.43599E+02
   0.43599E+02
   0.43599E+02
   0.43599E+02
   0.43599E+02
   0.43523E+02
   0.43523E+02
   0.43523E+02
   0.43523E+02
   0.43523E+02
   0.44184E+02
   0.44184E+02
   0.44184E+02
   0.44184E+02
   0.44184E+02
   0.43425E+02
   0.43425E+02
   0.43425E+02
   0.43425E+02
   0.43425E+02
   0.43756E+02
   0.43756E+02
   0.43756E+02
   0.43756E+02
   0.43756E+02
   0.43629E+02
   0.43629E+02
   0.43629E+02
   0.43629E+02
   0.43629E+02
   0.43211E+02
   0.43211E+02
   0.43211E+02
   0.43211E+02
   0.43211E+02
   0.43450E+02
   0.43450E+02
   0.43450E+02
   0.43450E+02
   0.43450E+02
   0.43924E+02
   0.43924E+02
   0.43924E+02
   0.43924E+02
   0.43924E+02
   0.44045E+02
   0.44045E+02
   0.44045E+02
   0.44045E+02
   0.44045E+02
   0.44283E+02
   0.44283E+02
   0.44283E+02
   0.44283E+02
   0.44283E+02
   0.43405E+02
   0.43405E+02
   0.43405E+02
   0.43405E+02
   0.43405E+02
   0.44230E+02
   0.44230E+02
   0.44230E+02
   0.44230E+02
   0.44230E+02
   0.43633E+02
   0.43633E+02
   0.43633E+02
   0.43633E+02
   0.43633E+02
   0.42692E+02
   0.42692E+02
   0.42692E+02
   0.42692E+02
   0.42692E+02
   0.44214E+02
   0.44214E+02
   0.44214E+02
   0.44214E+02
   0.44214E+02
   0.44037E+02
   0.44037E+02
   0.44037E+02
   0.44037E+02
   0.44037E+02
   0.42971E+02
   0.42971E+02
   0.42971E+02
   0.42971E+02
   0.42971E+02
   0.43394E+02
   0.43394E+02
   0.43394E+02
   0.43394E+02
   0.43394E+02
   0.43439E+02
   0.43439E+02
   0.43439E+02
   0.43439E+02
   0.43439E+02
   0.43786E+02
   0.43786E+02
   0.43786E+02
   0.43786E+02
   0.43786E+02
   0.43418E+02
   0.43418E+02
   0.43418E+02
   0.43418E+02
   0.43418E+02
   0.44258E+02
   0.44258E+02
   0.44258E+02
   0.44258E+02
   0.44258E+02
   0.45576E+02
   0.45576E+02
   0.45576E+02
   0.45576E+02
   0.45576E+02
   0.43776E+02
   0.43776E+02
   0.43776E+02
   0.43776E+02
   0.43776E+02
   0.43438E+02
   0.43438E+02
   0.43438E+02
   0.43438E+02
   0.43438E+02
   0.44001E+02
   0.44001E+02
   0.44001E+02
   0.44001E+02
   0.44001E+02
   0.44181E+02
   0.44181E+02
   0.44181E+02
   0.44181E+02
   0.44181E+02
   0.44326E+02
   0.44326E+02
   0.44326E+02
   0.44326E+02
   0.44326E+02
   0.44428E+02
   0.44428E+02
   0.44428E+02
   0.44428E+02
   0.44428E+02
   0.43804E+02
   0.43804E+02
   0.43804E+02
   0.43804E+02
   0.43804E+02
   0.44453E+02
   0.44453E+02
   0.44453E+02
   0.44453E+02
   0.44453E+02
   0.43543E+02
   0.43543E+02
   0.43543E+02
   0.43543E+02
   0.43543E+02
   0.43942E+02
   0.43942E+02
   0.43942E+02
   0.43942E+02
   0.43942E+02
   0.44251E+02
   0.44251E+02
   0.44251E+02
   0.44251E+02
   0.44251E+02
   0.43927E+02
   0.43927E+02
   0.43927E+02
   0.43927E+02
   0.43927E+02
   0.43914E+02
   0.43914E+02
   0.43914E+02
   0.43914E+02
   0.43914E+02
   0.44193E+02
   0.44193E+02
   0.44193E+02
   0.44193E+02
   0.44193E+02
   0.44616E+02
   0.44616E+02
   0.44616E+02
   0.44616E+02
   0.44616E+02
   0.43698E+02
   0.43698E+02
   0.43698E+02
   0.43698E+02
   0.43698E+02
   0.43112E+02
   0.43112E+02
   0.43112E+02
   0.43112E+02
   0.43112E+02
   0.44023E+02
   0.44023E+02
   0.44023E+02
   0.44023E+02
   0.44023E+02
   0.43650E+02
   0.43650E+02
   0.43650E+02
   0.43650E+02
   0.43650E+02
   0.43539E+02
   0.43539E+02
   0.43539E+02
   0.43539E+02
   0.43539E+02
   0.44054E+02
   0.44054E+02
   0.44054E+02
   0.44054E+02
   0.44054E+02
   0.44722E+02
   0.44722E+02
   0.44722E+02
   0.44722E+02
   0.44722E+02
   0.43976E+02
   0.43976E+02
   0.43976E+02
   0.43976E+02
   0.43976E+02
   0.43962E+02
   0.43962E+02
   0.43962E+02
   0.43962E+02
   0.43962E+02
   0.44529E+02
   0.44529E+02
   0.44529E+02
   0.44529E+02
   0.44529E+02
   0.43782E+02
   0.43782E+02
   0.43782E+02
   0.43782E+02
   0.43782E+02
   0.42744E+02
   0.42744E+02
   0.42744E+02
   0.42744E+02
   0.42744E+02
   0.43475E+02
   0.43475E+02
   0.43475E+02
   0.43475E+02
   0.43475E+02
   0.43970E+02
   0.43970E+02
   0.43970E+02
   0.43970E+02
   0.43970E+02
   0.43674E+02
   0.43674E+02
   0.43674E+02
   0.43674E+02
   0.43674E+02
   0.43369E+02
   0.43369E+02
   0.43369E+02
   0.43369E+02
   0.43369E+02
   0.43881E+02
   0.43881E+02
   0.43881E+02
   0.43881E+02
   0.43881E+02
   0.43395E+02
   0.43395E+02
   0.43395E+02
   0.43395E+02
   0.43395E+02
   0.44445E+02
   0.44445E+02
   0.44445E+02
   0.44445E+02
   0.44445E+02
   0.43250E+02
   0.43250E+02
   0.43250E+02
   0.43250E+02
   0.43250E+02
   0.43638E+02
   0.43638E+02
   0.43638E+02
   0.43638E+02
   0.43638E+02
   0.45052E+02
   0.45052E+02
   0.45052E+02
   0.45052E+02
   0.45052E+02
   0.43818E+02
   0.43818E+02
   0.43818E+02
   0.43818E+02
   0.43818E+02
   0.43695E+02
   0.43695E+02
   0.43695E+02
   0.43695E+02
   0.43695E+02
   0.44668E+02
   0.44668E+02
   0.44668E+02
   0.44668E+02
   0.44668E+02
   0.43766E+02
   0.43766E+02
   0.43766E+02
   0.43766E+02
   0.43766E+02
   0.43673E+02
   0.43673E+02
   0.43673E+02
   0.43673E+02
   0.43673E+02
   0.43937E+02
   0.43937E+02
   0.43937E+02
   0.43937E+02
   0.43937E+02
   0.43163E+02
   0.43163E+02
   0.43163E+02
   0.43163E+02
   0.43163E+02
   0.43763E+02
   0.43763E+02
   0.43763E+02
   0.43763E+02
   0.43763E+02
   0.44335E+02
   0.44335E+02
   0.44335E+02
   0.44335E+02
   0.44335E+02
   0.44090E+02
   0.44090E+02
   0.44090E+02
   0.44090E+02
   0.44090E+02
   0.42978E+02
   0.42978E+02
   0.42978E+02
   0.42978E+02
   0.42978E+02
   0.43486E+02
   0.43486E+02
   0.43486E+02
   0.43486E+02
   0.43486E+02
   0.44116E+02
   0.44116E+02
   0.44116E+02
   0.44116E+02
   0.44116E+02
   0.44095E+02
   0.44095E+02
   0.44095E+02
   0.44095E+02
   0.44095E+02
   0.43329E+02
   0.43329E+02
   0.43329E+02
   0.43329E+02
   0.43329E+02
   0.44248E+02
   0.44248E+02
   0.44248E+02
   0.44248E+02
   0.44248E+02
   0.43991E+02
   0.43991E+02
   0.43991E+02
   0.43991E+02
   0.43991E+02
   0.44435E+02
   0.44435E+02
   0.44435E+02
   0.44435E+02
   0.44435E+02
   0.44437E+02
   0.44437E+02
   0.44437E+02
   0.44437E+02
   0.44437E+02
   0.43392E+02
   0.43392E+02
   0.43392E+02
   0.43392E+02
   0.43392E+02
   0.43136E+02
   0.43136E+02
   0.43136E+02
   0.43136E+02
   0.43136E+02
   0.43938E+02
   0.43938E+02
   0.43938E+02
   0.43938E+02
   0.43938E+02
   0.43292E+02
   0.43292E+02
   0.43292E+02
   0.43292E+02
   0.43292E+02
   0.43198E+02
   0.43198E+02
   0.43198E+02
   0.43198E+02
   0.43198E+02
   0.44023E+02
   0.44023E+02
   0.44023E+02
   0.44023E+02
   0.44023E+02
   0.44394E+02
   0.44394E+02
   0.44394E+02
   0.44394E+02
   0.44394E+02
   0.43516E+02
   0.43516E+02
   0.43516E+02
   0.43516E+02
   0.43516E+02
   0.43698E+02
   0.43698E+02
   0.43698E+02
   0.43698E+02
   0.43698E+02
   0.44132E+02
   0.44132E+02
   0.44132E+02
   0.44132E+02
   0.44132E+02
   0.43495E+02
   0.43495E+02
   0.43495E+02
   0.43495E+02
   0.43495E+02
   0.44092E+02
   0.44092E+02
   0.44092E+02
   0.44092E+02
   0.44092E+02
   0.44807E+02
   0.44807E+02
   0.44807E+02
   0.44807E+02
   0.44807E+02
   0.44070E+02
   0.44070E+02
   0.44070E+02
   0.44070E+02
   0.44070E+02
   0.43469E+02
   0.43469E+02
   0.43469E+02
   0.43469E+02
   0.43469E+02
   0.43164E+02
   0.43164E+02
   0.43164E+02
   0.43164E+02
   0.43164E+02
   0.43843E+02
   0.43843E+02
   0.43843E+02
   0.43843E+02
   0.43843E+02
   0.44084E+02
   0.44084E+02
   0.44084E+02
   0.44084E+02
   0.44084E+02
   0.43807E+02
   0.43807E+02
   0.43807E+02
   0.43807E+02
   0.43807E+02
   0.43669E+02
   0.43669E+02
   0.43669E+02
   0.43669E+02
   0.43669E+02
   0.43684E+02
   0.43684E+02
   0.43684E+02
   0.43684E+02
   0.43684E+02
   0.44295E+02
   0.44295E+02
   0.44295E+02
   0.44295E+02
   0.44295E+02
   0.42549E+02
   0.42549E+02
   0.42549E+02
   0.42549E+02
   0.42549E+02
   0.44507E+02
   0.44507E+02
   0.44507E+02
   0.44507E+02
   0.44507E+02
   0.44037E+02
   0.44037E+02
   0.44037E+02
   0.44037E+02
   0.44037E+02
   0.43718E+02
   0.43718E+02
   0.43718E+02
   0.43718E+02
   0.43718E+02
   0.43940E+02
   0.43940E+02
   0.43940E+02
   0.43940E+02
   0.43940E+02
   0.43550E+02
   0.43550E+02
   0.43550E+02
   0.43550E+02
   0.43550E+02
   0.43689E+02
   0.43689E+02
   0.43689E+02
   0.43689E+02
   0.43689E+02
   0.44193E+02
   0.44193E+02
   0.44193E+02
   0.44193E+02
   0.44193E+02
   0.42932E+02
   0.42932E+02
   0.42932E+02
   0.42932E+02
   0.42932E+02
   0.43617E+02
   0.43617E+02
   0.43617E+02
   0.43617E+02
   0.43617E+02
   0.43941E+02
   0.43941E+02
   0.43941E+02
   0.43941E+02
   0.43941E+02
   0.43012E+02
   0.43012E+02
   0.43012E+02
   0.43012E+02
   0.43012E+02
   0.44100E+02
   0.44100E+02
   0.44100E+02
   0.44100E+02
   0.44100E+02
   0.43893E+02
   0.43893E+02
   0.43893E+02
   0.43893E+02
   0.43893E+02
   0.44267E+02
   0.44267E+02
   0.44267E+02
   0.44267E+02
   0.44267E+02
   0.44658E+02
   0.44658E+02
   0.44658E+02
   0.44658E+02
   0.44658E+02
   0.44584E+02
   0.44584E+02
   0.44584E+02
   0.44584E+02
   0.44584E+02
   0.43747E+02
   0.43747E+02
   0.43747E+02
   0.43747E+02
   0.43747E+02
   0.44521E+02
   0.44521E+02
   0.44521E+02
   0.44521E+02
   0.44521E+02
   0.43088E+02
   0.43088E+02
   0.43088E+02
   0.43088E+02
   0.43088E+02
   0.43526E+02
   0.43526E+02
   0.43526E+02
   0.43526E+02
   0.43526E+02
   0.43930E+02
   0.43930E+02
   0.43930E+02
   0.43930E+02
   0.43930E+02
   0.44109E+02
   0.44109E+02
   0.44109E+02
   0.44109E+02
   0.44109E+02
   0.43889E+02
   0.43889E+02
   0.43889E+02
   0.43889E+02
   0.43889E+02
   0.44446E+02
   0.44446E+02
   0.44446E+02
   0.44446E+02
   0.44446E+02
   0.44646E+02
   0.44646E+02
   0.44646E+02
   0.44646E+02
   0.44646E+02
   0.43210E+02
   0.43210E+02
   0.43210E+02
   0.43210E+02
   0.43210E+02
   0.43359E+02
   0.43359E+02
   0.43359E+02
   0.43359E+02
   0.43359E+02
   0.44317E+02
   0.44317E+02
   0.44317E+02
   0.44317E+02
   0.44317E+02
   0.43767E+02
   0.43767E+02
   0.43767E+02
   0.43767E+02
   0.43767E+02
   0.44100E+02
   0.44100E+02
   0.44100E+02
   0.44100E+02
   0.44100E+02
   0.44228E+02
   0.44228E+02
   0.44228E+02
   0.44228E+02
   0.44228E+02
   0.43573E+02
   0.43573E+02
   0.43573E+02
   0.43573E+02
   0.43573E+02
   0.44162E+02
   0.44162E+02
   0.44162E+02
   0.44162E+02
   0.44162E+02
   0.43899E+02
   0.43899E+02
   0.43899E+02
   0.43899E+02
   0.43899E+02
   0.43907E+02
   0.43907E+02
   0.43907E+02
   0.43907E+02
   0.43907E+02
   0.43981E+02
   0.43981E+02
   0.43981E+02
   0.43981E+02
   0.43981E+02
   0.43501E+02
   0.43501E+02
   0.43501E+02
   0.43501E+02
   0.43501E+02
   0.43567E+02
   0.43567E+02
   0.43567E+02
   0.43567E+02
   0.43567E+02
   0.43659E+02
   0.43659E+02
   0.43659E+02
   0.43659E+02
   0.43659E+02
   0.43577E+02
   0.43577E+02
   0.43577E+02
   0.43577E+02
   0.43577E+02
   0.43876E+02
   0.43876E+02
   0.43876E+02
   0.43876E+02
   0.43876E+02
   0.43501E+02
   0.43501E+02
   0.43501E+02
   0.43501E+02
   0.43501E+02
   0.42912E+02
   0.42912E+02
   0.42912E+02
   0.42912E+02
   0.42912E+02
   0.44331E+02
   0.44331E+02
   0.44331E+02
   0.44331E+02
   0.44331E+02
   0.43990E+02
   0.43990E+02
   0.43990E+02
   0.43990E+02
   0.43990E+02
   0.44529E+02
   0.44529E+02
   0.44529E+02
   0.44529E+02
   0.44529E+02
   0.43588E+02
   0.43588E+02
   0.43588E+02
   0.43588E+02
   0.43588E+02
   0.43789E+02
   0.43789E+02
   0.43789E+02
   0.43789E+02
   0.43789E+02
   0.43329E+02
   0.43329E+02
   0.43329E+02
   0.43329E+02
   0.43329E+02
   0.43367E+02
   0.43367E+02
   0.43367E+02
   0.43367E+02
   0.43367E+02
   0.44846E+02
   0.44846E+02
   0.44846E+02
   0.44846E+02
   0.44846E+02
   0.44097E+02
   0.44097E+02
   0.44097E+02
   0.44097E+02
   0.44097E+02
   0.44713E+02
   0.44713E+02
   0.44713E+02
   0.44713E+02
   0.44713E+02
   0.43519E+02
   0.43519E+02
   0.43519E+02
   0.43519E+02
   0.43519E+02
   0.43404E+02
   0.43404E+02
   0.43404E+02
   0.43404E+02
   0.43404E+02
   0.43305E+02
   0.43305E+02
   0.43305E+02
   0.43305E+02
   0.43305E+02
   0.43379E+02
   0.43379E+02
   0.43379E+02
   0.43379E+02
   0.43379E+02
   0.43043E+02
   0.43043E+02
   0.43043E+02
   0.43043E+02
   0.43043E+02
   0.43453E+02
   0.43453E+02
   0.43453E+02
   0.43453E+02
   0.43453E+02
   0.44452E+02
   0.44452E+02
   0.44452E+02
   0.44452E+02
   0.44452E+02
   0.43122E+02
   0.43122E+02
   0.43122E+02
   0.43122E+02
   0.43122E+02
   0.43316E+02
   0.43316E+02
   0.43316E+02
   0.43316E+02
   0.43316E+02
   0.43099E+02
   0.43099E+02
   0.43099E+02
   0.43099E+02
   0.43099E+02
   0.43213E+02
   0.43213E+02
   0.43213E+02
   0.43213E+02
   0.43213E+02
   0.44534E+02
   0.44534E+02
   0.44534E+02
   0.44534E+02
   0.44534E+02
   0.43079E+02
   0.43079E+02
   0.43079E+02
   0.43079E+02
   0.43079E+02
   0.43001E+02
   0.43001E+02
   0.43001E+02
   0.43001E+02
   0.43001E+02
   0.43184E+02
   0.43184E+02
   0.43184E+02
   0.43184E+02
   0.43184E+02
   0.42166E+02
   0.42166E+02
   0.42166E+02
   0.42166E+02
   0.42166E+02
   0.44058E+02
   0.44058E+02
   0.44058E+02
   0.44058E+02
   0.44058E+02
   0.43337E+02
   0.43337E+02
   0.43337E+02
   0.43337E+02
   0.43337E+02
   0.43396E+02
   0.43396E+02
   0.43396E+02
   0.43396E+02
   0.43396E+02
   0.42326E+02
   0.42326E+02
   0.42326E+02
   0.42326E+02
   0.42326E+02
   0.43100E+02
   0.43100E+02
   0.43100E+02
   0.43100E+02
   0.43100E+02
   0.42911E+02
   0.42911E+02
   0.42911E+02
   0.42911E+02
   0.42911E+02
   0.41731E+02
   0.41731E+02
   0.41731E+02
   0.41731E+02
   0.41731E+02
   0.42965E+02
   0.42965E+02
   0.42965E+02
   0.42965E+02
   0.42965E+02
   0.43239E+02
   0.43239E+02
   0.43239E+02
   0.43239E+02
   0.43239E+02
   0.43270E+02
   0.43270E+02
   0.43270E+02
   0.43270E+02
   0.43270E+02
   0.42921E+02
   0.42921E+02
   0.42921E+02
   0.42921E+02
   0.42921E+02
   0.42412E+02
   0.42412E+02
   0.42412E+02
   0.42412E+02
   0.42412E+02
   0.42941E+02
   0.42941E+02
   0.42941E+02
   0.42941E+02
   0.42941E+02
   0.43291E+02
   0.43291E+02
   0.43291E+02
   0.43291E+02
   0.43291E+02
   0.42152E+02
   0.42152E+02
   0.42152E+02
   0.42152E+02
   0.42152E+02
   0.42639E+02
   0.42639E+02
   0.42639E+02
   0.42639E+02
   0.42639E+02
   0.42769E+02
   0.42769E+02
   0.42769E+02
   0.42769E+02
   0.42769E+02
   0.43608E+02
   0.43608E+02
   0.43608E+02
   0.43608E+02
   0.43608E+02
   0.42600E+02
   0.42600E+02
   0.42600E+02
   0.42600E+02
   0.42600E+02
   0.42513E+02
   0.42513E+02
   0.42513E+02
   0.42513E+02
   0.42513E+02
   0.43893E+02
   0.43893E+02
   0.43893E+02
   0.43893E+02
   0.43893E+02
   0.43106E+02
   0.43106E+02
   0.43106E+02
   0.43106E+02
   0.43106E+02
   0.43937E+02
   0.43937E+02
   0.43937E+02
   0.43937E+02
   0.43937E+02
   0.43222E+02
   0.43222E+02
   0.43222E+02
   0.43222E+02
   0.43222E+02
   0.42166E+02
   0.42166E+02
   0.42166E+02
   0.42166E+02
   0.42166E+02
   0.42675E+02
   0.42675E+02
   0.42675E+02
   0.42675E+02
   0.42675E+02
   0.41873E+02
   0.41873E+02
   0.41873E+02
   0.41873E+02
   0.41873E+02
   0.43636E+02
   0.43636E+02
   0.43636E+02
   0.43636E+02
   0.43636E+02
   0.42210E+02
   0.42210E+02
   0.42210E+02
   0.42210E+02
   0.42210E+02
   0.42464E+02
   0.42464E+02
   0.42464E+02
   0.42464E+02
   0.42464E+02
   0.43433E+02
   0.43433E+02
   0.43433E+02
   0.43433E+02
   0.43433E+02
   0.42790E+02
   0.42790E+02
   0.42790E+02
   0.42790E+02
   0.42790E+02
   0.42353E+02
   0.42353E+02
   0.42353E+02
   0.42353E+02
   0.42353E+02
   0.42838E+02
   0.42838E+02
   0.42838E+02
   0.42838E+02
   0.42838E+02
   0.43569E+02
   0.43569E+02
   0.43569E+02
   0.43569E+02
   0.43569E+02
   0.42441E+02
   0.42441E+02
   0.42441E+02
   0.42441E+02
   0.42441E+02
   0.42982E+02
   0.42982E+02
   0.42982E+02
   0.42982E+02
   0.42982E+02
   0.43250E+02
   0.43250E+02
   0.43250E+02
   0.43250E+02
   0.43250E+02
   0.41778E+02
   0.41778E+02
   0.41778E+02
   0.41778E+02
   0.41778E+02
   0.43292E+02
   0.43292E+02
   0.43292E+02
   0.43292E+02
   0.43292E+02
   0.43267E+02
   0.43267E+02
   0.43267E+02
   0.43267E+02
   0.43267E+02
   0.41868E+02
   0.41868E+02
   0.41868E+02
   0.41868E+02
   0.41868E+02
   0.42887E+02
   0.42887E+02
   0.42887E+02
   0.42887E+02
   0.42887E+02
   0.41799E+02
   0.41799E+02
   0.41799E+02
   0.41799E+02
   0.41799E+02
   0.42508E+02
   0.42508E+02
   0.42508E+02
   0.42508E+02
   0.42508E+02
   0.42920E+02
   0.42920E+02
   0.42920E+02
   0.42920E+02
   0.42920E+02
   0.43503E+02
   0.43503E+02
   0.43503E+02
   0.43503E+02
   0.43503E+02
   0.42508E+02
   0.42508E+02
   0.42508E+02
   0.42508E+02
   0.42508E+02
   0.43800E+02
   0.43800E+02
   0.43800E+02
   0.43800E+02
   0.43800E+02
   0.42863E+02
   0.42863E+02
   0.42863E+02
   0.42863E+02
   0.42863E+02
   0.42364E+02
   0.42364E+02
   0.42364E+02
   0.42364E+02
   0.42364E+02
   0.42684E+02
   0.42684E+02
   0.42684E+02
   0.42684E+02
   0.42684E+02
   0.43077E+02
   0.43077E+02
   0.43077E+02
   0.43077E+02
   0.43077E+02
   0.42967E+02
   0.42967E+02
   0.42967E+02
   0.42967E+02
   0.42967E+02
   0.42406E+02
   0.42406E+02
   0.42406E+02
   0.42406E+02
   0.42406E+02
   0.43022E+02
   0.43022E+02
   0.43022E+02
   0.43022E+02
   0.43022E+02
   0.42912E+02
   0.42912E+02
   0.42912E+02
   0.42912E+02
   0.42912E+02
   0.42727E+02
   0.42727E+02
   0.42727E+02
   0.42727E+02
   0.42727E+02
   0.42625E+02
   0.42625E+02
   0.42625E+02
   0.42625E+02
   0.42625E+02
   0.42659E+02
   0.42659E+02
   0.42659E+02
   0.42659E+02
   0.42659E+02
   0.42233E+02
   0.42233E+02
   0.42233E+02
   0.42233E+02
   0.42233E+02
   0.41851E+02
   0.41851E+02
   0.41851E+02
   0.41851E+02
   0.41851E+02
   0.42989E+02
   0.42989E+02
   0.42989E+02
   0.42989E+02
   0.42989E+02
   0.42914E+02
   0.42914E+02
   0.42914E+02
   0.42914E+02
   0.42914E+02
   0.42669E+02
   0.42669E+02
   0.42669E+02
   0.42669E+02
   0.42669E+02
   0.42585E+02
   0.42585E+02
   0.42585E+02
   0.42585E+02
   0.42585E+02
   0.42812E+02
   0.42812E+02
   0.42812E+02
   0.42812E+02
   0.42812E+02
   0.42622E+02
   0.42622E+02
   0.42622E+02
   0.42622E+02
   0.42622E+02
   0.42711E+02
   0.42711E+02
   0.42711E+02
   0.42711E+02
   0.42711E+02
   0.43069E+02
   0.43069E+02
   0.43069E+02
   0.43069E+02
   0.43069E+02
   0.43331E+02
   0.43331E+02
   0.43331E+02
   0.43331E+02
   0.43331E+02
   0.43632E+02
   0.43632E+02
   0.43632E+02
   0.43632E+02
   0.43632E+02
   0.42687E+02
   0.42687E+02
   0.42687E+02
   0.42687E+02
   0.42687E+02
   0.42234E+02
   0.42234E+02
   0.42234E+02
   0.42234E+02
   0.42234E+02
   0.42807E+02
   0.42807E+02
   0.42807E+02
   0.42807E+02
   0.42807E+02
   0.42844E+02
   0.42844E+02
   0.42844E+02
   0.42844E+02
   0.42844E+02
   0.42331E+02
   0.42331E+02
   0.42331E+02
   0.42331E+02
   0.42331E+02
   0.42712E+02
   0.42712E+02
   0.42712E+02
   0.42712E+02
   0.42712E+02
   0.43341E+02
   0.43341E+02
   0.43341E+02
   0.43341E+02
   0.43341E+02
   0.42528E+02
   0.42528E+02
   0.42528E+02
   0.42528E+02
   0.42528E+02
   0.43228E+02
   0.43228E+02
   0.43228E+02
   0.43228E+02
   0.43228E+02
   0.42649E+02
   0.42649E+02
   0.42649E+02
   0.42649E+02
   0.42649E+02
   0.42781E+02
   0.42781E+02
   0.42781E+02
   0.42781E+02
   0.42781E+02
   0.42523E+02
   0.42523E+02
   0.42523E+02
   0.42523E+02
   0.42523E+02
   0.42301E+02
   0.42301E+02
   0.42301E+02
   0.42301E+02
   0.42301E+02
   0.42513E+02
   0.42513E+02
   0.42513E+02
   0.42513E+02
   0.42513E+02
   0.43737E+02
   0.43737E+02
   0.43737E+02
   0.43737E+02
   0.43737E+02
   0.42924E+02
   0.42924E+02
   0.42924E+02
   0.42924E+02
   0.42924E+02
   0.42179E+02
   0.42179E+02
   0.42179E+02
   0.42179E+02
   0.42179E+02
   0.41571E+02
   0.41571E+02
   0.41571E+02
   0.41571E+02
   0.41571E+02
   0.42506E+02
   0.42506E+02
   0.42506E+02
   0.42506E+02
   0.42506E+02
   0.42597E+02
   0.42597E+02
   0.42597E+02
   0.42597E+02
   0.42597E+02
   0.42926E+02
   0.42926E+02
   0.42926E+02
   0.42926E+02
   0.42926E+02
   0.42615E+02
   0.42615E+02
   0.42615E+02
   0.42615E+02
   0.42615E+02
   0.43138E+02
   0.43138E+02
   0.43138E+02
   0.43138E+02
   0.43138E+02
   0.43268E+02
   0.43268E+02
   0.43268E+02
   0.43268E+02
   0.43268E+02
   0.42807E+02
   0.42807E+02
   0.42807E+02
   0.42807E+02
   0.42807E+02
   0.42891E+02
   0.42891E+02
   0.42891E+02
   0.42891E+02
   0.42891E+02
   0.43171E+02
   0.43171E+02
   0.43171E+02
   0.43171E+02
   0.43171E+02
   0.42654E+02
   0.42654E+02
   0.42654E+02
   0.42654E+02
   0.42654E+02
   0.42942E+02
   0.42942E+02
   0.42942E+02
   0.42942E+02
   0.42942E+02
   0.43097E+02
   0.43097E+02
   0.43097E+02
   0.43097E+02
   0.43097E+02
   0.43162E+02
   0.43162E+02
   0.43162E+02
   0.43162E+02
   0.43162E+02
   0.42763E+02
   0.42763E+02
   0.42763E+02
   0.42763E+02
   0.42763E+02
   0.43245E+02
   0.43245E+02
   0.43245E+02
   0.43245E+02
   0.43245E+02
   0.43249E+02
   0.43249E+02
   0.43249E+02
   0.43249E+02
   0.43249E+02
   0.43102E+02
   0.43102E+02
   0.43102E+02
   0.43102E+02
   0.43102E+02
   0.42031E+02
   0.42031E+02
   0.42031E+02
   0.42031E+02
   0.42031E+02
   0.43437E+02
   0.43437E+02
   0.43437E+02
   0.43437E+02
   0.43437E+02
   0.42432E+02
   0.42432E+02
   0.42432E+02
   0.42432E+02
   0.42432E+02
   0.42957E+02
   0.42957E+02
   0.42957E+02
   0.42957E+02
   0.42957E+02
   0.43357E+02
   0.43357E+02
   0.43357E+02
   0.43357E+02
   0.43357E+02
   0.42323E+02
   0.42323E+02
   0.42323E+02
   0.42323E+02
   0.42323E+02
   0.43514E+02
   0.43514E+02
   0.43514E+02
   0.43514E+02
   0.43514E+02
   0.42214E+02
   0.42214E+02
   0.42214E+02
   0.42214E+02
   0.42214E+02
   0.42238E+02
   0.42238E+02
   0.42238E+02
   0.42238E+02
   0.42238E+02
   0.42476E+02
   0.42476E+02
   0.42476E+02
   0.42476E+02
   0.42476E+02
   0.42494E+02
   0.42494E+02
   0.42494E+02
   0.42494E+02
   0.42494E+02
   0.41885E+02
   0.41885E+02
   0.41885E+02
   0.41885E+02
   0.41885E+02
   0.42281E+02
   0.42281E+02
   0.42281E+02
   0.42281E+02
   0.42281E+02
   0.43065E+02
   0.43065E+02
   0.43065E+02
   0.43065E+02
   0.43065E+02
   0.42220E+02
   0.42220E+02
   0.42220E+02
   0.42220E+02
   0.42220E+02
   0.43875E+02
   0.43875E+02
   0.43875E+02
   0.43875E+02
   0.43875E+02
   0.43412E+02
   0.43412E+02
   0.43412E+02
   0.43412E+02
   0.43412E+02
   0.41671E+02
   0.41671E+02
   0.41671E+02
   0.41671E+02
   0.41671E+02
   0.41758E+02
   0.41758E+02
   0.41758E+02
   0.41758E+02
   0.41758E+02
   0.42913E+02
   0.42913E+02
   0.42913E+02
   0.42913E+02
   0.42913E+02
   0.42412E+02
   0.42412E+02
   0.42412E+02
   0.42412E+02
   0.42412E+02
   0.42246E+02
   0.42246E+02
   0.42246E+02
   0.42246E+02
   0.42246E+02
   0.42717E+02
   0.42717E+02
   0.42717E+02
   0.42717E+02
   0.42717E+02
   0.42871E+02
   0.42871E+02
   0.42871E+02
   0.42871E+02
   0.42871E+02
   0.42435E+02
   0.42435E+02
   0.42435E+02
   0.42435E+02
   0.42435E+02
   0.42936E+02
   0.42936E+02
   0.42936E+02
   0.42936E+02
   0.42936E+02
   0.42923E+02
   0.42923E+02
   0.42923E+02
   0.42923E+02
   0.42923E+02
   0.42421E+02
   0.42421E+02
   0.42421E+02
   0.42421E+02
   0.42421E+02
   0.42361E+02
   0.42361E+02
   0.42361E+02
   0.42361E+02
   0.42361E+02
   0.43027E+02
   0.43027E+02
   0.43027E+02
   0.43027E+02
   0.43027E+02
   0.42466E+02
   0.42466E+02
   0.42466E+02
   0.42466E+02
   0.42466E+02
   0.42084E+02
   0.42084E+02
   0.42084E+02
   0.42084E+02
   0.42084E+02
   0.42565E+02
   0.42565E+02
   0.42565E+02
   0.42565E+02
   0.42565E+02
   0.42921E+02
   0.42921E+02
   0.42921E+02
   0.42921E+02
   0.42921E+02
   0.43072E+02
   0.43072E+02
   0.43072E+02
   0.43072E+02
   0.43072E+02
   0.42736E+02
   0.42736E+02
   0.42736E+02
   0.42736E+02
   0.42736E+02
   0.42588E+02
   0.42588E+02
   0.42588E+02
   0.42588E+02
   0.42588E+02
   0.42816E+02
   0.42816E+02
   0.42816E+02
   0.42816E+02
   0.42816E+02
   0.42759E+02
   0.42759E+02
   0.42759E+02
   0.42759E+02
   0.42759E+02
   0.42585E+02
   0.42585E+02
   0.42585E+02
   0.42585E+02
   0.42585E+02
   0.42489E+02
   0.42489E+02
   0.42489E+02
   0.42489E+02
   0.42489E+02
   0.42884E+02
   0.42884E+02
   0.42884E+02
   0.42884E+02
   0.42884E+02
   0.42021E+02
   0.42021E+02
   0.42021E+02
   0.42021E+02
   0.42021E+02
   0.41980E+02
   0.41980E+02
   0.41980E+02
   0.41980E+02
   0.41980E+02
   0.41939E+02
   0.41939E+02
   0.41939E+02
   0.41939E+02
   0.41939E+02
   0.42916E+02
   0.42916E+02
   0.42916E+02
   0.42916E+02
   0.42916E+02
   0.43186E+02
   0.43186E+02
   0.43186E+02
   0.43186E+02
   0.43186E+02
   0.42864E+02
   0.42864E+02
   0.42864E+02
   0.42864E+02
   0.42864E+02
   0.42179E+02
   0.42179E+02
   0.42179E+02
   0.42179E+02
   0.42179E+02
   0.42128E+02
   0.42128E+02
   0.42128E+02
   0.42128E+02
   0.42128E+02
   0.42307E+02
   0.42307E+02
   0.42307E+02
   0.42307E+02
   0.42307E+02
   0.43338E+02
   0.43338E+02
   0.43338E+02
   0.43338E+02
   0.43338E+02
   0.43133E+02
   0.43133E+02
   0.43133E+02
   0.43133E+02
   0.43133E+02
   0.42878E+02
   0.42878E+02
   0.42878E+02
   0.42878E+02
   0.42878E+02
   0.42332E+02
   0.42332E+02
   0.42332E+02
   0.42332E+02
   0.42332E+02
   0.42771E+02
   0.42771E+02
   0.42771E+02
   0.42771E+02
   0.42771E+02
   0.42437E+02
   0.42437E+02
   0.42437E+02
   0.42437E+02
   0.42437E+02
   0.43146E+02
   0.43146E+02
   0.43146E+02
   0.43146E+02
   0.43146E+02
   0.42665E+02
   0.42665E+02
   0.42665E+02
   0.42665E+02
   0.42665E+02
   0.42627E+02
   0.42627E+02
   0.42627E+02
   0.42627E+02
   0.42627E+02
   0.42927E+02
   0.42927E+02
   0.42927E+02
   0.42927E+02
   0.42927E+02
   0.42310E+02
   0.42310E+02
   0.42310E+02
   0.42310E+02
   0.42310E+02
   0.42250E+02
   0.42250E+02
   0.42250E+02
   0.42250E+02
   0.42250E+02
   0.42532E+02
   0.42532E+02
   0.42532E+02
   0.42532E+02
   0.42532E+02
   0.42151E+02
   0.42151E+02
   0.42151E+02
   0.42151E+02
   0.42151E+02
   0.42805E+02
   0.42805E+02
   0.42805E+02
   0.42805E+02
   0.42805E+02
   0.44094E+02
   0.44094E+02
   0.44094E+02
   0.44094E+02
   0.44094E+02
   0.43100E+02
   0.43100E+02
   0.43100E+02
   0.43100E+02
   0.43100E+02
   0.42581E+02
   0.42581E+02
   0.42581E+02
   0.42581E+02
   0.42581E+02
   0.43814E+02
   0.43814E+02
   0.43814E+02
   0.43814E+02
   0.43814E+02
   0.42904E+02
   0.42904E+02
   0.42904E+02
   0.42904E+02
   0.42904E+02
   0.43533E+02
   0.43533E+02
   0.43533E+02
   0.43533E+02
   0.43533E+02
   0.42694E+02
   0.42694E+02
   0.42694E+02
   0.42694E+02
   0.42694E+02
   0.42373E+02
   0.42373E+02
   0.42373E+02
   0.42373E+02
   0.42373E+02
   0.42335E+02
   0.42335E+02
   0.42335E+02
   0.42335E+02
   0.42335E+02
   0.42003E+02
   0.42003E+02
   0.42003E+02
   0.42003E+02
   0.42003E+02
   0.42421E+02
   0.42421E+02
   0.42421E+02
   0.42421E+02
   0.42421E+02
   0.41867E+02
   0.41867E+02
   0.41867E+02
   0.41867E+02
   0.41867E+02
   0.43616E+02
   0.43616E+02
   0.43616E+02
   0.43616E+02
   0.43616E+02
   0.41982E+02
   0.41982E+02
   0.41982E+02
   0.41982E+02
   0.41982E+02
   0.43406E+02
   0.43406E+02
   0.43406E+02
   0.43406E+02
   0.43406E+02
   0.43730E+02
   0.43730E+02
   0.43730E+02
   0.43730E+02
   0.43730E+02
   0.43057E+02
   0.43057E+02
   0.43057E+02
   0.43057E+02
   0.43057E+02
   0.43853E+02
   0.43853E+02
   0.43853E+02
   0.43853E+02
   0.43853E+02
   0.43371E+02
   0.43371E+02
   0.43371E+02
   0.43371E+02
   0.43371E+02
   0.42272E+02
   0.42272E+02
   0.42272E+02
   0.42272E+02
   0.42272E+02
   0.41581E+02
   0.41581E+02
   0.41581E+02
   0.41581E+02
   0.41581E+02
   0.42610E+02
   0.42610E+02
   0.42610E+02
   0.42610E+02
   0.42610E+02
   0.43108E+02
   0.43108E+02
   0.43108E+02
   0.43108E+02
   0.43108E+02
   0.42689E+02
   0.42689E+02
   0.42689E+02
   0.42689E+02
   0.42689E+02
   0.42605E+02
   0.42605E+02
   0.42605E+02
   0.42605E+02
   0.42605E+02
   0.42554E+02
   0.42554E+02
   0.42554E+02
   0.42554E+02
   0.42554E+02
   0.41897E+02
   0.41897E+02
   0.41897E+02
   0.41897E+02
   0.41897E+02
   0.43066E+02
   0.43066E+02
   0.43066E+02
   0.43066E+02
   0.43066E+02
   0.42834E+02
   0.42834E+02
   0.42834E+02
   0.42834E+02
   0.42834E+02
   0.43743E+02
   0.43743E+02
   0.43743E+02
   0.43743E+02
   0.43743E+02
   0.41819E+02
   0.41819E+02
   0.41819E+02
   0.41819E+02
   0.41819E+02
   0.42803E+02
   0.42803E+02
   0.42803E+02
   0.42803E+02
   0.42803E+02
   0.42344E+02
   0.42344E+02
   0.42344E+02
   0.42344E+02
   0.42344E+02
   0.42304E+02
   0.42304E+02
   0.42304E+02
   0.42304E+02
   0.42304E+02
   0.42377E+02
   0.42377E+02
   0.42377E+02
   0.42377E+02
   0.42377E+02
   0.42548E+02
   0.42548E+02
   0.42548E+02
   0.42548E+02
   0.42548E+02
   0.43253E+02
   0.43253E+02
   0.43253E+02
   0.43253E+02
   0.43253E+02
