   0.43828E+02
   0.43828E+02
   0.43828E+02
   0.43828E+02
   0.43828E+02
   0.44076E+02
   0.44076E+02
   0.44076E+02
   0.44076E+02
   0.44076E+02
   0.43630E+02
   0.43630E+02
   0.43630E+02
   0.43630E+02
   0.43630E+02
   0.43807E+02
   0.43807E+02
   0.43807E+02
   0.43807E+02
   0.43807E+02
   0.44551E+02
   0.44551E+02
   0.44551E+02
   0.44551E+02
   0.44551E+02
   0.43862E+02
   0.43862E+02
   0.43862E+02
   0.43862E+02
   0.43862E+02
   0.45331E+02
   0.45331E+02
   0.45331E+02
   0.45331E+02
   0.45331E+02
   0.46117E+02
   0.46117E+02
   0.46117E+02
   0.46117E+02
   0.46117E+02
   0.47781E+02
   0.47781E+02
   0.47781E+02
   0.47781E+02
   0.47781E+02
   0.48264E+02
   0.48264E+02
   0.48264E+02
   0.48264E+02
   0.48264E+02
   0.46365E+02
   0.46365E+02
   0.46365E+02
   0.46365E+02
   0.46365E+02
   0.47679E+02
   0.47679E+02
   0.47679E+02
   0.47679E+02
   0.47679E+02
   0.48812E+02
   0.48812E+02
   0.48812E+02
   0.48812E+02
   0.48812E+02
   0.47659E+02
   0.47659E+02
   0.47659E+02
   0.47659E+02
   0.47659E+02
   0.47611E+02
   0.47611E+02
   0.47611E+02
   0.47611E+02
   0.47611E+02
   0.47597E+02
   0.47597E+02
   0.47597E+02
   0.47597E+02
   0.47597E+02
   0.49075E+02
   0.49075E+02
   0.49075E+02
   0.49075E+02
   0.49075E+02
   0.47961E+02
   0.47961E+02
   0.47961E+02
   0.47961E+02
   0.47961E+02
   0.48125E+02
   0.48125E+02
   0.48125E+02
   0.48125E+02
   0.48125E+02
   0.47229E+02
   0.47229E+02
   0.47229E+02
   0.47229E+02
   0.47229E+02
   0.47549E+02
   0.47549E+02
   0.47549E+02
   0.47549E+02
   0.47549E+02
   0.48279E+02
   0.48279E+02
   0.48279E+02
   0.48279E+02
   0.48279E+02
   0.47802E+02
   0.47802E+02
   0.47802E+02
   0.47802E+02
   0.47802E+02
   0.47850E+02
   0.47850E+02
   0.47850E+02
   0.47850E+02
   0.47850E+02
   0.47116E+02
   0.47116E+02
   0.47116E+02
   0.47116E+02
   0.47116E+02
   0.48295E+02
   0.48295E+02
   0.48295E+02
   0.48295E+02
   0.48295E+02
   0.47300E+02
   0.47300E+02
   0.47300E+02
   0.47300E+02
   0.47300E+02
   0.47226E+02
   0.47226E+02
   0.47226E+02
   0.47226E+02
   0.47226E+02
   0.47897E+02
   0.47897E+02
   0.47897E+02
   0.47897E+02
   0.47897E+02
   0.47706E+02
   0.47706E+02
   0.47706E+02
   0.47706E+02
   0.47706E+02
   0.47833E+02
   0.47833E+02
   0.47833E+02
   0.47833E+02
   0.47833E+02
   0.48684E+02
   0.48684E+02
   0.48684E+02
   0.48684E+02
   0.48684E+02
   0.47892E+02
   0.47892E+02
   0.47892E+02
   0.47892E+02
   0.47892E+02
   0.48105E+02
   0.48105E+02
   0.48105E+02
   0.48105E+02
   0.48105E+02
   0.47429E+02
   0.47429E+02
   0.47429E+02
   0.47429E+02
   0.47429E+02
   0.47004E+02
   0.47004E+02
   0.47004E+02
   0.47004E+02
   0.47004E+02
   0.47700E+02
   0.47700E+02
   0.47700E+02
   0.47700E+02
   0.47700E+02
   0.47074E+02
   0.47074E+02
   0.47074E+02
   0.47074E+02
   0.47074E+02
   0.47501E+02
   0.47501E+02
   0.47501E+02
   0.47501E+02
   0.47501E+02
   0.47987E+02
   0.47987E+02
   0.47987E+02
   0.47987E+02
   0.47987E+02
   0.46997E+02
   0.46997E+02
   0.46997E+02
   0.46997E+02
   0.46997E+02
   0.47672E+02
   0.47672E+02
   0.47672E+02
   0.47672E+02
   0.47672E+02
   0.47080E+02
   0.47080E+02
   0.47080E+02
   0.47080E+02
   0.47080E+02
   0.48420E+02
   0.48420E+02
   0.48420E+02
   0.48420E+02
   0.48420E+02
   0.48011E+02
   0.48011E+02
   0.48011E+02
   0.48011E+02
   0.48011E+02
   0.47878E+02
   0.47878E+02
   0.47878E+02
   0.47878E+02
   0.47878E+02
   0.47665E+02
   0.47665E+02
   0.47665E+02
   0.47665E+02
   0.47665E+02
   0.48581E+02
   0.48581E+02
   0.48581E+02
   0.48581E+02
   0.48581E+02
   0.47126E+02
   0.47126E+02
   0.47126E+02
   0.47126E+02
   0.47126E+02
   0.46770E+02
   0.46770E+02
   0.46770E+02
   0.46770E+02
   0.46770E+02
   0.47843E+02
   0.47843E+02
   0.47843E+02
   0.47843E+02
   0.47843E+02
   0.47620E+02
   0.47620E+02
   0.47620E+02
   0.47620E+02
   0.47620E+02
   0.48192E+02
   0.48192E+02
   0.48192E+02
   0.48192E+02
   0.48192E+02
   0.48094E+02
   0.48094E+02
   0.48094E+02
   0.48094E+02
   0.48094E+02
   0.48078E+02
   0.48078E+02
   0.48078E+02
   0.48078E+02
   0.48078E+02
   0.48319E+02
   0.48319E+02
   0.48319E+02
   0.48319E+02
   0.48319E+02
   0.48460E+02
   0.48460E+02
   0.48460E+02
   0.48460E+02
   0.48460E+02
   0.48178E+02
   0.48178E+02
   0.48178E+02
   0.48178E+02
   0.48178E+02
   0.48296E+02
   0.48296E+02
   0.48296E+02
   0.48296E+02
   0.48296E+02
   0.48582E+02
   0.48582E+02
   0.48582E+02
   0.48582E+02
   0.48582E+02
   0.47351E+02
   0.47351E+02
   0.47351E+02
   0.47351E+02
   0.47351E+02
   0.47950E+02
   0.47950E+02
   0.47950E+02
   0.47950E+02
   0.47950E+02
   0.47908E+02
   0.47908E+02
   0.47908E+02
   0.47908E+02
   0.47908E+02
   0.48049E+02
   0.48049E+02
   0.48049E+02
   0.48049E+02
   0.48049E+02
   0.48386E+02
   0.48386E+02
   0.48386E+02
   0.48386E+02
   0.48386E+02
   0.47457E+02
   0.47457E+02
   0.47457E+02
   0.47457E+02
   0.47457E+02
   0.47674E+02
   0.47674E+02
   0.47674E+02
   0.47674E+02
   0.47674E+02
   0.47494E+02
   0.47494E+02
   0.47494E+02
   0.47494E+02
   0.47494E+02
   0.47909E+02
   0.47909E+02
   0.47909E+02
   0.47909E+02
   0.47909E+02
   0.48244E+02
   0.48244E+02
   0.48244E+02
   0.48244E+02
   0.48244E+02
   0.48471E+02
   0.48471E+02
   0.48471E+02
   0.48471E+02
   0.48471E+02
   0.47127E+02
   0.47127E+02
   0.47127E+02
   0.47127E+02
   0.47127E+02
   0.48239E+02
   0.48239E+02
   0.48239E+02
   0.48239E+02
   0.48239E+02
   0.48103E+02
   0.48103E+02
   0.48103E+02
   0.48103E+02
   0.48103E+02
   0.48119E+02
   0.48119E+02
   0.48119E+02
   0.48119E+02
   0.48119E+02
   0.47364E+02
   0.47364E+02
   0.47364E+02
   0.47364E+02
   0.47364E+02
   0.48041E+02
   0.48041E+02
   0.48041E+02
   0.48041E+02
   0.48041E+02
   0.48183E+02
   0.48183E+02
   0.48183E+02
   0.48183E+02
   0.48183E+02
   0.48517E+02
   0.48517E+02
   0.48517E+02
   0.48517E+02
   0.48517E+02
   0.47698E+02
   0.47698E+02
   0.47698E+02
   0.47698E+02
   0.47698E+02
   0.47055E+02
   0.47055E+02
   0.47055E+02
   0.47055E+02
   0.47055E+02
   0.48633E+02
   0.48633E+02
   0.48633E+02
   0.48633E+02
   0.48633E+02
   0.47226E+02
   0.47226E+02
   0.47226E+02
   0.47226E+02
   0.47226E+02
   0.47199E+02
   0.47199E+02
   0.47199E+02
   0.47199E+02
   0.47199E+02
   0.48275E+02
   0.48275E+02
   0.48275E+02
   0.48275E+02
   0.48275E+02
   0.48134E+02
   0.48134E+02
   0.48134E+02
   0.48134E+02
   0.48134E+02
   0.48013E+02
   0.48013E+02
   0.48013E+02
   0.48013E+02
   0.48013E+02
   0.48178E+02
   0.48178E+02
   0.48178E+02
   0.48178E+02
   0.48178E+02
   0.47683E+02
   0.47683E+02
   0.47683E+02
   0.47683E+02
   0.47683E+02
   0.47688E+02
   0.47688E+02
   0.47688E+02
   0.47688E+02
   0.47688E+02
   0.49067E+02
   0.49067E+02
   0.49067E+02
   0.49067E+02
   0.49067E+02
   0.47882E+02
   0.47882E+02
   0.47882E+02
   0.47882E+02
   0.47882E+02
   0.47715E+02
   0.47715E+02
   0.47715E+02
   0.47715E+02
   0.47715E+02
   0.47985E+02
   0.47985E+02
   0.47985E+02
   0.47985E+02
   0.47985E+02
   0.47631E+02
   0.47631E+02
   0.47631E+02
   0.47631E+02
   0.47631E+02
   0.48411E+02
   0.48411E+02
   0.48411E+02
   0.48411E+02
   0.48411E+02
   0.47925E+02
   0.47925E+02
   0.47925E+02
   0.47925E+02
   0.47925E+02
   0.48892E+02
   0.48892E+02
   0.48892E+02
   0.48892E+02
   0.48892E+02
   0.47249E+02
   0.47249E+02
   0.47249E+02
   0.47249E+02
   0.47249E+02
   0.47200E+02
   0.47200E+02
   0.47200E+02
   0.47200E+02
   0.47200E+02
   0.47640E+02
   0.47640E+02
   0.47640E+02
   0.47640E+02
   0.47640E+02
   0.48472E+02
   0.48472E+02
   0.48472E+02
   0.48472E+02
   0.48472E+02
   0.48634E+02
   0.48634E+02
   0.48634E+02
   0.48634E+02
   0.48634E+02
   0.48222E+02
   0.48222E+02
   0.48222E+02
   0.48222E+02
   0.48222E+02
   0.48288E+02
   0.48288E+02
   0.48288E+02
   0.48288E+02
   0.48288E+02
   0.48623E+02
   0.48623E+02
   0.48623E+02
   0.48623E+02
   0.48623E+02
   0.47825E+02
   0.47825E+02
   0.47825E+02
   0.47825E+02
   0.47825E+02
   0.48741E+02
   0.48741E+02
   0.48741E+02
   0.48741E+02
   0.48741E+02
   0.48008E+02
   0.48008E+02
   0.48008E+02
   0.48008E+02
   0.48008E+02
   0.48292E+02
   0.48292E+02
   0.48292E+02
   0.48292E+02
   0.48292E+02
   0.47169E+02
   0.47169E+02
   0.47169E+02
   0.47169E+02
   0.47169E+02
   0.47855E+02
   0.47855E+02
   0.47855E+02
   0.47855E+02
   0.47855E+02
   0.47874E+02
   0.47874E+02
   0.47874E+02
   0.47874E+02
   0.47874E+02
   0.48091E+02
   0.48091E+02
   0.48091E+02
   0.48091E+02
   0.48091E+02
   0.48321E+02
   0.48321E+02
   0.48321E+02
   0.48321E+02
   0.48321E+02
   0.48101E+02
   0.48101E+02
   0.48101E+02
   0.48101E+02
   0.48101E+02
   0.47270E+02
   0.47270E+02
   0.47270E+02
   0.47270E+02
   0.47270E+02
   0.47770E+02
   0.47770E+02
   0.47770E+02
   0.47770E+02
   0.47770E+02
   0.47374E+02
   0.47374E+02
   0.47374E+02
   0.47374E+02
   0.47374E+02
   0.48744E+02
   0.48744E+02
   0.48744E+02
   0.48744E+02
   0.48744E+02
   0.47955E+02
   0.47955E+02
   0.47955E+02
   0.47955E+02
   0.47955E+02
   0.47936E+02
   0.47936E+02
   0.47936E+02
   0.47936E+02
   0.47936E+02
   0.47630E+02
   0.47630E+02
   0.47630E+02
   0.47630E+02
   0.47630E+02
   0.48186E+02
   0.48186E+02
   0.48186E+02
   0.48186E+02
   0.48186E+02
   0.48479E+02
   0.48479E+02
   0.48479E+02
   0.48479E+02
   0.48479E+02
   0.47231E+02
   0.47231E+02
   0.47231E+02
   0.47231E+02
   0.47231E+02
   0.47854E+02
   0.47854E+02
   0.47854E+02
   0.47854E+02
   0.47854E+02
   0.47608E+02
   0.47608E+02
   0.47608E+02
   0.47608E+02
   0.47608E+02
   0.48761E+02
   0.48761E+02
   0.48761E+02
   0.48761E+02
   0.48761E+02
   0.47546E+02
   0.47546E+02
   0.47546E+02
   0.47546E+02
   0.47546E+02
   0.47212E+02
   0.47212E+02
   0.47212E+02
   0.47212E+02
   0.47212E+02
   0.47641E+02
   0.47641E+02
   0.47641E+02
   0.47641E+02
   0.47641E+02
   0.48149E+02
   0.48149E+02
   0.48149E+02
   0.48149E+02
   0.48149E+02
   0.48328E+02
   0.48328E+02
   0.48328E+02
   0.48328E+02
   0.48328E+02
   0.48083E+02
   0.48083E+02
   0.48083E+02
   0.48083E+02
   0.48083E+02
   0.48481E+02
   0.48481E+02
   0.48481E+02
   0.48481E+02
   0.48481E+02
   0.47519E+02
   0.47519E+02
   0.47519E+02
   0.47519E+02
   0.47519E+02
   0.47936E+02
   0.47936E+02
   0.47936E+02
   0.47936E+02
   0.47936E+02
   0.47969E+02
   0.47969E+02
   0.47969E+02
   0.47969E+02
   0.47969E+02
   0.48089E+02
   0.48089E+02
   0.48089E+02
   0.48089E+02
   0.48089E+02
   0.48009E+02
   0.48009E+02
   0.48009E+02
   0.48009E+02
   0.48009E+02
   0.47324E+02
   0.47324E+02
   0.47324E+02
   0.47324E+02
   0.47324E+02
   0.47502E+02
   0.47502E+02
   0.47502E+02
   0.47502E+02
   0.47502E+02
   0.47931E+02
   0.47931E+02
   0.47931E+02
   0.47931E+02
   0.47931E+02
   0.48158E+02
   0.48158E+02
   0.48158E+02
   0.48158E+02
   0.48158E+02
   0.47048E+02
   0.47048E+02
   0.47048E+02
   0.47048E+02
   0.47048E+02
   0.47964E+02
   0.47964E+02
   0.47964E+02
   0.47964E+02
   0.47964E+02
   0.48565E+02
   0.48565E+02
   0.48565E+02
   0.48565E+02
   0.48565E+02
   0.47709E+02
   0.47709E+02
   0.47709E+02
   0.47709E+02
   0.47709E+02
   0.47405E+02
   0.47405E+02
   0.47405E+02
   0.47405E+02
   0.47405E+02
   0.47123E+02
   0.47123E+02
   0.47123E+02
   0.47123E+02
   0.47123E+02
   0.47852E+02
   0.47852E+02
   0.47852E+02
   0.47852E+02
   0.47852E+02
   0.47349E+02
   0.47349E+02
   0.47349E+02
   0.47349E+02
   0.47349E+02
   0.47434E+02
   0.47434E+02
   0.47434E+02
   0.47434E+02
   0.47434E+02
   0.47831E+02
   0.47831E+02
   0.47831E+02
   0.47831E+02
   0.47831E+02
   0.47970E+02
   0.47970E+02
   0.47970E+02
   0.47970E+02
   0.47970E+02
   0.47711E+02
   0.47711E+02
   0.47711E+02
   0.47711E+02
   0.47711E+02
   0.48352E+02
   0.48352E+02
   0.48352E+02
   0.48352E+02
   0.48352E+02
   0.47302E+02
   0.47302E+02
   0.47302E+02
   0.47302E+02
   0.47302E+02
   0.47444E+02
   0.47444E+02
   0.47444E+02
   0.47444E+02
   0.47444E+02
   0.47308E+02
   0.47308E+02
   0.47308E+02
   0.47308E+02
   0.47308E+02
   0.48470E+02
   0.48470E+02
   0.48470E+02
   0.48470E+02
   0.48470E+02
   0.48867E+02
   0.48867E+02
   0.48867E+02
   0.48867E+02
   0.48867E+02
   0.48458E+02
   0.48458E+02
   0.48458E+02
   0.48458E+02
   0.48458E+02
   0.48450E+02
   0.48450E+02
   0.48450E+02
   0.48450E+02
   0.48450E+02
   0.47995E+02
   0.47995E+02
   0.47995E+02
   0.47995E+02
   0.47995E+02
   0.48021E+02
   0.48021E+02
   0.48021E+02
   0.48021E+02
   0.48021E+02
   0.47927E+02
   0.47927E+02
   0.47927E+02
   0.47927E+02
   0.47927E+02
   0.48161E+02
   0.48161E+02
   0.48161E+02
   0.48161E+02
   0.48161E+02
   0.46781E+02
   0.46781E+02
   0.46781E+02
   0.46781E+02
   0.46781E+02
   0.48350E+02
   0.48350E+02
   0.48350E+02
   0.48350E+02
   0.48350E+02
   0.48830E+02
   0.48830E+02
   0.48830E+02
   0.48830E+02
   0.48830E+02
   0.47580E+02
   0.47580E+02
   0.47580E+02
   0.47580E+02
   0.47580E+02
   0.47831E+02
   0.47831E+02
   0.47831E+02
   0.47831E+02
   0.47831E+02
   0.48217E+02
   0.48217E+02
   0.48217E+02
   0.48217E+02
   0.48217E+02
   0.46864E+02
   0.46864E+02
   0.46864E+02
   0.46864E+02
   0.46864E+02
   0.48022E+02
   0.48022E+02
   0.48022E+02
   0.48022E+02
   0.48022E+02
   0.48124E+02
   0.48124E+02
   0.48124E+02
   0.48124E+02
   0.48124E+02
   0.47902E+02
   0.47902E+02
   0.47902E+02
   0.47902E+02
   0.47902E+02
   0.48244E+02
   0.48244E+02
   0.48244E+02
   0.48244E+02
   0.48244E+02
   0.47877E+02
   0.47877E+02
   0.47877E+02
   0.47877E+02
   0.47877E+02
   0.48229E+02
   0.48229E+02
   0.48229E+02
   0.48229E+02
   0.48229E+02
   0.47208E+02
   0.47208E+02
   0.47208E+02
   0.47208E+02
   0.47208E+02
   0.48508E+02
   0.48508E+02
   0.48508E+02
   0.48508E+02
   0.48508E+02
   0.47929E+02
   0.47929E+02
   0.47929E+02
   0.47929E+02
   0.47929E+02
   0.47948E+02
   0.47948E+02
   0.47948E+02
   0.47948E+02
   0.47948E+02
   0.47470E+02
   0.47470E+02
   0.47470E+02
   0.47470E+02
   0.47470E+02
   0.48267E+02
   0.48267E+02
   0.48267E+02
   0.48267E+02
   0.48267E+02
   0.48124E+02
   0.48124E+02
   0.48124E+02
   0.48124E+02
   0.48124E+02
   0.48011E+02
   0.48011E+02
   0.48011E+02
   0.48011E+02
   0.48011E+02
   0.47830E+02
   0.47830E+02
   0.47830E+02
   0.47830E+02
   0.47830E+02
   0.47446E+02
   0.47446E+02
   0.47446E+02
   0.47446E+02
   0.47446E+02
   0.48270E+02
   0.48270E+02
   0.48270E+02
   0.48270E+02
   0.48270E+02
   0.48508E+02
   0.48508E+02
   0.48508E+02
   0.48508E+02
   0.48508E+02
   0.48613E+02
   0.48613E+02
   0.48613E+02
   0.48613E+02
   0.48613E+02
   0.47640E+02
   0.47640E+02
   0.47640E+02
   0.47640E+02
   0.47640E+02
   0.47426E+02
   0.47426E+02
   0.47426E+02
   0.47426E+02
   0.47426E+02
   0.47800E+02
   0.47800E+02
   0.47800E+02
   0.47800E+02
   0.47800E+02
   0.47557E+02
   0.47557E+02
   0.47557E+02
   0.47557E+02
   0.47557E+02
   0.49045E+02
   0.49045E+02
   0.49045E+02
   0.49045E+02
   0.49045E+02
   0.47976E+02
   0.47976E+02
   0.47976E+02
   0.47976E+02
   0.47976E+02
   0.48818E+02
   0.48818E+02
   0.48818E+02
   0.48818E+02
   0.48818E+02
   0.48230E+02
   0.48230E+02
   0.48230E+02
   0.48230E+02
   0.48230E+02
   0.49036E+02
   0.49036E+02
   0.49036E+02
   0.49036E+02
   0.49036E+02
   0.48977E+02
   0.48977E+02
   0.48977E+02
   0.48977E+02
   0.48977E+02
   0.48037E+02
   0.48037E+02
   0.48037E+02
   0.48037E+02
   0.48037E+02
   0.47887E+02
   0.47887E+02
   0.47887E+02
   0.47887E+02
   0.47887E+02
   0.48353E+02
   0.48353E+02
   0.48353E+02
   0.48353E+02
   0.48353E+02
   0.47936E+02
   0.47936E+02
   0.47936E+02
   0.47936E+02
   0.47936E+02
   0.47444E+02
   0.47444E+02
   0.47444E+02
   0.47444E+02
   0.47444E+02
   0.48351E+02
   0.48351E+02
   0.48351E+02
   0.48351E+02
   0.48351E+02
   0.47607E+02
   0.47607E+02
   0.47607E+02
   0.47607E+02
   0.47607E+02
   0.47761E+02
   0.47761E+02
   0.47761E+02
   0.47761E+02
   0.47761E+02
   0.48324E+02
   0.48324E+02
   0.48324E+02
   0.48324E+02
   0.48324E+02
   0.47330E+02
   0.47330E+02
   0.47330E+02
   0.47330E+02
   0.47330E+02
   0.48211E+02
   0.48211E+02
   0.48211E+02
   0.48211E+02
   0.48211E+02
   0.47723E+02
   0.47723E+02
   0.47723E+02
   0.47723E+02
   0.47723E+02
   0.48510E+02
   0.48510E+02
   0.48510E+02
   0.48510E+02
   0.48510E+02
   0.47578E+02
   0.47578E+02
   0.47578E+02
   0.47578E+02
   0.47578E+02
   0.48082E+02
   0.48082E+02
   0.48082E+02
   0.48082E+02
   0.48082E+02
   0.48882E+02
   0.48882E+02
   0.48882E+02
   0.48882E+02
   0.48882E+02
   0.48031E+02
   0.48031E+02
   0.48031E+02
   0.48031E+02
   0.48031E+02
   0.47187E+02
   0.47187E+02
   0.47187E+02
   0.47187E+02
   0.47187E+02
   0.49011E+02
   0.49011E+02
   0.49011E+02
   0.49011E+02
   0.49011E+02
   0.48002E+02
   0.48002E+02
   0.48002E+02
   0.48002E+02
   0.48002E+02
   0.48137E+02
   0.48137E+02
   0.48137E+02
   0.48137E+02
   0.48137E+02
   0.47290E+02
   0.47290E+02
   0.47290E+02
   0.47290E+02
   0.47290E+02
   0.48006E+02
   0.48006E+02
   0.48006E+02
   0.48006E+02
   0.48006E+02
   0.47210E+02
   0.47210E+02
   0.47210E+02
   0.47210E+02
   0.47210E+02
   0.47515E+02
   0.47515E+02
   0.47515E+02
   0.47515E+02
   0.47515E+02
   0.47559E+02
   0.47559E+02
   0.47559E+02
   0.47559E+02
   0.47559E+02
   0.47900E+02
   0.47900E+02
   0.47900E+02
   0.47900E+02
   0.47900E+02
   0.46912E+02
   0.46912E+02
   0.46912E+02
   0.46912E+02
   0.46912E+02
   0.47091E+02
   0.47091E+02
   0.47091E+02
   0.47091E+02
   0.47091E+02
   0.47887E+02
   0.47887E+02
   0.47887E+02
   0.47887E+02
   0.47887E+02
   0.48108E+02
   0.48108E+02
   0.48108E+02
   0.48108E+02
   0.48108E+02
   0.47749E+02
   0.47749E+02
   0.47749E+02
   0.47749E+02
   0.47749E+02
   0.47851E+02
   0.47851E+02
   0.47851E+02
   0.47851E+02
   0.47851E+02
   0.47208E+02
   0.47208E+02
   0.47208E+02
   0.47208E+02
   0.47208E+02
   0.48172E+02
   0.48172E+02
   0.48172E+02
   0.48172E+02
   0.48172E+02
   0.47555E+02
   0.47555E+02
   0.47555E+02
   0.47555E+02
   0.47555E+02
   0.47939E+02
   0.47939E+02
   0.47939E+02
   0.47939E+02
   0.47939E+02
   0.48011E+02
   0.48011E+02
   0.48011E+02
   0.48011E+02
   0.48011E+02
   0.47989E+02
   0.47989E+02
   0.47989E+02
   0.47989E+02
   0.47989E+02
   0.48122E+02
   0.48122E+02
   0.48122E+02
   0.48122E+02
   0.48122E+02
   0.47382E+02
   0.47382E+02
   0.47382E+02
   0.47382E+02
   0.47382E+02
   0.47834E+02
   0.47834E+02
   0.47834E+02
   0.47834E+02
   0.47834E+02
   0.47636E+02
   0.47636E+02
   0.47636E+02
   0.47636E+02
   0.47636E+02
   0.48036E+02
   0.48036E+02
   0.48036E+02
   0.48036E+02
   0.48036E+02
   0.47975E+02
   0.47975E+02
   0.47975E+02
   0.47975E+02
   0.47975E+02
   0.48048E+02
   0.48048E+02
   0.48048E+02
   0.48048E+02
   0.48048E+02
   0.48187E+02
   0.48187E+02
   0.48187E+02
   0.48187E+02
   0.48187E+02
   0.48237E+02
   0.48237E+02
   0.48237E+02
   0.48237E+02
   0.48237E+02
   0.48215E+02
   0.48215E+02
   0.48215E+02
   0.48215E+02
   0.48215E+02
   0.47398E+02
   0.47398E+02
   0.47398E+02
   0.47398E+02
   0.47398E+02
   0.47615E+02
   0.47615E+02
   0.47615E+02
   0.47615E+02
   0.47615E+02
   0.47469E+02
   0.47469E+02
   0.47469E+02
   0.47469E+02
   0.47469E+02
   0.47218E+02
   0.47218E+02
   0.47218E+02
   0.47218E+02
   0.47218E+02
   0.47369E+02
   0.47369E+02
   0.47369E+02
   0.47369E+02
   0.47369E+02
   0.47633E+02
   0.47633E+02
   0.47633E+02
   0.47633E+02
   0.47633E+02
   0.47919E+02
   0.47919E+02
   0.47919E+02
   0.47919E+02
   0.47919E+02
   0.48683E+02
   0.48683E+02
   0.48683E+02
   0.48683E+02
   0.48683E+02
   0.47523E+02
   0.47523E+02
   0.47523E+02
   0.47523E+02
   0.47523E+02
   0.47194E+02
   0.47194E+02
   0.47194E+02
   0.47194E+02
   0.47194E+02
   0.47472E+02
   0.47472E+02
   0.47472E+02
   0.47472E+02
   0.47472E+02
   0.47202E+02
   0.47202E+02
   0.47202E+02
   0.47202E+02
   0.47202E+02
   0.48708E+02
   0.48708E+02
   0.48708E+02
   0.48708E+02
   0.48708E+02
   0.47445E+02
   0.47445E+02
   0.47445E+02
   0.47445E+02
   0.47445E+02
   0.47571E+02
   0.47571E+02
   0.47571E+02
   0.47571E+02
   0.47571E+02
   0.48016E+02
   0.48016E+02
   0.48016E+02
   0.48016E+02
   0.48016E+02
   0.48138E+02
   0.48138E+02
   0.48138E+02
   0.48138E+02
   0.48138E+02
   0.46894E+02
   0.46894E+02
   0.46894E+02
   0.46894E+02
   0.46894E+02
   0.47384E+02
   0.47384E+02
   0.47384E+02
   0.47384E+02
   0.47384E+02
   0.47213E+02
   0.47213E+02
   0.47213E+02
   0.47213E+02
   0.47213E+02
   0.47745E+02
   0.47745E+02
   0.47745E+02
   0.47745E+02
   0.47745E+02
   0.47946E+02
   0.47946E+02
   0.47946E+02
   0.47946E+02
   0.47946E+02
   0.47806E+02
   0.47806E+02
   0.47806E+02
   0.47806E+02
   0.47806E+02
   0.48395E+02
   0.48395E+02
   0.48395E+02
   0.48395E+02
   0.48395E+02
   0.47831E+02
   0.47831E+02
   0.47831E+02
   0.47831E+02
   0.47831E+02
   0.47582E+02
   0.47582E+02
   0.47582E+02
   0.47582E+02
   0.47582E+02
   0.48212E+02
   0.48212E+02
   0.48212E+02
   0.48212E+02
   0.48212E+02
   0.47936E+02
   0.47936E+02
   0.47936E+02
   0.47936E+02
   0.47936E+02
   0.48196E+02
   0.48196E+02
   0.48196E+02
   0.48196E+02
   0.48196E+02
   0.48315E+02
   0.48315E+02
   0.48315E+02
   0.48315E+02
   0.48315E+02
   0.47036E+02
   0.47036E+02
   0.47036E+02
   0.47036E+02
   0.47036E+02
   0.47106E+02
   0.47106E+02
   0.47106E+02
   0.47106E+02
   0.47106E+02
   0.48623E+02
   0.48623E+02
   0.48623E+02
   0.48623E+02
   0.48623E+02
   0.48229E+02
   0.48229E+02
   0.48229E+02
   0.48229E+02
   0.48229E+02
   0.48782E+02
   0.48782E+02
   0.48782E+02
   0.48782E+02
   0.48782E+02
   0.48296E+02
   0.48296E+02
   0.48296E+02
   0.48296E+02
   0.48296E+02
   0.47801E+02
   0.47801E+02
   0.47801E+02
   0.47801E+02
   0.47801E+02
   0.48144E+02
   0.48144E+02
   0.48144E+02
   0.48144E+02
   0.48144E+02
   0.48045E+02
   0.48045E+02
   0.48045E+02
   0.48045E+02
   0.48045E+02
   0.47681E+02
   0.47681E+02
   0.47681E+02
   0.47681E+02
   0.47681E+02
   0.47791E+02
   0.47791E+02
   0.47791E+02
   0.47791E+02
   0.47791E+02
   0.48491E+02
   0.48491E+02
   0.48491E+02
   0.48491E+02
   0.48491E+02
   0.47752E+02
   0.47752E+02
   0.47752E+02
   0.47752E+02
   0.47752E+02
   0.47498E+02
   0.47498E+02
   0.47498E+02
   0.47498E+02
   0.47498E+02
   0.48774E+02
   0.48774E+02
   0.48774E+02
   0.48774E+02
   0.48774E+02
   0.47915E+02
   0.47915E+02
   0.47915E+02
   0.47915E+02
   0.47915E+02
   0.47343E+02
   0.47343E+02
   0.47343E+02
   0.47343E+02
   0.47343E+02
   0.47514E+02
   0.47514E+02
   0.47514E+02
   0.47514E+02
   0.47514E+02
   0.47042E+02
   0.47042E+02
   0.47042E+02
   0.47042E+02
   0.47042E+02
   0.47906E+02
   0.47906E+02
   0.47906E+02
   0.47906E+02
   0.47906E+02
   0.47974E+02
   0.47974E+02
   0.47974E+02
   0.47974E+02
   0.47974E+02
   0.48494E+02
   0.48494E+02
   0.48494E+02
   0.48494E+02
   0.48494E+02
   0.48829E+02
   0.48829E+02
   0.48829E+02
   0.48829E+02
   0.48829E+02
   0.46753E+02
   0.46753E+02
   0.46753E+02
   0.46753E+02
   0.46753E+02
   0.48821E+02
   0.48821E+02
   0.48821E+02
   0.48821E+02
   0.48821E+02
   0.47638E+02
   0.47638E+02
   0.47638E+02
   0.47638E+02
   0.47638E+02
   0.48431E+02
   0.48431E+02
   0.48431E+02
   0.48431E+02
   0.48431E+02
   0.47779E+02
   0.47779E+02
   0.47779E+02
   0.47779E+02
   0.47779E+02
   0.48025E+02
   0.48025E+02
   0.48025E+02
   0.48025E+02
   0.48025E+02
   0.48029E+02
   0.48029E+02
   0.48029E+02
   0.48029E+02
   0.48029E+02
   0.47202E+02
   0.47202E+02
   0.47202E+02
   0.47202E+02
   0.47202E+02
   0.47240E+02
   0.47240E+02
   0.47240E+02
   0.47240E+02
   0.47240E+02
   0.48205E+02
   0.48205E+02
   0.48205E+02
   0.48205E+02
   0.48205E+02
   0.47742E+02
   0.47742E+02
   0.47742E+02
   0.47742E+02
   0.47742E+02
   0.47559E+02
   0.47559E+02
   0.47559E+02
   0.47559E+02
   0.47559E+02
   0.48475E+02
   0.48475E+02
   0.48475E+02
   0.48475E+02
   0.48475E+02
   0.48010E+02
   0.48010E+02
   0.48010E+02
   0.48010E+02
   0.48010E+02
   0.47597E+02
   0.47597E+02
   0.47597E+02
   0.47597E+02
   0.47597E+02
   0.48525E+02
   0.48525E+02
   0.48525E+02
   0.48525E+02
   0.48525E+02
   0.47719E+02
   0.47719E+02
   0.47719E+02
   0.47719E+02
   0.47719E+02
   0.48498E+02
   0.48498E+02
   0.48498E+02
   0.48498E+02
   0.48498E+02
   0.47717E+02
   0.47717E+02
   0.47717E+02
   0.47717E+02
   0.47717E+02
   0.48218E+02
   0.48218E+02
   0.48218E+02
   0.48218E+02
   0.48218E+02
   0.48345E+02
   0.48345E+02
   0.48345E+02
   0.48345E+02
   0.48345E+02
   0.46165E+02
   0.46165E+02
   0.46165E+02
   0.46165E+02
   0.46165E+02
   0.48514E+02
   0.48514E+02
   0.48514E+02
   0.48514E+02
   0.48514E+02
   0.47386E+02
   0.47386E+02
   0.47386E+02
   0.47386E+02
   0.47386E+02
   0.48314E+02
   0.48314E+02
   0.48314E+02
   0.48314E+02
   0.48314E+02
   0.48230E+02
   0.48230E+02
   0.48230E+02
   0.48230E+02
   0.48230E+02
   0.47206E+02
   0.47206E+02
   0.47206E+02
   0.47206E+02
   0.47206E+02
   0.47265E+02
   0.47265E+02
   0.47265E+02
   0.47265E+02
   0.47265E+02
   0.46984E+02
   0.46984E+02
   0.46984E+02
   0.46984E+02
   0.46984E+02
   0.48399E+02
   0.48399E+02
   0.48399E+02
   0.48399E+02
   0.48399E+02
   0.48865E+02
   0.48865E+02
   0.48865E+02
   0.48865E+02
   0.48865E+02
   0.47510E+02
   0.47510E+02
   0.47510E+02
   0.47510E+02
   0.47510E+02
   0.47815E+02
   0.47815E+02
   0.47815E+02
   0.47815E+02
   0.47815E+02
   0.47733E+02
   0.47733E+02
   0.47733E+02
   0.47733E+02
   0.47733E+02
   0.48783E+02
   0.48783E+02
   0.48783E+02
   0.48783E+02
   0.48783E+02
   0.46879E+02
   0.46879E+02
   0.46879E+02
   0.46879E+02
   0.46879E+02
   0.47509E+02
   0.47509E+02
   0.47509E+02
   0.47509E+02
   0.47509E+02
   0.47942E+02
   0.47942E+02
   0.47942E+02
   0.47942E+02
   0.47942E+02
   0.47302E+02
   0.47302E+02
   0.47302E+02
   0.47302E+02
   0.47302E+02
   0.47836E+02
   0.47836E+02
   0.47836E+02
   0.47836E+02
   0.47836E+02
   0.47050E+02
   0.47050E+02
   0.47050E+02
   0.47050E+02
   0.47050E+02
   0.46866E+02
   0.46866E+02
   0.46866E+02
   0.46866E+02
   0.46866E+02
   0.47689E+02
   0.47689E+02
   0.47689E+02
   0.47689E+02
   0.47689E+02
   0.47854E+02
   0.47854E+02
   0.47854E+02
   0.47854E+02
   0.47854E+02
   0.47508E+02
   0.47508E+02
   0.47508E+02
   0.47508E+02
   0.47508E+02
   0.47086E+02
   0.47086E+02
   0.47086E+02
   0.47086E+02
   0.47086E+02
   0.47189E+02
   0.47189E+02
   0.47189E+02
   0.47189E+02
   0.47189E+02
   0.48127E+02
   0.48127E+02
   0.48127E+02
   0.48127E+02
   0.48127E+02
   0.47247E+02
   0.47247E+02
   0.47247E+02
   0.47247E+02
   0.47247E+02
   0.47915E+02
   0.47915E+02
   0.47915E+02
   0.47915E+02
   0.47915E+02
   0.47195E+02
   0.47195E+02
   0.47195E+02
   0.47195E+02
   0.47195E+02
   0.48602E+02
   0.48602E+02
   0.48602E+02
   0.48602E+02
   0.48602E+02
   0.47214E+02
   0.47214E+02
   0.47214E+02
   0.47214E+02
   0.47214E+02
   0.47541E+02
   0.47541E+02
   0.47541E+02
   0.47541E+02
   0.47541E+02
   0.48072E+02
   0.48072E+02
   0.48072E+02
   0.48072E+02
   0.48072E+02
   0.47365E+02
   0.47365E+02
   0.47365E+02
   0.47365E+02
   0.47365E+02
   0.47033E+02
   0.47033E+02
   0.47033E+02
   0.47033E+02
   0.47033E+02
   0.48235E+02
   0.48235E+02
   0.48235E+02
   0.48235E+02
   0.48235E+02
   0.48199E+02
   0.48199E+02
   0.48199E+02
   0.48199E+02
   0.48199E+02
   0.47619E+02
   0.47619E+02
   0.47619E+02
   0.47619E+02
   0.47619E+02
   0.47890E+02
   0.47890E+02
   0.47890E+02
   0.47890E+02
   0.47890E+02
   0.47633E+02
   0.47633E+02
   0.47633E+02
   0.47633E+02
   0.47633E+02
   0.47813E+02
   0.47813E+02
   0.47813E+02
   0.47813E+02
   0.47813E+02
   0.47712E+02
   0.47712E+02
   0.47712E+02
   0.47712E+02
   0.47712E+02
   0.47347E+02
   0.47347E+02
   0.47347E+02
   0.47347E+02
   0.47347E+02
   0.48431E+02
   0.48431E+02
   0.48431E+02
   0.48431E+02
   0.48431E+02
   0.48068E+02
   0.48068E+02
   0.48068E+02
   0.48068E+02
   0.48068E+02
   0.47354E+02
   0.47354E+02
   0.47354E+02
   0.47354E+02
   0.47354E+02
   0.47675E+02
   0.47675E+02
   0.47675E+02
   0.47675E+02
   0.47675E+02
   0.47148E+02
   0.47148E+02
   0.47148E+02
   0.47148E+02
   0.47148E+02
   0.47552E+02
   0.47552E+02
   0.47552E+02
   0.47552E+02
   0.47552E+02
   0.47454E+02
   0.47454E+02
   0.47454E+02
   0.47454E+02
   0.47454E+02
   0.48158E+02
   0.48158E+02
   0.48158E+02
   0.48158E+02
   0.48158E+02
   0.48406E+02
   0.48406E+02
   0.48406E+02
   0.48406E+02
   0.48406E+02
   0.48067E+02
   0.48067E+02
   0.48067E+02
   0.48067E+02
   0.48067E+02
   0.47518E+02
   0.47518E+02
   0.47518E+02
   0.47518E+02
   0.47518E+02
   0.48951E+02
   0.48951E+02
   0.48951E+02
   0.48951E+02
   0.48951E+02
