   0.43828E+02
   0.43828E+02
   0.43828E+02
   0.43828E+02
   0.43828E+02
   0.43922E+02
   0.43922E+02
   0.43922E+02
   0.43922E+02
   0.43922E+02
   0.43989E+02
   0.43989E+02
   0.43989E+02
   0.43989E+02
   0.43989E+02
   0.43262E+02
   0.43262E+02
   0.43262E+02
   0.43262E+02
   0.43262E+02
   0.43763E+02
   0.43763E+02
   0.43763E+02
   0.43763E+02
   0.43763E+02
   0.45492E+02
   0.45492E+02
   0.45492E+02
   0.45492E+02
   0.45492E+02
   0.44409E+02
   0.44409E+02
   0.44409E+02
   0.44409E+02
   0.44409E+02
   0.44666E+02
   0.44666E+02
   0.44666E+02
   0.44666E+02
   0.44666E+02
   0.45200E+02
   0.45200E+02
   0.45200E+02
   0.45200E+02
   0.45200E+02
   0.43529E+02
   0.43529E+02
   0.43529E+02
   0.43529E+02
   0.43529E+02
   0.42890E+02
   0.42890E+02
   0.42890E+02
   0.42890E+02
   0.42890E+02
   0.44052E+02
   0.44052E+02
   0.44052E+02
   0.44052E+02
   0.44052E+02
   0.43484E+02
   0.43484E+02
   0.43484E+02
   0.43484E+02
   0.43484E+02
   0.44070E+02
   0.44070E+02
   0.44070E+02
   0.44070E+02
   0.44070E+02
   0.43337E+02
   0.43337E+02
   0.43337E+02
   0.43337E+02
   0.43337E+02
   0.44764E+02
   0.44764E+02
   0.44764E+02
   0.44764E+02
   0.44764E+02
   0.43227E+02
   0.43227E+02
   0.43227E+02
   0.43227E+02
   0.43227E+02
   0.42989E+02
   0.42989E+02
   0.42989E+02
   0.42989E+02
   0.42989E+02
   0.44314E+02
   0.44314E+02
   0.44314E+02
   0.44314E+02
   0.44314E+02
   0.44001E+02
   0.44001E+02
   0.44001E+02
   0.44001E+02
   0.44001E+02
   0.44467E+02
   0.44467E+02
   0.44467E+02
   0.44467E+02
   0.44467E+02
   0.44900E+02
   0.44900E+02
   0.44900E+02
   0.44900E+02
   0.44900E+02
   0.44039E+02
   0.44039E+02
   0.44039E+02
   0.44039E+02
   0.44039E+02
   0.43931E+02
   0.43931E+02
   0.43931E+02
   0.43931E+02
   0.43931E+02
   0.43756E+02
   0.43756E+02
   0.43756E+02
   0.43756E+02
   0.43756E+02
   0.42838E+02
   0.42838E+02
   0.42838E+02
   0.42838E+02
   0.42838E+02
   0.43166E+02
   0.43166E+02
   0.43166E+02
   0.43166E+02
   0.43166E+02
   0.44470E+02
   0.44470E+02
   0.44470E+02
   0.44470E+02
   0.44470E+02
   0.43576E+02
   0.43576E+02
   0.43576E+02
   0.43576E+02
   0.43576E+02
   0.42963E+02
   0.42963E+02
   0.42963E+02
   0.42963E+02
   0.42963E+02
   0.43806E+02
   0.43806E+02
   0.43806E+02
   0.43806E+02
   0.43806E+02
   0.44585E+02
   0.44585E+02
   0.44585E+02
   0.44585E+02
   0.44585E+02
   0.44366E+02
   0.44366E+02
   0.44366E+02
   0.44366E+02
   0.44366E+02
   0.43282E+02
   0.43282E+02
   0.43282E+02
   0.43282E+02
   0.43282E+02
   0.43775E+02
   0.43775E+02
   0.43775E+02
   0.43775E+02
   0.43775E+02
   0.44128E+02
   0.44128E+02
   0.44128E+02
   0.44128E+02
   0.44128E+02
   0.44209E+02
   0.44209E+02
   0.44209E+02
   0.44209E+02
   0.44209E+02
   0.43605E+02
   0.43605E+02
   0.43605E+02
   0.43605E+02
   0.43605E+02
   0.43247E+02
   0.43247E+02
   0.43247E+02
   0.43247E+02
   0.43247E+02
   0.44803E+02
   0.44803E+02
   0.44803E+02
   0.44803E+02
   0.44803E+02
   0.44261E+02
   0.44261E+02
   0.44261E+02
   0.44261E+02
   0.44261E+02
   0.44215E+02
   0.44215E+02
   0.44215E+02
   0.44215E+02
   0.44215E+02
   0.44290E+02
   0.44290E+02
   0.44290E+02
   0.44290E+02
   0.44290E+02
   0.43972E+02
   0.43972E+02
   0.43972E+02
   0.43972E+02
   0.43972E+02
   0.43733E+02
   0.43733E+02
   0.43733E+02
   0.43733E+02
   0.43733E+02
   0.43338E+02
   0.43338E+02
   0.43338E+02
   0.43338E+02
   0.43338E+02
   0.43249E+02
   0.43249E+02
   0.43249E+02
   0.43249E+02
   0.43249E+02
   0.44073E+02
   0.44073E+02
   0.44073E+02
   0.44073E+02
   0.44073E+02
   0.44516E+02
   0.44516E+02
   0.44516E+02
   0.44516E+02
   0.44516E+02
   0.43460E+02
   0.43460E+02
   0.43460E+02
   0.43460E+02
   0.43460E+02
   0.43624E+02
   0.43624E+02
   0.43624E+02
   0.43624E+02
   0.43624E+02
   0.43326E+02
   0.43326E+02
   0.43326E+02
   0.43326E+02
   0.43326E+02
   0.43788E+02
   0.43788E+02
   0.43788E+02
   0.43788E+02
   0.43788E+02
   0.43523E+02
   0.43523E+02
   0.43523E+02
   0.43523E+02
   0.43523E+02
   0.43073E+02
   0.43073E+02
   0.43073E+02
   0.43073E+02
   0.43073E+02
   0.44714E+02
   0.44714E+02
   0.44714E+02
   0.44714E+02
   0.44714E+02
   0.43936E+02
   0.43936E+02
   0.43936E+02
   0.43936E+02
   0.43936E+02
   0.43539E+02
   0.43539E+02
   0.43539E+02
   0.43539E+02
   0.43539E+02
   0.44564E+02
   0.44564E+02
   0.44564E+02
   0.44564E+02
   0.44564E+02
   0.44058E+02
   0.44058E+02
   0.44058E+02
   0.44058E+02
   0.44058E+02
   0.43962E+02
   0.43962E+02
   0.43962E+02
   0.43962E+02
   0.43962E+02
   0.43460E+02
   0.43460E+02
   0.43460E+02
   0.43460E+02
   0.43460E+02
   0.44155E+02
   0.44155E+02
   0.44155E+02
   0.44155E+02
   0.44155E+02
   0.44637E+02
   0.44637E+02
   0.44637E+02
   0.44637E+02
   0.44637E+02
   0.43802E+02
   0.43802E+02
   0.43802E+02
   0.43802E+02
   0.43802E+02
   0.43699E+02
   0.43699E+02
   0.43699E+02
   0.43699E+02
   0.43699E+02
   0.43591E+02
   0.43591E+02
   0.43591E+02
   0.43591E+02
   0.43591E+02
   0.44111E+02
   0.44111E+02
   0.44111E+02
   0.44111E+02
   0.44111E+02
   0.43231E+02
   0.43231E+02
   0.43231E+02
   0.43231E+02
   0.43231E+02
   0.43256E+02
   0.43256E+02
   0.43256E+02
   0.43256E+02
   0.43256E+02
   0.43843E+02
   0.43843E+02
   0.43843E+02
   0.43843E+02
   0.43843E+02
   0.43991E+02
   0.43991E+02
   0.43991E+02
   0.43991E+02
   0.43991E+02
   0.43910E+02
   0.43910E+02
   0.43910E+02
   0.43910E+02
   0.43910E+02
   0.43785E+02
   0.43785E+02
   0.43785E+02
   0.43785E+02
   0.43785E+02
   0.43355E+02
   0.43355E+02
   0.43355E+02
   0.43355E+02
   0.43355E+02
   0.43732E+02
   0.43732E+02
   0.43732E+02
   0.43732E+02
   0.43732E+02
   0.44417E+02
   0.44417E+02
   0.44417E+02
   0.44417E+02
   0.44417E+02
   0.43159E+02
   0.43159E+02
   0.43159E+02
   0.43159E+02
   0.43159E+02
   0.43404E+02
   0.43404E+02
   0.43404E+02
   0.43404E+02
   0.43404E+02
   0.43037E+02
   0.43037E+02
   0.43037E+02
   0.43037E+02
   0.43037E+02
   0.44182E+02
   0.44182E+02
   0.44182E+02
   0.44182E+02
   0.44182E+02
   0.44102E+02
   0.44102E+02
   0.44102E+02
   0.44102E+02
   0.44102E+02
   0.43589E+02
   0.43589E+02
   0.43589E+02
   0.43589E+02
   0.43589E+02
   0.44163E+02
   0.44163E+02
   0.44163E+02
   0.44163E+02
   0.44163E+02
   0.42884E+02
   0.42884E+02
   0.42884E+02
   0.42884E+02
   0.42884E+02
   0.44389E+02
   0.44389E+02
   0.44389E+02
   0.44389E+02
   0.44389E+02
   0.42889E+02
   0.42889E+02
   0.42889E+02
   0.42889E+02
   0.42889E+02
   0.43217E+02
   0.43217E+02
   0.43217E+02
   0.43217E+02
   0.43217E+02
   0.44020E+02
   0.44020E+02
   0.44020E+02
   0.44020E+02
   0.44020E+02
   0.44189E+02
   0.44189E+02
   0.44189E+02
   0.44189E+02
   0.44189E+02
   0.43182E+02
   0.43182E+02
   0.43182E+02
   0.43182E+02
   0.43182E+02
   0.44375E+02
   0.44375E+02
   0.44375E+02
   0.44375E+02
   0.44375E+02
   0.43833E+02
   0.43833E+02
   0.43833E+02
   0.43833E+02
   0.43833E+02
   0.43756E+02
   0.43756E+02
   0.43756E+02
   0.43756E+02
   0.43756E+02
   0.43964E+02
   0.43964E+02
   0.43964E+02
   0.43964E+02
   0.43964E+02
   0.44141E+02
   0.44141E+02
   0.44141E+02
   0.44141E+02
   0.44141E+02
   0.43498E+02
   0.43498E+02
   0.43498E+02
   0.43498E+02
   0.43498E+02
   0.44135E+02
   0.44135E+02
   0.44135E+02
   0.44135E+02
   0.44135E+02
   0.43075E+02
   0.43075E+02
   0.43075E+02
   0.43075E+02
   0.43075E+02
   0.43541E+02
   0.43541E+02
   0.43541E+02
   0.43541E+02
   0.43541E+02
   0.44076E+02
   0.44076E+02
   0.44076E+02
   0.44076E+02
   0.44076E+02
   0.44059E+02
   0.44059E+02
   0.44059E+02
   0.44059E+02
   0.44059E+02
   0.44184E+02
   0.44184E+02
   0.44184E+02
   0.44184E+02
   0.44184E+02
   0.44284E+02
   0.44284E+02
   0.44284E+02
   0.44284E+02
   0.44284E+02
   0.43428E+02
   0.43428E+02
   0.43428E+02
   0.43428E+02
   0.43428E+02
   0.43902E+02
   0.43902E+02
   0.43902E+02
   0.43902E+02
   0.43902E+02
   0.44539E+02
   0.44539E+02
   0.44539E+02
   0.44539E+02
   0.44539E+02
   0.44239E+02
   0.44239E+02
   0.44239E+02
   0.44239E+02
   0.44239E+02
   0.43619E+02
   0.43619E+02
   0.43619E+02
   0.43619E+02
   0.43619E+02
   0.43922E+02
   0.43922E+02
   0.43922E+02
   0.43922E+02
   0.43922E+02
   0.43016E+02
   0.43016E+02
   0.43016E+02
   0.43016E+02
   0.43016E+02
   0.44139E+02
   0.44139E+02
   0.44139E+02
   0.44139E+02
   0.44139E+02
   0.43946E+02
   0.43946E+02
   0.43946E+02
   0.43946E+02
   0.43946E+02
   0.43910E+02
   0.43910E+02
   0.43910E+02
   0.43910E+02
   0.43910E+02
   0.44776E+02
   0.44776E+02
   0.44776E+02
   0.44776E+02
   0.44776E+02
   0.43525E+02
   0.43525E+02
   0.43525E+02
   0.43525E+02
   0.43525E+02
   0.42822E+02
   0.42822E+02
   0.42822E+02
   0.42822E+02
   0.42822E+02
   0.43569E+02
   0.43569E+02
   0.43569E+02
   0.43569E+02
   0.43569E+02
   0.44177E+02
   0.44177E+02
   0.44177E+02
   0.44177E+02
   0.44177E+02
   0.44520E+02
   0.44520E+02
   0.44520E+02
   0.44520E+02
   0.44520E+02
   0.44223E+02
   0.44223E+02
   0.44223E+02
   0.44223E+02
   0.44223E+02
   0.43875E+02
   0.43875E+02
   0.43875E+02
   0.43875E+02
   0.43875E+02
   0.43660E+02
   0.43660E+02
   0.43660E+02
   0.43660E+02
   0.43660E+02
   0.45017E+02
   0.45017E+02
   0.45017E+02
   0.45017E+02
   0.45017E+02
   0.44470E+02
   0.44470E+02
   0.44470E+02
   0.44470E+02
   0.44470E+02
   0.44128E+02
   0.44128E+02
   0.44128E+02
   0.44128E+02
   0.44128E+02
   0.43924E+02
   0.43924E+02
   0.43924E+02
   0.43924E+02
   0.43924E+02
   0.43874E+02
   0.43874E+02
   0.43874E+02
   0.43874E+02
   0.43874E+02
   0.44353E+02
   0.44353E+02
   0.44353E+02
   0.44353E+02
   0.44353E+02
   0.43197E+02
   0.43197E+02
   0.43197E+02
   0.43197E+02
   0.43197E+02
   0.44988E+02
   0.44988E+02
   0.44988E+02
   0.44988E+02
   0.44988E+02
   0.43497E+02
   0.43497E+02
   0.43497E+02
   0.43497E+02
   0.43497E+02
   0.43399E+02
   0.43399E+02
   0.43399E+02
   0.43399E+02
   0.43399E+02
   0.44780E+02
   0.44780E+02
   0.44780E+02
   0.44780E+02
   0.44780E+02
   0.44676E+02
   0.44676E+02
   0.44676E+02
   0.44676E+02
   0.44676E+02
   0.42883E+02
   0.42883E+02
   0.42883E+02
   0.42883E+02
   0.42883E+02
   0.44623E+02
   0.44623E+02
   0.44623E+02
   0.44623E+02
   0.44623E+02
   0.42934E+02
   0.42934E+02
   0.42934E+02
   0.42934E+02
   0.42934E+02
   0.44279E+02
   0.44279E+02
   0.44279E+02
   0.44279E+02
   0.44279E+02
   0.42794E+02
   0.42794E+02
   0.42794E+02
   0.42794E+02
   0.42794E+02
   0.44305E+02
   0.44305E+02
   0.44305E+02
   0.44305E+02
   0.44305E+02
   0.43671E+02
   0.43671E+02
   0.43671E+02
   0.43671E+02
   0.43671E+02
   0.44345E+02
   0.44345E+02
   0.44345E+02
   0.44345E+02
   0.44345E+02
   0.43941E+02
   0.43941E+02
   0.43941E+02
   0.43941E+02
   0.43941E+02
   0.44566E+02
   0.44566E+02
   0.44566E+02
   0.44566E+02
   0.44566E+02
   0.44068E+02
   0.44068E+02
   0.44068E+02
   0.44068E+02
   0.44068E+02
   0.44011E+02
   0.44011E+02
   0.44011E+02
   0.44011E+02
   0.44011E+02
   0.43822E+02
   0.43822E+02
   0.43822E+02
   0.43822E+02
   0.43822E+02
   0.44058E+02
   0.44058E+02
   0.44058E+02
   0.44058E+02
   0.44058E+02
   0.43267E+02
   0.43267E+02
   0.43267E+02
   0.43267E+02
   0.43267E+02
   0.43164E+02
   0.43164E+02
   0.43164E+02
   0.43164E+02
   0.43164E+02
   0.43084E+02
   0.43084E+02
   0.43084E+02
   0.43084E+02
   0.43084E+02
   0.44512E+02
   0.44512E+02
   0.44512E+02
   0.44512E+02
   0.44512E+02
   0.42882E+02
   0.42882E+02
   0.42882E+02
   0.42882E+02
   0.42882E+02
   0.44399E+02
   0.44399E+02
   0.44399E+02
   0.44399E+02
   0.44399E+02
   0.44540E+02
   0.44540E+02
   0.44540E+02
   0.44540E+02
   0.44540E+02
   0.43350E+02
   0.43350E+02
   0.43350E+02
   0.43350E+02
   0.43350E+02
   0.43519E+02
   0.43519E+02
   0.43519E+02
   0.43519E+02
   0.43519E+02
   0.42919E+02
   0.42919E+02
   0.42919E+02
   0.42919E+02
   0.42919E+02
   0.43630E+02
   0.43630E+02
   0.43630E+02
   0.43630E+02
   0.43630E+02
   0.43644E+02
   0.43644E+02
   0.43644E+02
   0.43644E+02
   0.43644E+02
   0.43707E+02
   0.43707E+02
   0.43707E+02
   0.43707E+02
   0.43707E+02
   0.43647E+02
   0.43647E+02
   0.43647E+02
   0.43647E+02
   0.43647E+02
   0.43743E+02
   0.43743E+02
   0.43743E+02
   0.43743E+02
   0.43743E+02
   0.44027E+02
   0.44027E+02
   0.44027E+02
   0.44027E+02
   0.44027E+02
   0.43397E+02
   0.43397E+02
   0.43397E+02
   0.43397E+02
   0.43397E+02
   0.43805E+02
   0.43805E+02
   0.43805E+02
   0.43805E+02
   0.43805E+02
   0.45015E+02
   0.45015E+02
   0.45015E+02
   0.45015E+02
   0.45015E+02
   0.44276E+02
   0.44276E+02
   0.44276E+02
   0.44276E+02
   0.44276E+02
   0.43036E+02
   0.43036E+02
   0.43036E+02
   0.43036E+02
   0.43036E+02
   0.43887E+02
   0.43887E+02
   0.43887E+02
   0.43887E+02
   0.43887E+02
   0.43341E+02
   0.43341E+02
   0.43341E+02
   0.43341E+02
   0.43341E+02
   0.44017E+02
   0.44017E+02
   0.44017E+02
   0.44017E+02
   0.44017E+02
   0.43629E+02
   0.43629E+02
   0.43629E+02
   0.43629E+02
   0.43629E+02
   0.42707E+02
   0.42707E+02
   0.42707E+02
   0.42707E+02
   0.42707E+02
   0.43645E+02
   0.43645E+02
   0.43645E+02
   0.43645E+02
   0.43645E+02
   0.43921E+02
   0.43921E+02
   0.43921E+02
   0.43921E+02
   0.43921E+02
   0.43972E+02
   0.43972E+02
   0.43972E+02
   0.43972E+02
   0.43972E+02
   0.43592E+02
   0.43592E+02
   0.43592E+02
   0.43592E+02
   0.43592E+02
   0.44248E+02
   0.44248E+02
   0.44248E+02
   0.44248E+02
   0.44248E+02
   0.43328E+02
   0.43328E+02
   0.43328E+02
   0.43328E+02
   0.43328E+02
   0.44326E+02
   0.44326E+02
   0.44326E+02
   0.44326E+02
   0.44326E+02
   0.43527E+02
   0.43527E+02
   0.43527E+02
   0.43527E+02
   0.43527E+02
   0.43952E+02
   0.43952E+02
   0.43952E+02
   0.43952E+02
   0.43952E+02
   0.43576E+02
   0.43576E+02
   0.43576E+02
   0.43576E+02
   0.43576E+02
   0.42881E+02
   0.42881E+02
   0.42881E+02
   0.42881E+02
   0.42881E+02
   0.43934E+02
   0.43934E+02
   0.43934E+02
   0.43934E+02
   0.43934E+02
   0.43720E+02
   0.43720E+02
   0.43720E+02
   0.43720E+02
   0.43720E+02
   0.43608E+02
   0.43608E+02
   0.43608E+02
   0.43608E+02
   0.43608E+02
   0.44067E+02
   0.44067E+02
   0.44067E+02
   0.44067E+02
   0.44067E+02
   0.44140E+02
   0.44140E+02
   0.44140E+02
   0.44140E+02
   0.44140E+02
   0.43462E+02
   0.43462E+02
   0.43462E+02
   0.43462E+02
   0.43462E+02
   0.43706E+02
   0.43706E+02
   0.43706E+02
   0.43706E+02
   0.43706E+02
   0.44182E+02
   0.44182E+02
   0.44182E+02
   0.44182E+02
   0.44182E+02
   0.44049E+02
   0.44049E+02
   0.44049E+02
   0.44049E+02
   0.44049E+02
   0.43642E+02
   0.43642E+02
   0.43642E+02
   0.43642E+02
   0.43642E+02
   0.43340E+02
   0.43340E+02
   0.43340E+02
   0.43340E+02
   0.43340E+02
   0.43435E+02
   0.43435E+02
   0.43435E+02
   0.43435E+02
   0.43435E+02
   0.43877E+02
   0.43877E+02
   0.43877E+02
   0.43877E+02
   0.43877E+02
   0.43661E+02
   0.43661E+02
   0.43661E+02
   0.43661E+02
   0.43661E+02
   0.43793E+02
   0.43793E+02
   0.43793E+02
   0.43793E+02
   0.43793E+02
   0.44027E+02
   0.44027E+02
   0.44027E+02
   0.44027E+02
   0.44027E+02
   0.43511E+02
   0.43511E+02
   0.43511E+02
   0.43511E+02
   0.43511E+02
   0.44046E+02
   0.44046E+02
   0.44046E+02
   0.44046E+02
   0.44046E+02
   0.44231E+02
   0.44231E+02
   0.44231E+02
   0.44231E+02
   0.44231E+02
   0.43453E+02
   0.43453E+02
   0.43453E+02
   0.43453E+02
   0.43453E+02
   0.44628E+02
   0.44628E+02
   0.44628E+02
   0.44628E+02
   0.44628E+02
   0.43662E+02
   0.43662E+02
   0.43662E+02
   0.43662E+02
   0.43662E+02
   0.43402E+02
   0.43402E+02
   0.43402E+02
   0.43402E+02
   0.43402E+02
   0.44678E+02
   0.44678E+02
   0.44678E+02
   0.44678E+02
   0.44678E+02
   0.43336E+02
   0.43336E+02
   0.43336E+02
   0.43336E+02
   0.43336E+02
   0.44161E+02
   0.44161E+02
   0.44161E+02
   0.44161E+02
   0.44161E+02
   0.43490E+02
   0.43490E+02
   0.43490E+02
   0.43490E+02
   0.43490E+02
   0.43671E+02
   0.43671E+02
   0.43671E+02
   0.43671E+02
   0.43671E+02
   0.44104E+02
   0.44104E+02
   0.44104E+02
   0.44104E+02
   0.44104E+02
   0.44853E+02
   0.44853E+02
   0.44853E+02
   0.44853E+02
   0.44853E+02
   0.44429E+02
   0.44429E+02
   0.44429E+02
   0.44429E+02
   0.44429E+02
   0.43076E+02
   0.43076E+02
   0.43076E+02
   0.43076E+02
   0.43076E+02
   0.43968E+02
   0.43968E+02
   0.43968E+02
   0.43968E+02
   0.43968E+02
   0.44053E+02
   0.44053E+02
   0.44053E+02
   0.44053E+02
   0.44053E+02
   0.43703E+02
   0.43703E+02
   0.43703E+02
   0.43703E+02
   0.43703E+02
   0.43699E+02
   0.43699E+02
   0.43699E+02
   0.43699E+02
   0.43699E+02
   0.43646E+02
   0.43646E+02
   0.43646E+02
   0.43646E+02
   0.43646E+02
   0.43645E+02
   0.43645E+02
   0.43645E+02
   0.43645E+02
   0.43645E+02
   0.43630E+02
   0.43630E+02
   0.43630E+02
   0.43630E+02
   0.43630E+02
   0.43818E+02
   0.43818E+02
   0.43818E+02
   0.43818E+02
   0.43818E+02
   0.43083E+02
   0.43083E+02
   0.43083E+02
   0.43083E+02
   0.43083E+02
   0.44468E+02
   0.44468E+02
   0.44468E+02
   0.44468E+02
   0.44468E+02
   0.44245E+02
   0.44245E+02
   0.44245E+02
   0.44245E+02
   0.44245E+02
   0.43683E+02
   0.43683E+02
   0.43683E+02
   0.43683E+02
   0.43683E+02
   0.44065E+02
   0.44065E+02
   0.44065E+02
   0.44065E+02
   0.44065E+02
   0.43520E+02
   0.43520E+02
   0.43520E+02
   0.43520E+02
   0.43520E+02
   0.43855E+02
   0.43855E+02
   0.43855E+02
   0.43855E+02
   0.43855E+02
   0.44152E+02
   0.44152E+02
   0.44152E+02
   0.44152E+02
   0.44152E+02
   0.43887E+02
   0.43887E+02
   0.43887E+02
   0.43887E+02
   0.43887E+02
   0.43930E+02
   0.43930E+02
   0.43930E+02
   0.43930E+02
   0.43930E+02
   0.44076E+02
   0.44076E+02
   0.44076E+02
   0.44076E+02
   0.44076E+02
   0.43516E+02
   0.43516E+02
   0.43516E+02
   0.43516E+02
   0.43516E+02
   0.44689E+02
   0.44689E+02
   0.44689E+02
   0.44689E+02
   0.44689E+02
   0.43642E+02
   0.43642E+02
   0.43642E+02
   0.43642E+02
   0.43642E+02
   0.43525E+02
   0.43525E+02
   0.43525E+02
   0.43525E+02
   0.43525E+02
   0.43710E+02
   0.43710E+02
   0.43710E+02
   0.43710E+02
   0.43710E+02
   0.43299E+02
   0.43299E+02
   0.43299E+02
   0.43299E+02
   0.43299E+02
   0.44283E+02
   0.44283E+02
   0.44283E+02
   0.44283E+02
   0.44283E+02
   0.43606E+02
   0.43606E+02
   0.43606E+02
   0.43606E+02
   0.43606E+02
   0.44162E+02
   0.44162E+02
   0.44162E+02
   0.44162E+02
   0.44162E+02
   0.43048E+02
   0.43048E+02
   0.43048E+02
   0.43048E+02
   0.43048E+02
   0.44377E+02
   0.44377E+02
   0.44377E+02
   0.44377E+02
   0.44377E+02
   0.43678E+02
   0.43678E+02
   0.43678E+02
   0.43678E+02
   0.43678E+02
   0.44163E+02
   0.44163E+02
   0.44163E+02
   0.44163E+02
   0.44163E+02
   0.44493E+02
   0.44493E+02
   0.44493E+02
   0.44493E+02
   0.44493E+02
   0.44273E+02
   0.44273E+02
   0.44273E+02
   0.44273E+02
   0.44273E+02
   0.44095E+02
   0.44095E+02
   0.44095E+02
   0.44095E+02
   0.44095E+02
   0.43576E+02
   0.43576E+02
   0.43576E+02
   0.43576E+02
   0.43576E+02
   0.44537E+02
   0.44537E+02
   0.44537E+02
   0.44537E+02
   0.44537E+02
   0.44922E+02
   0.44922E+02
   0.44922E+02
   0.44922E+02
   0.44922E+02
   0.43314E+02
   0.43314E+02
   0.43314E+02
   0.43314E+02
   0.43314E+02
   0.43895E+02
   0.43895E+02
   0.43895E+02
   0.43895E+02
   0.43895E+02
   0.44475E+02
   0.44475E+02
   0.44475E+02
   0.44475E+02
   0.44475E+02
   0.44025E+02
   0.44025E+02
   0.44025E+02
   0.44025E+02
   0.44025E+02
   0.43320E+02
   0.43320E+02
   0.43320E+02
   0.43320E+02
   0.43320E+02
   0.43966E+02
   0.43966E+02
   0.43966E+02
   0.43966E+02
   0.43966E+02
   0.43394E+02
   0.43394E+02
   0.43394E+02
   0.43394E+02
   0.43394E+02
   0.44068E+02
   0.44068E+02
   0.44068E+02
   0.44068E+02
   0.44068E+02
   0.43547E+02
   0.43547E+02
   0.43547E+02
   0.43547E+02
   0.43547E+02
   0.44500E+02
   0.44500E+02
   0.44500E+02
   0.44500E+02
   0.44500E+02
   0.43070E+02
   0.43070E+02
   0.43070E+02
   0.43070E+02
   0.43070E+02
   0.44369E+02
   0.44369E+02
   0.44369E+02
   0.44369E+02
   0.44369E+02
   0.43794E+02
   0.43794E+02
   0.43794E+02
   0.43794E+02
   0.43794E+02
   0.44704E+02
   0.44704E+02
   0.44704E+02
   0.44704E+02
   0.44704E+02
   0.44039E+02
   0.44039E+02
   0.44039E+02
   0.44039E+02
   0.44039E+02
   0.44864E+02
   0.44864E+02
   0.44864E+02
   0.44864E+02
   0.44864E+02
   0.44336E+02
   0.44336E+02
   0.44336E+02
   0.44336E+02
   0.44336E+02
   0.44570E+02
   0.44570E+02
   0.44570E+02
   0.44570E+02
   0.44570E+02
   0.44474E+02
   0.44474E+02
   0.44474E+02
   0.44474E+02
   0.44474E+02
   0.44484E+02
   0.44484E+02
   0.44484E+02
   0.44484E+02
   0.44484E+02
   0.45445E+02
   0.45445E+02
   0.45445E+02
   0.45445E+02
   0.45445E+02
   0.45082E+02
   0.45082E+02
   0.45082E+02
   0.45082E+02
   0.45082E+02
   0.44067E+02
   0.44067E+02
   0.44067E+02
   0.44067E+02
   0.44067E+02
   0.43552E+02
   0.43552E+02
   0.43552E+02
   0.43552E+02
   0.43552E+02
   0.44005E+02
   0.44005E+02
   0.44005E+02
   0.44005E+02
   0.44005E+02
   0.44177E+02
   0.44177E+02
   0.44177E+02
   0.44177E+02
   0.44177E+02
   0.43699E+02
   0.43699E+02
   0.43699E+02
   0.43699E+02
   0.43699E+02
   0.43982E+02
   0.43982E+02
   0.43982E+02
   0.43982E+02
   0.43982E+02
   0.43849E+02
   0.43849E+02
   0.43849E+02
   0.43849E+02
   0.43849E+02
   0.43877E+02
   0.43877E+02
   0.43877E+02
   0.43877E+02
   0.43877E+02
   0.43496E+02
   0.43496E+02
   0.43496E+02
   0.43496E+02
   0.43496E+02
   0.44545E+02
   0.44545E+02
   0.44545E+02
   0.44545E+02
   0.44545E+02
   0.44102E+02
   0.44102E+02
   0.44102E+02
   0.44102E+02
   0.44102E+02
   0.43786E+02
   0.43786E+02
   0.43786E+02
   0.43786E+02
   0.43786E+02
   0.43527E+02
   0.43527E+02
   0.43527E+02
   0.43527E+02
   0.43527E+02
   0.43877E+02
   0.43877E+02
   0.43877E+02
   0.43877E+02
   0.43877E+02
   0.44160E+02
   0.44160E+02
   0.44160E+02
   0.44160E+02
   0.44160E+02
   0.43123E+02
   0.43123E+02
   0.43123E+02
   0.43123E+02
   0.43123E+02
   0.43178E+02
   0.43178E+02
   0.43178E+02
   0.43178E+02
   0.43178E+02
   0.43330E+02
   0.43330E+02
   0.43330E+02
   0.43330E+02
   0.43330E+02
   0.43915E+02
   0.43915E+02
   0.43915E+02
   0.43915E+02
   0.43915E+02
   0.44619E+02
   0.44619E+02
   0.44619E+02
   0.44619E+02
   0.44619E+02
   0.44698E+02
   0.44698E+02
   0.44698E+02
   0.44698E+02
   0.44698E+02
   0.44377E+02
   0.44377E+02
   0.44377E+02
   0.44377E+02
   0.44377E+02
   0.43860E+02
   0.43860E+02
   0.43860E+02
   0.43860E+02
   0.43860E+02
   0.44425E+02
   0.44425E+02
   0.44425E+02
   0.44425E+02
   0.44425E+02
   0.43777E+02
   0.43777E+02
   0.43777E+02
   0.43777E+02
   0.43777E+02
   0.43758E+02
   0.43758E+02
   0.43758E+02
   0.43758E+02
   0.43758E+02
   0.43691E+02
   0.43691E+02
   0.43691E+02
   0.43691E+02
   0.43691E+02
   0.43151E+02
   0.43151E+02
   0.43151E+02
   0.43151E+02
   0.43151E+02
   0.43686E+02
   0.43686E+02
   0.43686E+02
   0.43686E+02
   0.43686E+02
   0.43752E+02
   0.43752E+02
   0.43752E+02
   0.43752E+02
   0.43752E+02
   0.44313E+02
   0.44313E+02
   0.44313E+02
   0.44313E+02
   0.44313E+02
   0.44198E+02
   0.44198E+02
   0.44198E+02
   0.44198E+02
   0.44198E+02
   0.44470E+02
   0.44470E+02
   0.44470E+02
   0.44470E+02
   0.44470E+02
   0.43892E+02
   0.43892E+02
   0.43892E+02
   0.43892E+02
   0.43892E+02
   0.44186E+02
   0.44186E+02
   0.44186E+02
   0.44186E+02
   0.44186E+02
   0.43749E+02
   0.43749E+02
   0.43749E+02
   0.43749E+02
   0.43749E+02
   0.44487E+02
   0.44487E+02
   0.44487E+02
   0.44487E+02
   0.44487E+02
   0.45714E+02
   0.45714E+02
   0.45714E+02
   0.45714E+02
   0.45714E+02
   0.43704E+02
   0.43704E+02
   0.43704E+02
   0.43704E+02
   0.43704E+02
   0.43268E+02
   0.43268E+02
   0.43268E+02
   0.43268E+02
   0.43268E+02
   0.43517E+02
   0.43517E+02
   0.43517E+02
   0.43517E+02
   0.43517E+02
   0.43431E+02
   0.43431E+02
   0.43431E+02
   0.43431E+02
   0.43431E+02
   0.44286E+02
   0.44286E+02
   0.44286E+02
   0.44286E+02
   0.44286E+02
   0.43982E+02
   0.43982E+02
   0.43982E+02
   0.43982E+02
   0.43982E+02
   0.43508E+02
   0.43508E+02
   0.43508E+02
   0.43508E+02
   0.43508E+02
   0.43429E+02
   0.43429E+02
   0.43429E+02
   0.43429E+02
   0.43429E+02
   0.44139E+02
   0.44139E+02
   0.44139E+02
   0.44139E+02
   0.44139E+02
   0.43970E+02
   0.43970E+02
   0.43970E+02
   0.43970E+02
   0.43970E+02
   0.43005E+02
   0.43005E+02
   0.43005E+02
   0.43005E+02
   0.43005E+02
   0.42924E+02
   0.42924E+02
   0.42924E+02
   0.42924E+02
   0.42924E+02
   0.44048E+02
   0.44048E+02
   0.44048E+02
   0.44048E+02
   0.44048E+02
   0.44252E+02
   0.44252E+02
   0.44252E+02
   0.44252E+02
   0.44252E+02
   0.44900E+02
   0.44900E+02
   0.44900E+02
   0.44900E+02
   0.44900E+02
   0.43730E+02
   0.43730E+02
   0.43730E+02
   0.43730E+02
   0.43730E+02
   0.43604E+02
   0.43604E+02
   0.43604E+02
   0.43604E+02
   0.43604E+02
   0.43004E+02
   0.43004E+02
   0.43004E+02
   0.43004E+02
   0.43004E+02
   0.44432E+02
   0.44432E+02
   0.44432E+02
   0.44432E+02
   0.44432E+02
   0.43259E+02
   0.43259E+02
   0.43259E+02
   0.43259E+02
   0.43259E+02
   0.43866E+02
   0.43866E+02
   0.43866E+02
   0.43866E+02
   0.43866E+02
   0.44046E+02
   0.44046E+02
   0.44046E+02
   0.44046E+02
   0.44046E+02
   0.43884E+02
   0.43884E+02
   0.43884E+02
   0.43884E+02
   0.43884E+02
   0.44176E+02
   0.44176E+02
   0.44176E+02
   0.44176E+02
   0.44176E+02
   0.43568E+02
   0.43568E+02
   0.43568E+02
   0.43568E+02
   0.43568E+02
   0.43751E+02
   0.43751E+02
   0.43751E+02
   0.43751E+02
   0.43751E+02
   0.44474E+02
   0.44474E+02
   0.44474E+02
   0.44474E+02
   0.44474E+02
   0.44115E+02
   0.44115E+02
   0.44115E+02
   0.44115E+02
   0.44115E+02
   0.43267E+02
   0.43267E+02
   0.43267E+02
   0.43267E+02
   0.43267E+02
   0.43849E+02
   0.43849E+02
   0.43849E+02
   0.43849E+02
   0.43849E+02
   0.43160E+02
   0.43160E+02
   0.43160E+02
   0.43160E+02
   0.43160E+02
   0.43100E+02
   0.43100E+02
   0.43100E+02
   0.43100E+02
   0.43100E+02
   0.43686E+02
   0.43686E+02
   0.43686E+02
   0.43686E+02
   0.43686E+02
   0.42997E+02
   0.42997E+02
   0.42997E+02
   0.42997E+02
   0.42997E+02
   0.43448E+02
   0.43448E+02
   0.43448E+02
   0.43448E+02
   0.43448E+02
   0.44061E+02
   0.44061E+02
   0.44061E+02
   0.44061E+02
   0.44061E+02
   0.43246E+02
   0.43246E+02
   0.43246E+02
   0.43246E+02
   0.43246E+02
   0.44096E+02
   0.44096E+02
   0.44096E+02
   0.44096E+02
   0.44096E+02
   0.44124E+02
   0.44124E+02
   0.44124E+02
   0.44124E+02
   0.44124E+02
   0.43398E+02
   0.43398E+02
   0.43398E+02
   0.43398E+02
   0.43398E+02
   0.44456E+02
   0.44456E+02
   0.44456E+02
   0.44456E+02
   0.44456E+02
   0.44020E+02
   0.44020E+02
   0.44020E+02
   0.44020E+02
   0.44020E+02
   0.44365E+02
   0.44365E+02
   0.44365E+02
   0.44365E+02
   0.44365E+02
   0.44209E+02
   0.44209E+02
   0.44209E+02
   0.44209E+02
   0.44209E+02
   0.44546E+02
   0.44546E+02
   0.44546E+02
   0.44546E+02
   0.44546E+02
   0.44799E+02
   0.44799E+02
   0.44799E+02
   0.44799E+02
   0.44799E+02
   0.44358E+02
   0.44358E+02
   0.44358E+02
   0.44358E+02
   0.44358E+02
   0.43836E+02
   0.43836E+02
   0.43836E+02
   0.43836E+02
   0.43836E+02
   0.44277E+02
   0.44277E+02
   0.44277E+02
   0.44277E+02
   0.44277E+02
   0.44216E+02
   0.44216E+02
   0.44216E+02
   0.44216E+02
   0.44216E+02
   0.44423E+02
   0.44423E+02
   0.44423E+02
   0.44423E+02
   0.44423E+02
   0.42871E+02
   0.42871E+02
   0.42871E+02
   0.42871E+02
   0.42871E+02
   0.44194E+02
   0.44194E+02
   0.44194E+02
   0.44194E+02
   0.44194E+02
   0.44408E+02
   0.44408E+02
   0.44408E+02
   0.44408E+02
   0.44408E+02
   0.43222E+02
   0.43222E+02
   0.43222E+02
   0.43222E+02
   0.43222E+02
   0.43167E+02
   0.43167E+02
   0.43167E+02
   0.43167E+02
   0.43167E+02
   0.43600E+02
   0.43600E+02
   0.43600E+02
   0.43600E+02
   0.43600E+02
   0.44101E+02
   0.44101E+02
   0.44101E+02
   0.44101E+02
   0.44101E+02
   0.43546E+02
   0.43546E+02
   0.43546E+02
   0.43546E+02
   0.43546E+02
   0.44063E+02
   0.44063E+02
   0.44063E+02
   0.44063E+02
   0.44063E+02
   0.43869E+02
   0.43869E+02
   0.43869E+02
   0.43869E+02
   0.43869E+02
   0.43126E+02
   0.43126E+02
   0.43126E+02
   0.43126E+02
   0.43126E+02
   0.44266E+02
   0.44266E+02
   0.44266E+02
   0.44266E+02
   0.44266E+02
   0.44874E+02
   0.44874E+02
   0.44874E+02
   0.44874E+02
   0.44874E+02
   0.44179E+02
   0.44179E+02
   0.44179E+02
   0.44179E+02
   0.44179E+02
   0.44088E+02
   0.44088E+02
   0.44088E+02
   0.44088E+02
   0.44088E+02
   0.43961E+02
   0.43961E+02
   0.43961E+02
   0.43961E+02
   0.43961E+02
   0.44288E+02
   0.44288E+02
   0.44288E+02
   0.44288E+02
   0.44288E+02
