   0.43828E+02
   0.43828E+02
   0.43828E+02
   0.43828E+02
   0.43828E+02
   0.43922E+02
   0.43922E+02
   0.43922E+02
   0.43922E+02
   0.43922E+02
   0.43989E+02
   0.43989E+02
   0.43989E+02
   0.43989E+02
   0.43989E+02
   0.43262E+02
   0.43262E+02
   0.43262E+02
   0.43262E+02
   0.43262E+02
   0.43763E+02
   0.43763E+02
   0.43763E+02
   0.43763E+02
   0.43763E+02
   0.45492E+02
   0.45492E+02
   0.45492E+02
   0.45492E+02
   0.45492E+02
   0.44409E+02
   0.44409E+02
   0.44409E+02
   0.44409E+02
   0.44409E+02
   0.44666E+02
   0.44666E+02
   0.44666E+02
   0.44666E+02
   0.44666E+02
   0.45200E+02
   0.45200E+02
   0.45200E+02
   0.45200E+02
   0.45200E+02
   0.43529E+02
   0.43529E+02
   0.43529E+02
   0.43529E+02
   0.43529E+02
   0.42890E+02
   0.42890E+02
   0.42890E+02
   0.42890E+02
   0.42890E+02
   0.44052E+02
   0.44052E+02
   0.44052E+02
   0.44052E+02
   0.44052E+02
   0.43484E+02
   0.43484E+02
   0.43484E+02
   0.43484E+02
   0.43484E+02
   0.44070E+02
   0.44070E+02
   0.44070E+02
   0.44070E+02
   0.44070E+02
   0.43337E+02
   0.43337E+02
   0.43337E+02
   0.43337E+02
   0.43337E+02
   0.44764E+02
   0.44764E+02
   0.44764E+02
   0.44764E+02
   0.44764E+02
   0.43227E+02
   0.43227E+02
   0.43227E+02
   0.43227E+02
   0.43227E+02
   0.42989E+02
   0.42989E+02
   0.42989E+02
   0.42989E+02
   0.42989E+02
   0.44314E+02
   0.44314E+02
   0.44314E+02
   0.44314E+02
   0.44314E+02
   0.44001E+02
   0.44001E+02
   0.44001E+02
   0.44001E+02
   0.44001E+02
   0.44467E+02
   0.44467E+02
   0.44467E+02
   0.44467E+02
   0.44467E+02
   0.44900E+02
   0.44900E+02
   0.44900E+02
   0.44900E+02
   0.44900E+02
   0.44039E+02
   0.44039E+02
   0.44039E+02
   0.44039E+02
   0.44039E+02
   0.43931E+02
   0.43931E+02
   0.43931E+02
   0.43931E+02
   0.43931E+02
   0.43756E+02
   0.43756E+02
   0.43756E+02
   0.43756E+02
   0.43756E+02
   0.42838E+02
   0.42838E+02
   0.42838E+02
   0.42838E+02
   0.42838E+02
   0.43166E+02
   0.43166E+02
   0.43166E+02
   0.43166E+02
   0.43166E+02
   0.44470E+02
   0.44470E+02
   0.44470E+02
   0.44470E+02
   0.44470E+02
   0.43576E+02
   0.43576E+02
   0.43576E+02
   0.43576E+02
   0.43576E+02
   0.42963E+02
   0.42963E+02
   0.42963E+02
   0.42963E+02
   0.42963E+02
   0.43806E+02
   0.43806E+02
   0.43806E+02
   0.43806E+02
   0.43806E+02
   0.44585E+02
   0.44585E+02
   0.44585E+02
   0.44585E+02
   0.44585E+02
   0.44366E+02
   0.44366E+02
   0.44366E+02
   0.44366E+02
   0.44366E+02
   0.43282E+02
   0.43282E+02
   0.43282E+02
   0.43282E+02
   0.43282E+02
   0.43775E+02
   0.43775E+02
   0.43775E+02
   0.43775E+02
   0.43775E+02
   0.44128E+02
   0.44128E+02
   0.44128E+02
   0.44128E+02
   0.44128E+02
   0.44209E+02
   0.44209E+02
   0.44209E+02
   0.44209E+02
   0.44209E+02
   0.43605E+02
   0.43605E+02
   0.43605E+02
   0.43605E+02
   0.43605E+02
   0.43247E+02
   0.43247E+02
   0.43247E+02
   0.43247E+02
   0.43247E+02
   0.44803E+02
   0.44803E+02
   0.44803E+02
   0.44803E+02
   0.44803E+02
   0.44261E+02
   0.44261E+02
   0.44261E+02
   0.44261E+02
   0.44261E+02
   0.44215E+02
   0.44215E+02
   0.44215E+02
   0.44215E+02
   0.44215E+02
   0.44290E+02
   0.44290E+02
   0.44290E+02
   0.44290E+02
   0.44290E+02
   0.43972E+02
   0.43972E+02
   0.43972E+02
   0.43972E+02
   0.43972E+02
   0.43733E+02
   0.43733E+02
   0.43733E+02
   0.43733E+02
   0.43733E+02
   0.43338E+02
   0.43338E+02
   0.43338E+02
   0.43338E+02
   0.43338E+02
   0.43249E+02
   0.43249E+02
   0.43249E+02
   0.43249E+02
   0.43249E+02
   0.44073E+02
   0.44073E+02
   0.44073E+02
   0.44073E+02
   0.44073E+02
   0.44516E+02
   0.44516E+02
   0.44516E+02
   0.44516E+02
   0.44516E+02
   0.43460E+02
   0.43460E+02
   0.43460E+02
   0.43460E+02
   0.43460E+02
   0.43624E+02
   0.43624E+02
   0.43624E+02
   0.43624E+02
   0.43624E+02
   0.43326E+02
   0.43326E+02
   0.43326E+02
   0.43326E+02
   0.43326E+02
   0.43788E+02
   0.43788E+02
   0.43788E+02
   0.43788E+02
   0.43788E+02
   0.43523E+02
   0.43523E+02
   0.43523E+02
   0.43523E+02
   0.43523E+02
   0.43073E+02
   0.43073E+02
   0.43073E+02
   0.43073E+02
   0.43073E+02
   0.44714E+02
   0.44714E+02
   0.44714E+02
   0.44714E+02
   0.44714E+02
   0.43936E+02
   0.43936E+02
   0.43936E+02
   0.43936E+02
   0.43936E+02
   0.43539E+02
   0.43539E+02
   0.43539E+02
   0.43539E+02
   0.43539E+02
   0.44564E+02
   0.44564E+02
   0.44564E+02
   0.44564E+02
   0.44564E+02
   0.44058E+02
   0.44058E+02
   0.44058E+02
   0.44058E+02
   0.44058E+02
   0.43962E+02
   0.43962E+02
   0.43962E+02
   0.43962E+02
   0.43962E+02
   0.43460E+02
   0.43460E+02
   0.43460E+02
   0.43460E+02
   0.43460E+02
   0.44155E+02
   0.44155E+02
   0.44155E+02
   0.44155E+02
   0.44155E+02
   0.44637E+02
   0.44637E+02
   0.44637E+02
   0.44637E+02
   0.44637E+02
   0.43802E+02
   0.43802E+02
   0.43802E+02
   0.43802E+02
   0.43802E+02
   0.43699E+02
   0.43699E+02
   0.43699E+02
   0.43699E+02
   0.43699E+02
   0.43591E+02
   0.43591E+02
   0.43591E+02
   0.43591E+02
   0.43591E+02
   0.44111E+02
   0.44111E+02
   0.44111E+02
   0.44111E+02
   0.44111E+02
   0.43231E+02
   0.43231E+02
   0.43231E+02
   0.43231E+02
   0.43231E+02
   0.43256E+02
   0.43256E+02
   0.43256E+02
   0.43256E+02
   0.43256E+02
   0.43843E+02
   0.43843E+02
   0.43843E+02
   0.43843E+02
   0.43843E+02
   0.43991E+02
   0.43991E+02
   0.43991E+02
   0.43991E+02
   0.43991E+02
   0.43910E+02
   0.43910E+02
   0.43910E+02
   0.43910E+02
   0.43910E+02
   0.43785E+02
   0.43785E+02
   0.43785E+02
   0.43785E+02
   0.43785E+02
   0.43355E+02
   0.43355E+02
   0.43355E+02
   0.43355E+02
   0.43355E+02
   0.43732E+02
   0.43732E+02
   0.43732E+02
   0.43732E+02
   0.43732E+02
   0.44417E+02
   0.44417E+02
   0.44417E+02
   0.44417E+02
   0.44417E+02
   0.43159E+02
   0.43159E+02
   0.43159E+02
   0.43159E+02
   0.43159E+02
   0.43404E+02
   0.43404E+02
   0.43404E+02
   0.43404E+02
   0.43404E+02
   0.43037E+02
   0.43037E+02
   0.43037E+02
   0.43037E+02
   0.43037E+02
   0.44182E+02
   0.44182E+02
   0.44182E+02
   0.44182E+02
   0.44182E+02
   0.44102E+02
   0.44102E+02
   0.44102E+02
   0.44102E+02
   0.44102E+02
   0.43589E+02
   0.43589E+02
   0.43589E+02
   0.43589E+02
   0.43589E+02
   0.44163E+02
   0.44163E+02
   0.44163E+02
   0.44163E+02
   0.44163E+02
   0.42884E+02
   0.42884E+02
   0.42884E+02
   0.42884E+02
   0.42884E+02
   0.44389E+02
   0.44389E+02
   0.44389E+02
   0.44389E+02
   0.44389E+02
   0.42889E+02
   0.42889E+02
   0.42889E+02
   0.42889E+02
   0.42889E+02
   0.43217E+02
   0.43217E+02
   0.43217E+02
   0.43217E+02
   0.43217E+02
   0.44020E+02
   0.44020E+02
   0.44020E+02
   0.44020E+02
   0.44020E+02
   0.44189E+02
   0.44189E+02
   0.44189E+02
   0.44189E+02
   0.44189E+02
   0.43182E+02
   0.43182E+02
   0.43182E+02
   0.43182E+02
   0.43182E+02
   0.44375E+02
   0.44375E+02
   0.44375E+02
   0.44375E+02
   0.44375E+02
   0.43833E+02
   0.43833E+02
   0.43833E+02
   0.43833E+02
   0.43833E+02
   0.43756E+02
   0.43756E+02
   0.43756E+02
   0.43756E+02
   0.43756E+02
   0.43964E+02
   0.43964E+02
   0.43964E+02
   0.43964E+02
   0.43964E+02
   0.44141E+02
   0.44141E+02
   0.44141E+02
   0.44141E+02
   0.44141E+02
   0.43498E+02
   0.43498E+02
   0.43498E+02
   0.43498E+02
   0.43498E+02
   0.44135E+02
   0.44135E+02
   0.44135E+02
   0.44135E+02
   0.44135E+02
   0.43075E+02
   0.43075E+02
   0.43075E+02
   0.43075E+02
   0.43075E+02
   0.43541E+02
   0.43541E+02
   0.43541E+02
   0.43541E+02
   0.43541E+02
   0.44076E+02
   0.44076E+02
   0.44076E+02
   0.44076E+02
   0.44076E+02
   0.44059E+02
   0.44059E+02
   0.44059E+02
   0.44059E+02
   0.44059E+02
   0.44184E+02
   0.44184E+02
   0.44184E+02
   0.44184E+02
   0.44184E+02
   0.44284E+02
   0.44284E+02
   0.44284E+02
   0.44284E+02
   0.44284E+02
   0.43428E+02
   0.43428E+02
   0.43428E+02
   0.43428E+02
   0.43428E+02
   0.43902E+02
   0.43902E+02
   0.43902E+02
   0.43902E+02
   0.43902E+02
   0.44539E+02
   0.44539E+02
   0.44539E+02
   0.44539E+02
   0.44539E+02
   0.44239E+02
   0.44239E+02
   0.44239E+02
   0.44239E+02
   0.44239E+02
   0.43619E+02
   0.43619E+02
   0.43619E+02
   0.43619E+02
   0.43619E+02
   0.43922E+02
   0.43922E+02
   0.43922E+02
   0.43922E+02
   0.43922E+02
   0.43016E+02
   0.43016E+02
   0.43016E+02
   0.43016E+02
   0.43016E+02
   0.44139E+02
   0.44139E+02
   0.44139E+02
   0.44139E+02
   0.44139E+02
   0.43946E+02
   0.43946E+02
   0.43946E+02
   0.43946E+02
   0.43946E+02
   0.43910E+02
   0.43910E+02
   0.43910E+02
   0.43910E+02
   0.43910E+02
   0.44776E+02
   0.44776E+02
   0.44776E+02
   0.44776E+02
   0.44776E+02
   0.43525E+02
   0.43525E+02
   0.43525E+02
   0.43525E+02
   0.43525E+02
   0.42822E+02
   0.42822E+02
   0.42822E+02
   0.42822E+02
   0.42822E+02
   0.43569E+02
   0.43569E+02
   0.43569E+02
   0.43569E+02
   0.43569E+02
   0.44177E+02
   0.44177E+02
   0.44177E+02
   0.44177E+02
   0.44177E+02
   0.44520E+02
   0.44520E+02
   0.44520E+02
   0.44520E+02
   0.44520E+02
   0.44223E+02
   0.44223E+02
   0.44223E+02
   0.44223E+02
   0.44223E+02
   0.43875E+02
   0.43875E+02
   0.43875E+02
   0.43875E+02
   0.43875E+02
   0.43660E+02
   0.43660E+02
   0.43660E+02
   0.43660E+02
   0.43660E+02
   0.45017E+02
   0.45017E+02
   0.45017E+02
   0.45017E+02
   0.45017E+02
   0.44470E+02
   0.44470E+02
   0.44470E+02
   0.44470E+02
   0.44470E+02
   0.44128E+02
   0.44128E+02
   0.44128E+02
   0.44128E+02
   0.44128E+02
   0.43924E+02
   0.43924E+02
   0.43924E+02
   0.43924E+02
   0.43924E+02
   0.43874E+02
   0.43874E+02
   0.43874E+02
   0.43874E+02
   0.43874E+02
   0.44353E+02
   0.44353E+02
   0.44353E+02
   0.44353E+02
   0.44353E+02
   0.43197E+02
   0.43197E+02
   0.43197E+02
   0.43197E+02
   0.43197E+02
   0.44988E+02
   0.44988E+02
   0.44988E+02
   0.44988E+02
   0.44988E+02
   0.43497E+02
   0.43497E+02
   0.43497E+02
   0.43497E+02
   0.43497E+02
   0.43399E+02
   0.43399E+02
   0.43399E+02
   0.43399E+02
   0.43399E+02
   0.44780E+02
   0.44780E+02
   0.44780E+02
   0.44780E+02
   0.44780E+02
   0.44676E+02
   0.44676E+02
   0.44676E+02
   0.44676E+02
   0.44676E+02
   0.42883E+02
   0.42883E+02
   0.42883E+02
   0.42883E+02
   0.42883E+02
   0.44623E+02
   0.44623E+02
   0.44623E+02
   0.44623E+02
   0.44623E+02
   0.42934E+02
   0.42934E+02
   0.42934E+02
   0.42934E+02
   0.42934E+02
   0.44279E+02
   0.44279E+02
   0.44279E+02
   0.44279E+02
   0.44279E+02
   0.42794E+02
   0.42794E+02
   0.42794E+02
   0.42794E+02
   0.42794E+02
   0.44305E+02
   0.44305E+02
   0.44305E+02
   0.44305E+02
   0.44305E+02
   0.43671E+02
   0.43671E+02
   0.43671E+02
   0.43671E+02
   0.43671E+02
   0.44345E+02
   0.44345E+02
   0.44345E+02
   0.44345E+02
   0.44345E+02
   0.43941E+02
   0.43941E+02
   0.43941E+02
   0.43941E+02
   0.43941E+02
   0.44566E+02
   0.44566E+02
   0.44566E+02
   0.44566E+02
   0.44566E+02
   0.44068E+02
   0.44068E+02
   0.44068E+02
   0.44068E+02
   0.44068E+02
   0.44011E+02
   0.44011E+02
   0.44011E+02
   0.44011E+02
   0.44011E+02
   0.43822E+02
   0.43822E+02
   0.43822E+02
   0.43822E+02
   0.43822E+02
   0.44058E+02
   0.44058E+02
   0.44058E+02
   0.44058E+02
   0.44058E+02
   0.43267E+02
   0.43267E+02
   0.43267E+02
   0.43267E+02
   0.43267E+02
   0.43164E+02
   0.43164E+02
   0.43164E+02
   0.43164E+02
   0.43164E+02
   0.43084E+02
   0.43084E+02
   0.43084E+02
   0.43084E+02
   0.43084E+02
   0.44512E+02
   0.44512E+02
   0.44512E+02
   0.44512E+02
   0.44512E+02
   0.42882E+02
   0.42882E+02
   0.42882E+02
   0.42882E+02
   0.42882E+02
   0.44399E+02
   0.44399E+02
   0.44399E+02
   0.44399E+02
   0.44399E+02
   0.44540E+02
   0.44540E+02
   0.44540E+02
   0.44540E+02
   0.44540E+02
   0.43350E+02
   0.43350E+02
   0.43350E+02
   0.43350E+02
   0.43350E+02
   0.43519E+02
   0.43519E+02
   0.43519E+02
   0.43519E+02
   0.43519E+02
   0.42919E+02
   0.42919E+02
   0.42919E+02
   0.42919E+02
   0.42919E+02
   0.43630E+02
   0.43630E+02
   0.43630E+02
   0.43630E+02
   0.43630E+02
   0.43644E+02
   0.43644E+02
   0.43644E+02
   0.43644E+02
   0.43644E+02
   0.43707E+02
   0.43707E+02
   0.43707E+02
   0.43707E+02
   0.43707E+02
   0.43656E+02
   0.43656E+02
   0.43656E+02
   0.43656E+02
   0.43656E+02
   0.43757E+02
   0.43757E+02
   0.43757E+02
   0.43757E+02
   0.43757E+02
   0.44016E+02
   0.44016E+02
   0.44016E+02
   0.44016E+02
   0.44016E+02
   0.43384E+02
   0.43384E+02
   0.43384E+02
   0.43384E+02
   0.43384E+02
   0.43791E+02
   0.43791E+02
   0.43791E+02
   0.43791E+02
   0.43791E+02
   0.45028E+02
   0.45028E+02
   0.45028E+02
   0.45028E+02
   0.45028E+02
   0.44279E+02
   0.44279E+02
   0.44279E+02
   0.44279E+02
   0.44279E+02
   0.43031E+02
   0.43031E+02
   0.43031E+02
   0.43031E+02
   0.43031E+02
   0.43873E+02
   0.43873E+02
   0.43873E+02
   0.43873E+02
   0.43873E+02
   0.43327E+02
   0.43327E+02
   0.43327E+02
   0.43327E+02
   0.43327E+02
   0.44019E+02
   0.44019E+02
   0.44019E+02
   0.44019E+02
   0.44019E+02
   0.43641E+02
   0.43641E+02
   0.43641E+02
   0.43641E+02
   0.43641E+02
   0.42744E+02
   0.42744E+02
   0.42744E+02
   0.42744E+02
   0.42744E+02
   0.43679E+02
   0.43679E+02
   0.43679E+02
   0.43679E+02
   0.43679E+02
   0.43927E+02
   0.43927E+02
   0.43927E+02
   0.43927E+02
   0.43927E+02
   0.43936E+02
   0.43936E+02
   0.43936E+02
   0.43936E+02
   0.43936E+02
   0.43548E+02
   0.43548E+02
   0.43548E+02
   0.43548E+02
   0.43548E+02
   0.44261E+02
   0.44261E+02
   0.44261E+02
   0.44261E+02
   0.44261E+02
   0.43344E+02
   0.43344E+02
   0.43344E+02
   0.43344E+02
   0.43344E+02
   0.44324E+02
   0.44324E+02
   0.44324E+02
   0.44324E+02
   0.44324E+02
   0.43513E+02
   0.43513E+02
   0.43513E+02
   0.43513E+02
   0.43513E+02
   0.43947E+02
   0.43947E+02
   0.43947E+02
   0.43947E+02
   0.43947E+02
   0.43573E+02
   0.43573E+02
   0.43573E+02
   0.43573E+02
   0.43573E+02
   0.42872E+02
   0.42872E+02
   0.42872E+02
   0.42872E+02
   0.42872E+02
   0.43936E+02
   0.43936E+02
   0.43936E+02
   0.43936E+02
   0.43936E+02
   0.43706E+02
   0.43706E+02
   0.43706E+02
   0.43706E+02
   0.43706E+02
   0.43607E+02
   0.43607E+02
   0.43607E+02
   0.43607E+02
   0.43607E+02
   0.44083E+02
   0.44083E+02
   0.44083E+02
   0.44083E+02
   0.44083E+02
   0.44156E+02
   0.44156E+02
   0.44156E+02
   0.44156E+02
   0.44156E+02
   0.43473E+02
   0.43473E+02
   0.43473E+02
   0.43473E+02
   0.43473E+02
   0.43689E+02
   0.43689E+02
   0.43689E+02
   0.43689E+02
   0.43689E+02
   0.44171E+02
   0.44171E+02
   0.44171E+02
   0.44171E+02
   0.44171E+02
   0.44063E+02
   0.44063E+02
   0.44063E+02
   0.44063E+02
   0.44063E+02
   0.43676E+02
   0.43676E+02
   0.43676E+02
   0.43676E+02
   0.43676E+02
   0.43367E+02
   0.43367E+02
   0.43367E+02
   0.43367E+02
   0.43367E+02
   0.43443E+02
   0.43443E+02
   0.43443E+02
   0.43443E+02
   0.43443E+02
   0.43863E+02
   0.43863E+02
   0.43863E+02
   0.43863E+02
   0.43863E+02
   0.43610E+02
   0.43610E+02
   0.43610E+02
   0.43610E+02
   0.43610E+02
   0.43770E+02
   0.43770E+02
   0.43770E+02
   0.43770E+02
   0.43770E+02
   0.44045E+02
   0.44045E+02
   0.44045E+02
   0.44045E+02
   0.44045E+02
   0.43521E+02
   0.43521E+02
   0.43521E+02
   0.43521E+02
   0.43521E+02
   0.44032E+02
   0.44032E+02
   0.44032E+02
   0.44032E+02
   0.44032E+02
   0.44220E+02
   0.44220E+02
   0.44220E+02
   0.44220E+02
   0.44220E+02
   0.43466E+02
   0.43466E+02
   0.43466E+02
   0.43466E+02
   0.43466E+02
   0.44634E+02
   0.44634E+02
   0.44634E+02
   0.44634E+02
   0.44634E+02
   0.43650E+02
   0.43650E+02
   0.43650E+02
   0.43650E+02
   0.43650E+02
   0.43387E+02
   0.43387E+02
   0.43387E+02
   0.43387E+02
   0.43387E+02
   0.44701E+02
   0.44701E+02
   0.44701E+02
   0.44701E+02
   0.44701E+02
   0.43367E+02
   0.43367E+02
   0.43367E+02
   0.43367E+02
   0.43367E+02
   0.44175E+02
   0.44175E+02
   0.44175E+02
   0.44175E+02
   0.44175E+02
   0.43488E+02
   0.43488E+02
   0.43488E+02
   0.43488E+02
   0.43488E+02
   0.43659E+02
   0.43659E+02
   0.43659E+02
   0.43659E+02
   0.43659E+02
   0.44077E+02
   0.44077E+02
   0.44077E+02
   0.44077E+02
   0.44077E+02
   0.44834E+02
   0.44834E+02
   0.44834E+02
   0.44834E+02
   0.44834E+02
   0.44456E+02
   0.44456E+02
   0.44456E+02
   0.44456E+02
   0.44456E+02
   0.43104E+02
   0.43104E+02
   0.43104E+02
   0.43104E+02
   0.43104E+02
   0.43958E+02
   0.43958E+02
   0.43958E+02
   0.43958E+02
   0.43958E+02
   0.44023E+02
   0.44023E+02
   0.44023E+02
   0.44023E+02
   0.44023E+02
   0.43691E+02
   0.43691E+02
   0.43691E+02
   0.43691E+02
   0.43691E+02
   0.43695E+02
   0.43695E+02
   0.43695E+02
   0.43695E+02
   0.43695E+02
   0.43632E+02
   0.43632E+02
   0.43632E+02
   0.43632E+02
   0.43632E+02
   0.43654E+02
   0.43654E+02
   0.43654E+02
   0.43654E+02
   0.43654E+02
   0.43641E+02
   0.43641E+02
   0.43641E+02
   0.43641E+02
   0.43641E+02
   0.43827E+02
   0.43827E+02
   0.43827E+02
   0.43827E+02
   0.43827E+02
   0.43101E+02
   0.43101E+02
   0.43101E+02
   0.43101E+02
   0.43101E+02
   0.44498E+02
   0.44498E+02
   0.44498E+02
   0.44498E+02
   0.44498E+02
   0.44243E+02
   0.44243E+02
   0.44243E+02
   0.44243E+02
   0.44243E+02
   0.43669E+02
   0.43669E+02
   0.43669E+02
   0.43669E+02
   0.43669E+02
   0.44046E+02
   0.44046E+02
   0.44046E+02
   0.44046E+02
   0.44046E+02
   0.43514E+02
   0.43514E+02
   0.43514E+02
   0.43514E+02
   0.43514E+02
   0.43860E+02
   0.43860E+02
   0.43860E+02
   0.43860E+02
   0.43860E+02
   0.44166E+02
   0.44166E+02
   0.44166E+02
   0.44166E+02
   0.44166E+02
   0.43888E+02
   0.43888E+02
   0.43888E+02
   0.43888E+02
   0.43888E+02
   0.43914E+02
   0.43914E+02
   0.43914E+02
   0.43914E+02
   0.43914E+02
   0.44072E+02
   0.44072E+02
   0.44072E+02
   0.44072E+02
   0.44072E+02
   0.43507E+02
   0.43507E+02
   0.43507E+02
   0.43507E+02
   0.43507E+02
   0.44677E+02
   0.44677E+02
   0.44677E+02
   0.44677E+02
   0.44677E+02
   0.43650E+02
   0.43650E+02
   0.43650E+02
   0.43650E+02
   0.43650E+02
   0.43545E+02
   0.43545E+02
   0.43545E+02
   0.43545E+02
   0.43545E+02
   0.43723E+02
   0.43723E+02
   0.43723E+02
   0.43723E+02
   0.43723E+02
   0.43317E+02
   0.43317E+02
   0.43317E+02
   0.43317E+02
   0.43317E+02
   0.44267E+02
   0.44267E+02
   0.44267E+02
   0.44267E+02
   0.44267E+02
   0.43596E+02
   0.43596E+02
   0.43596E+02
   0.43596E+02
   0.43596E+02
   0.44171E+02
   0.44171E+02
   0.44171E+02
   0.44171E+02
   0.44171E+02
   0.43044E+02
   0.43044E+02
   0.43044E+02
   0.43044E+02
   0.43044E+02
   0.44372E+02
   0.44372E+02
   0.44372E+02
   0.44372E+02
   0.44372E+02
   0.43680E+02
   0.43680E+02
   0.43680E+02
   0.43680E+02
   0.43680E+02
   0.44164E+02
   0.44164E+02
   0.44164E+02
   0.44164E+02
   0.44164E+02
   0.44492E+02
   0.44492E+02
   0.44492E+02
   0.44492E+02
   0.44492E+02
   0.44264E+02
   0.44264E+02
   0.44264E+02
   0.44264E+02
   0.44264E+02
   0.44081E+02
   0.44081E+02
   0.44081E+02
   0.44081E+02
   0.44081E+02
   0.43574E+02
   0.43574E+02
   0.43574E+02
   0.43574E+02
   0.43574E+02
   0.44537E+02
   0.44537E+02
   0.44537E+02
   0.44537E+02
   0.44537E+02
   0.44907E+02
   0.44907E+02
   0.44907E+02
   0.44907E+02
   0.44907E+02
   0.43312E+02
   0.43312E+02
   0.43312E+02
   0.43312E+02
   0.43312E+02
   0.43903E+02
   0.43903E+02
   0.43903E+02
   0.43903E+02
   0.43903E+02
   0.44480E+02
   0.44480E+02
   0.44480E+02
   0.44480E+02
   0.44480E+02
   0.44008E+02
   0.44008E+02
   0.44008E+02
   0.44008E+02
   0.44008E+02
   0.43311E+02
   0.43311E+02
   0.43311E+02
   0.43311E+02
   0.43311E+02
   0.44001E+02
   0.44001E+02
   0.44001E+02
   0.44001E+02
   0.44001E+02
   0.43443E+02
   0.43443E+02
   0.43443E+02
   0.43443E+02
   0.43443E+02
   0.44091E+02
   0.44091E+02
   0.44091E+02
   0.44091E+02
   0.44091E+02
   0.43540E+02
   0.43540E+02
   0.43540E+02
   0.43540E+02
   0.43540E+02
   0.44480E+02
   0.44480E+02
   0.44480E+02
   0.44480E+02
   0.44480E+02
   0.43060E+02
   0.43060E+02
   0.43060E+02
   0.43060E+02
   0.43060E+02
   0.44362E+02
   0.44362E+02
   0.44362E+02
   0.44362E+02
   0.44362E+02
   0.43767E+02
   0.43767E+02
   0.43767E+02
   0.43767E+02
   0.43767E+02
   0.44677E+02
   0.44677E+02
   0.44677E+02
   0.44677E+02
   0.44677E+02
   0.44036E+02
   0.44036E+02
   0.44036E+02
   0.44036E+02
   0.44036E+02
   0.44889E+02
   0.44889E+02
   0.44889E+02
   0.44889E+02
   0.44889E+02
   0.44360E+02
   0.44360E+02
   0.44360E+02
   0.44360E+02
   0.44360E+02
   0.44582E+02
   0.44582E+02
   0.44582E+02
   0.44582E+02
   0.44582E+02
   0.44467E+02
   0.44467E+02
   0.44467E+02
   0.44467E+02
   0.44467E+02
   0.44490E+02
   0.44490E+02
   0.44490E+02
   0.44490E+02
   0.44490E+02
   0.45450E+02
   0.45450E+02
   0.45450E+02
   0.45450E+02
   0.45450E+02
   0.45080E+02
   0.45080E+02
   0.45080E+02
   0.45080E+02
   0.45080E+02
   0.44049E+02
   0.44049E+02
   0.44049E+02
   0.44049E+02
   0.44049E+02
   0.43554E+02
   0.43554E+02
   0.43554E+02
   0.43554E+02
   0.43554E+02
   0.43995E+02
   0.43995E+02
   0.43995E+02
   0.43995E+02
   0.43995E+02
   0.44172E+02
   0.44172E+02
   0.44172E+02
   0.44172E+02
   0.44172E+02
   0.43680E+02
   0.43680E+02
   0.43680E+02
   0.43680E+02
   0.43680E+02
   0.43980E+02
   0.43980E+02
   0.43980E+02
   0.43980E+02
   0.43980E+02
   0.43855E+02
   0.43855E+02
   0.43855E+02
   0.43855E+02
   0.43855E+02
   0.43889E+02
   0.43889E+02
   0.43889E+02
   0.43889E+02
   0.43889E+02
   0.43522E+02
   0.43522E+02
   0.43522E+02
   0.43522E+02
   0.43522E+02
   0.44565E+02
   0.44565E+02
   0.44565E+02
   0.44565E+02
   0.44565E+02
   0.44111E+02
   0.44111E+02
   0.44111E+02
   0.44111E+02
   0.44111E+02
   0.43763E+02
   0.43763E+02
   0.43763E+02
   0.43763E+02
   0.43763E+02
   0.43489E+02
   0.43489E+02
   0.43489E+02
   0.43489E+02
   0.43489E+02
   0.43889E+02
   0.43889E+02
   0.43889E+02
   0.43889E+02
   0.43889E+02
   0.44149E+02
   0.44149E+02
   0.44149E+02
   0.44149E+02
   0.44149E+02
   0.43107E+02
   0.43107E+02
   0.43107E+02
   0.43107E+02
   0.43107E+02
   0.43184E+02
   0.43184E+02
   0.43184E+02
   0.43184E+02
   0.43184E+02
   0.43360E+02
   0.43360E+02
   0.43360E+02
   0.43360E+02
   0.43360E+02
   0.43927E+02
   0.43927E+02
   0.43927E+02
   0.43927E+02
   0.43927E+02
   0.44635E+02
   0.44635E+02
   0.44635E+02
   0.44635E+02
   0.44635E+02
   0.44710E+02
   0.44710E+02
   0.44710E+02
   0.44710E+02
   0.44710E+02
   0.44359E+02
   0.44359E+02
   0.44359E+02
   0.44359E+02
   0.44359E+02
   0.43848E+02
   0.43848E+02
   0.43848E+02
   0.43848E+02
   0.43848E+02
   0.44406E+02
   0.44406E+02
   0.44406E+02
   0.44406E+02
   0.44406E+02
   0.43777E+02
   0.43777E+02
   0.43777E+02
   0.43777E+02
   0.43777E+02
   0.43781E+02
   0.43781E+02
   0.43781E+02
   0.43781E+02
   0.43781E+02
   0.43690E+02
   0.43690E+02
   0.43690E+02
   0.43690E+02
   0.43690E+02
   0.43122E+02
   0.43122E+02
   0.43122E+02
   0.43122E+02
   0.43122E+02
   0.43682E+02
   0.43682E+02
   0.43682E+02
   0.43682E+02
   0.43682E+02
   0.43761E+02
   0.43761E+02
   0.43761E+02
   0.43761E+02
   0.43761E+02
   0.44317E+02
   0.44317E+02
   0.44317E+02
   0.44317E+02
   0.44317E+02
   0.44177E+02
   0.44177E+02
   0.44177E+02
   0.44177E+02
   0.44177E+02
   0.44474E+02
   0.44474E+02
   0.44474E+02
   0.44474E+02
   0.44474E+02
   0.43918E+02
   0.43918E+02
   0.43918E+02
   0.43918E+02
   0.43918E+02
   0.44204E+02
   0.44204E+02
   0.44204E+02
   0.44204E+02
   0.44204E+02
   0.43721E+02
   0.43721E+02
   0.43721E+02
   0.43721E+02
   0.43721E+02
   0.44455E+02
   0.44455E+02
   0.44455E+02
   0.44455E+02
   0.44455E+02
   0.45718E+02
   0.45718E+02
   0.45718E+02
   0.45718E+02
   0.45718E+02
   0.43723E+02
   0.43723E+02
   0.43723E+02
   0.43723E+02
   0.43723E+02
   0.43295E+02
   0.43295E+02
   0.43295E+02
   0.43295E+02
   0.43295E+02
   0.43512E+02
   0.43512E+02
   0.43512E+02
   0.43512E+02
   0.43512E+02
   0.43413E+02
   0.43413E+02
   0.43413E+02
   0.43413E+02
   0.43413E+02
   0.44288E+02
   0.44288E+02
   0.44288E+02
   0.44288E+02
   0.44288E+02
   0.43976E+02
   0.43976E+02
   0.43976E+02
   0.43976E+02
   0.43976E+02
   0.43520E+02
   0.43520E+02
   0.43520E+02
   0.43520E+02
   0.43520E+02
   0.43414E+02
   0.43414E+02
   0.43414E+02
   0.43414E+02
   0.43414E+02
   0.44118E+02
   0.44118E+02
   0.44118E+02
   0.44118E+02
   0.44118E+02
   0.43964E+02
   0.43964E+02
   0.43964E+02
   0.43964E+02
   0.43964E+02
   0.43028E+02
   0.43028E+02
   0.43028E+02
   0.43028E+02
   0.43028E+02
   0.42942E+02
   0.42942E+02
   0.42942E+02
   0.42942E+02
   0.42942E+02
   0.44065E+02
   0.44065E+02
   0.44065E+02
   0.44065E+02
   0.44065E+02
   0.44276E+02
   0.44276E+02
   0.44276E+02
   0.44276E+02
   0.44276E+02
   0.44877E+02
   0.44877E+02
   0.44877E+02
   0.44877E+02
   0.44877E+02
   0.43726E+02
   0.43726E+02
   0.43726E+02
   0.43726E+02
   0.43726E+02
   0.43597E+02
   0.43597E+02
   0.43597E+02
   0.43597E+02
   0.43597E+02
   0.43015E+02
   0.43015E+02
   0.43015E+02
   0.43015E+02
   0.43015E+02
   0.44432E+02
   0.44432E+02
   0.44432E+02
   0.44432E+02
   0.44432E+02
   0.43251E+02
   0.43251E+02
   0.43251E+02
   0.43251E+02
   0.43251E+02
   0.43862E+02
   0.43862E+02
   0.43862E+02
   0.43862E+02
   0.43862E+02
   0.44040E+02
   0.44040E+02
   0.44040E+02
   0.44040E+02
   0.44040E+02
   0.43870E+02
   0.43870E+02
   0.43870E+02
   0.43870E+02
   0.43870E+02
   0.44143E+02
   0.44143E+02
   0.44143E+02
   0.44143E+02
   0.44143E+02
   0.43550E+02
   0.43550E+02
   0.43550E+02
   0.43550E+02
   0.43550E+02
   0.43770E+02
   0.43770E+02
   0.43770E+02
   0.43770E+02
   0.43770E+02
   0.44495E+02
   0.44495E+02
   0.44495E+02
   0.44495E+02
   0.44495E+02
   0.44092E+02
   0.44092E+02
   0.44092E+02
   0.44092E+02
   0.44092E+02
   0.43256E+02
   0.43256E+02
   0.43256E+02
   0.43256E+02
   0.43256E+02
   0.43865E+02
   0.43865E+02
   0.43865E+02
   0.43865E+02
   0.43865E+02
   0.43187E+02
   0.43187E+02
   0.43187E+02
   0.43187E+02
   0.43187E+02
   0.43112E+02
   0.43112E+02
   0.43112E+02
   0.43112E+02
   0.43112E+02
   0.43695E+02
   0.43695E+02
   0.43695E+02
   0.43695E+02
   0.43695E+02
   0.42997E+02
   0.42997E+02
   0.42997E+02
   0.42997E+02
   0.42997E+02
   0.43454E+02
   0.43454E+02
   0.43454E+02
   0.43454E+02
   0.43454E+02
   0.44063E+02
   0.44063E+02
   0.44063E+02
   0.44063E+02
   0.44063E+02
   0.43233E+02
   0.43233E+02
   0.43233E+02
   0.43233E+02
   0.43233E+02
   0.44113E+02
   0.44113E+02
   0.44113E+02
   0.44113E+02
   0.44113E+02
   0.44125E+02
   0.44125E+02
   0.44125E+02
   0.44125E+02
   0.44125E+02
   0.43392E+02
   0.43392E+02
   0.43392E+02
   0.43392E+02
   0.43392E+02
   0.44464E+02
   0.44464E+02
   0.44464E+02
   0.44464E+02
   0.44464E+02
   0.44024E+02
   0.44024E+02
   0.44024E+02
   0.44024E+02
   0.44024E+02
   0.44340E+02
   0.44340E+02
   0.44340E+02
   0.44340E+02
   0.44340E+02
   0.44168E+02
   0.44168E+02
   0.44168E+02
   0.44168E+02
   0.44168E+02
   0.44552E+02
   0.44552E+02
   0.44552E+02
   0.44552E+02
   0.44552E+02
   0.44804E+02
   0.44804E+02
   0.44804E+02
   0.44804E+02
   0.44804E+02
   0.44371E+02
   0.44371E+02
   0.44371E+02
   0.44371E+02
   0.44371E+02
   0.43837E+02
   0.43837E+02
   0.43837E+02
   0.43837E+02
   0.43837E+02
   0.44255E+02
   0.44255E+02
   0.44255E+02
   0.44255E+02
   0.44255E+02
   0.44198E+02
   0.44198E+02
   0.44198E+02
   0.44198E+02
   0.44198E+02
   0.44435E+02
   0.44435E+02
   0.44435E+02
   0.44435E+02
   0.44435E+02
   0.42890E+02
   0.42890E+02
   0.42890E+02
   0.42890E+02
   0.42890E+02
   0.44217E+02
   0.44217E+02
   0.44217E+02
   0.44217E+02
   0.44217E+02
   0.44416E+02
   0.44416E+02
   0.44416E+02
   0.44416E+02
   0.44416E+02
   0.43223E+02
   0.43223E+02
   0.43223E+02
   0.43223E+02
   0.43223E+02
   0.43176E+02
   0.43176E+02
   0.43176E+02
   0.43176E+02
   0.43176E+02
   0.43597E+02
   0.43597E+02
   0.43597E+02
   0.43597E+02
   0.43597E+02
   0.44091E+02
   0.44091E+02
   0.44091E+02
   0.44091E+02
   0.44091E+02
   0.43538E+02
   0.43538E+02
   0.43538E+02
   0.43538E+02
   0.43538E+02
   0.44047E+02
   0.44047E+02
   0.44047E+02
   0.44047E+02
   0.44047E+02
   0.43866E+02
   0.43866E+02
   0.43866E+02
   0.43866E+02
   0.43866E+02
   0.43127E+02
   0.43127E+02
   0.43127E+02
   0.43127E+02
   0.43127E+02
   0.44290E+02
   0.44290E+02
   0.44290E+02
   0.44290E+02
   0.44290E+02
   0.44856E+02
   0.44856E+02
   0.44856E+02
   0.44856E+02
   0.44856E+02
   0.44161E+02
   0.44161E+02
   0.44161E+02
   0.44161E+02
   0.44161E+02
   0.44086E+02
   0.44086E+02
   0.44086E+02
   0.44086E+02
   0.44086E+02
   0.43973E+02
   0.43973E+02
   0.43973E+02
   0.43973E+02
   0.43973E+02
   0.44300E+02
   0.44300E+02
   0.44300E+02
   0.44300E+02
   0.44300E+02
