   0.43828E+02
   0.43828E+02
   0.43828E+02
   0.43828E+02
   0.43828E+02
   0.44350E+02
   0.44350E+02
   0.44350E+02
   0.44350E+02
   0.44350E+02
   0.43686E+02
   0.43686E+02
   0.43686E+02
   0.43686E+02
   0.43686E+02
   0.43683E+02
   0.43683E+02
   0.43683E+02
   0.43683E+02
   0.43683E+02
   0.44377E+02
   0.44377E+02
   0.44377E+02
   0.44377E+02
   0.44377E+02
   0.44371E+02
   0.44371E+02
   0.44371E+02
   0.44371E+02
   0.44371E+02
   0.43102E+02
   0.43102E+02
   0.43102E+02
   0.43102E+02
   0.43102E+02
   0.44020E+02
   0.44020E+02
   0.44020E+02
   0.44020E+02
   0.44020E+02
   0.43235E+02
   0.43235E+02
   0.43235E+02
   0.43235E+02
   0.43235E+02
   0.43870E+02
   0.43870E+02
   0.43870E+02
   0.43870E+02
   0.43870E+02
   0.43786E+02
   0.43786E+02
   0.43786E+02
   0.43786E+02
   0.43786E+02
   0.43141E+02
   0.43141E+02
   0.43141E+02
   0.43141E+02
   0.43141E+02
   0.44103E+02
   0.44103E+02
   0.44103E+02
   0.44103E+02
   0.44103E+02
   0.42871E+02
   0.42871E+02
   0.42871E+02
   0.42871E+02
   0.42871E+02
   0.43426E+02
   0.43426E+02
   0.43426E+02
   0.43426E+02
   0.43426E+02
   0.43854E+02
   0.43854E+02
   0.43854E+02
   0.43854E+02
   0.43854E+02
   0.43029E+02
   0.43029E+02
   0.43029E+02
   0.43029E+02
   0.43029E+02
   0.43333E+02
   0.43333E+02
   0.43333E+02
   0.43333E+02
   0.43333E+02
   0.44023E+02
   0.44023E+02
   0.44023E+02
   0.44023E+02
   0.44023E+02
   0.44595E+02
   0.44595E+02
   0.44595E+02
   0.44595E+02
   0.44595E+02
   0.44188E+02
   0.44188E+02
   0.44188E+02
   0.44188E+02
   0.44188E+02
   0.43925E+02
   0.43925E+02
   0.43925E+02
   0.43925E+02
   0.43925E+02
   0.44121E+02
   0.44121E+02
   0.44121E+02
   0.44121E+02
   0.44121E+02
   0.44012E+02
   0.44012E+02
   0.44012E+02
   0.44012E+02
   0.44012E+02
   0.43920E+02
   0.43920E+02
   0.43920E+02
   0.43920E+02
   0.43920E+02
   0.44037E+02
   0.44037E+02
   0.44037E+02
   0.44037E+02
   0.44037E+02
   0.43905E+02
   0.43905E+02
   0.43905E+02
   0.43905E+02
   0.43905E+02
   0.43077E+02
   0.43077E+02
   0.43077E+02
   0.43077E+02
   0.43077E+02
   0.43475E+02
   0.43475E+02
   0.43475E+02
   0.43475E+02
   0.43475E+02
   0.44351E+02
   0.44351E+02
   0.44351E+02
   0.44351E+02
   0.44351E+02
   0.44261E+02
   0.44261E+02
   0.44261E+02
   0.44261E+02
   0.44261E+02
   0.42934E+02
   0.42934E+02
   0.42934E+02
   0.42934E+02
   0.42934E+02
   0.42619E+02
   0.42619E+02
   0.42619E+02
   0.42619E+02
   0.42619E+02
   0.42875E+02
   0.42875E+02
   0.42875E+02
   0.42875E+02
   0.42875E+02
   0.43728E+02
   0.43728E+02
   0.43728E+02
   0.43728E+02
   0.43728E+02
   0.44247E+02
   0.44247E+02
   0.44247E+02
   0.44247E+02
   0.44247E+02
   0.44269E+02
   0.44269E+02
   0.44269E+02
   0.44269E+02
   0.44269E+02
   0.43555E+02
   0.43555E+02
   0.43555E+02
   0.43555E+02
   0.43555E+02
   0.43994E+02
   0.43994E+02
   0.43994E+02
   0.43994E+02
   0.43994E+02
   0.43886E+02
   0.43886E+02
   0.43886E+02
   0.43886E+02
   0.43886E+02
   0.43828E+02
   0.43828E+02
   0.43828E+02
   0.43828E+02
   0.43828E+02
   0.43731E+02
   0.43731E+02
   0.43731E+02
   0.43731E+02
   0.43731E+02
   0.43733E+02
   0.43733E+02
   0.43733E+02
   0.43733E+02
   0.43733E+02
   0.44637E+02
   0.44637E+02
   0.44637E+02
   0.44637E+02
   0.44637E+02
   0.43394E+02
   0.43394E+02
   0.43394E+02
   0.43394E+02
   0.43394E+02
   0.45101E+02
   0.45101E+02
   0.45101E+02
   0.45101E+02
   0.45101E+02
   0.43920E+02
   0.43920E+02
   0.43920E+02
   0.43920E+02
   0.43920E+02
   0.43971E+02
   0.43971E+02
   0.43971E+02
   0.43971E+02
   0.43971E+02
   0.43670E+02
   0.43670E+02
   0.43670E+02
   0.43670E+02
   0.43670E+02
   0.43793E+02
   0.43793E+02
   0.43793E+02
   0.43793E+02
   0.43793E+02
   0.43526E+02
   0.43526E+02
   0.43526E+02
   0.43526E+02
   0.43526E+02
   0.44378E+02
   0.44378E+02
   0.44378E+02
   0.44378E+02
   0.44378E+02
   0.44135E+02
   0.44135E+02
   0.44135E+02
   0.44135E+02
   0.44135E+02
   0.44361E+02
   0.44361E+02
   0.44361E+02
   0.44361E+02
   0.44361E+02
   0.43953E+02
   0.43953E+02
   0.43953E+02
   0.43953E+02
   0.43953E+02
   0.44696E+02
   0.44696E+02
   0.44696E+02
   0.44696E+02
   0.44696E+02
   0.44310E+02
   0.44310E+02
   0.44310E+02
   0.44310E+02
   0.44310E+02
   0.43962E+02
   0.43962E+02
   0.43962E+02
   0.43962E+02
   0.43962E+02
   0.44278E+02
   0.44278E+02
   0.44278E+02
   0.44278E+02
   0.44278E+02
   0.43647E+02
   0.43647E+02
   0.43647E+02
   0.43647E+02
   0.43647E+02
   0.44320E+02
   0.44320E+02
   0.44320E+02
   0.44320E+02
   0.44320E+02
   0.43895E+02
   0.43895E+02
   0.43895E+02
   0.43895E+02
   0.43895E+02
   0.44297E+02
   0.44297E+02
   0.44297E+02
   0.44297E+02
   0.44297E+02
   0.42932E+02
   0.42932E+02
   0.42932E+02
   0.42932E+02
   0.42932E+02
   0.44201E+02
   0.44201E+02
   0.44201E+02
   0.44201E+02
   0.44201E+02
   0.43590E+02
   0.43590E+02
   0.43590E+02
   0.43590E+02
   0.43590E+02
   0.43388E+02
   0.43388E+02
   0.43388E+02
   0.43388E+02
   0.43388E+02
   0.43993E+02
   0.43993E+02
   0.43993E+02
   0.43993E+02
   0.43993E+02
   0.43998E+02
   0.43998E+02
   0.43998E+02
   0.43998E+02
   0.43998E+02
   0.44181E+02
   0.44181E+02
   0.44181E+02
   0.44181E+02
   0.44181E+02
   0.43755E+02
   0.43755E+02
   0.43755E+02
   0.43755E+02
   0.43755E+02
   0.43573E+02
   0.43573E+02
   0.43573E+02
   0.43573E+02
   0.43573E+02
   0.45345E+02
   0.45345E+02
   0.45345E+02
   0.45345E+02
   0.45345E+02
   0.43566E+02
   0.43566E+02
   0.43566E+02
   0.43566E+02
   0.43566E+02
   0.44087E+02
   0.44087E+02
   0.44087E+02
   0.44087E+02
   0.44087E+02
   0.43949E+02
   0.43949E+02
   0.43949E+02
   0.43949E+02
   0.43949E+02
   0.44130E+02
   0.44130E+02
   0.44130E+02
   0.44130E+02
   0.44130E+02
   0.43734E+02
   0.43734E+02
   0.43734E+02
   0.43734E+02
   0.43734E+02
   0.44181E+02
   0.44181E+02
   0.44181E+02
   0.44181E+02
   0.44181E+02
   0.43760E+02
   0.43760E+02
   0.43760E+02
   0.43760E+02
   0.43760E+02
   0.43287E+02
   0.43287E+02
   0.43287E+02
   0.43287E+02
   0.43287E+02
   0.43967E+02
   0.43967E+02
   0.43967E+02
   0.43967E+02
   0.43967E+02
   0.43483E+02
   0.43483E+02
   0.43483E+02
   0.43483E+02
   0.43483E+02
   0.44172E+02
   0.44172E+02
   0.44172E+02
   0.44172E+02
   0.44172E+02
   0.43496E+02
   0.43496E+02
   0.43496E+02
   0.43496E+02
   0.43496E+02
   0.44261E+02
   0.44261E+02
   0.44261E+02
   0.44261E+02
   0.44261E+02
   0.43416E+02
   0.43416E+02
   0.43416E+02
   0.43416E+02
   0.43416E+02
   0.44219E+02
   0.44219E+02
   0.44219E+02
   0.44219E+02
   0.44219E+02
   0.43590E+02
   0.43590E+02
   0.43590E+02
   0.43590E+02
   0.43590E+02
   0.43177E+02
   0.43177E+02
   0.43177E+02
   0.43177E+02
   0.43177E+02
   0.43951E+02
   0.43951E+02
   0.43951E+02
   0.43951E+02
   0.43951E+02
   0.43021E+02
   0.43021E+02
   0.43021E+02
   0.43021E+02
   0.43021E+02
   0.43356E+02
   0.43356E+02
   0.43356E+02
   0.43356E+02
   0.43356E+02
   0.43724E+02
   0.43724E+02
   0.43724E+02
   0.43724E+02
   0.43724E+02
   0.43559E+02
   0.43559E+02
   0.43559E+02
   0.43559E+02
   0.43559E+02
   0.43554E+02
   0.43554E+02
   0.43554E+02
   0.43554E+02
   0.43554E+02
   0.43253E+02
   0.43253E+02
   0.43253E+02
   0.43253E+02
   0.43253E+02
   0.44676E+02
   0.44676E+02
   0.44676E+02
   0.44676E+02
   0.44676E+02
   0.43144E+02
   0.43144E+02
   0.43144E+02
   0.43144E+02
   0.43144E+02
   0.43986E+02
   0.43986E+02
   0.43986E+02
   0.43986E+02
   0.43986E+02
   0.43965E+02
   0.43965E+02
   0.43965E+02
   0.43965E+02
   0.43965E+02
   0.43799E+02
   0.43799E+02
   0.43799E+02
   0.43799E+02
   0.43799E+02
   0.44439E+02
   0.44439E+02
   0.44439E+02
   0.44439E+02
   0.44439E+02
   0.43973E+02
   0.43973E+02
   0.43973E+02
   0.43973E+02
   0.43973E+02
   0.44237E+02
   0.44237E+02
   0.44237E+02
   0.44237E+02
   0.44237E+02
   0.44118E+02
   0.44118E+02
   0.44118E+02
   0.44118E+02
   0.44118E+02
   0.44433E+02
   0.44433E+02
   0.44433E+02
   0.44433E+02
   0.44433E+02
   0.43456E+02
   0.43456E+02
   0.43456E+02
   0.43456E+02
   0.43456E+02
   0.42570E+02
   0.42570E+02
   0.42570E+02
   0.42570E+02
   0.42570E+02
   0.44755E+02
   0.44755E+02
   0.44755E+02
   0.44755E+02
   0.44755E+02
   0.44166E+02
   0.44166E+02
   0.44166E+02
   0.44166E+02
   0.44166E+02
   0.44173E+02
   0.44173E+02
   0.44173E+02
   0.44173E+02
   0.44173E+02
   0.43699E+02
   0.43699E+02
   0.43699E+02
   0.43699E+02
   0.43699E+02
   0.43595E+02
   0.43595E+02
   0.43595E+02
   0.43595E+02
   0.43595E+02
   0.44356E+02
   0.44356E+02
   0.44356E+02
   0.44356E+02
   0.44356E+02
   0.44290E+02
   0.44290E+02
   0.44290E+02
   0.44290E+02
   0.44290E+02
   0.43809E+02
   0.43809E+02
   0.43809E+02
   0.43809E+02
   0.43809E+02
   0.43587E+02
   0.43587E+02
   0.43587E+02
   0.43587E+02
   0.43587E+02
   0.43920E+02
   0.43920E+02
   0.43920E+02
   0.43920E+02
   0.43920E+02
   0.43821E+02
   0.43821E+02
   0.43821E+02
   0.43821E+02
   0.43821E+02
   0.45163E+02
   0.45163E+02
   0.45163E+02
   0.45163E+02
   0.45163E+02
   0.44630E+02
   0.44630E+02
   0.44630E+02
   0.44630E+02
   0.44630E+02
   0.42830E+02
   0.42830E+02
   0.42830E+02
   0.42830E+02
   0.42830E+02
   0.44454E+02
   0.44454E+02
   0.44454E+02
   0.44454E+02
   0.44454E+02
   0.43642E+02
   0.43642E+02
   0.43642E+02
   0.43642E+02
   0.43642E+02
   0.44017E+02
   0.44017E+02
   0.44017E+02
   0.44017E+02
   0.44017E+02
   0.43547E+02
   0.43547E+02
   0.43547E+02
   0.43547E+02
   0.43547E+02
   0.43197E+02
   0.43197E+02
   0.43197E+02
   0.43197E+02
   0.43197E+02
   0.43808E+02
   0.43808E+02
   0.43808E+02
   0.43808E+02
   0.43808E+02
   0.42189E+02
   0.42189E+02
   0.42189E+02
   0.42189E+02
   0.42189E+02
   0.43109E+02
   0.43109E+02
   0.43109E+02
   0.43109E+02
   0.43109E+02
   0.43342E+02
   0.43342E+02
   0.43342E+02
   0.43342E+02
   0.43342E+02
   0.44510E+02
   0.44510E+02
   0.44510E+02
   0.44510E+02
   0.44510E+02
   0.44024E+02
   0.44024E+02
   0.44024E+02
   0.44024E+02
   0.44024E+02
   0.43566E+02
   0.43566E+02
   0.43566E+02
   0.43566E+02
   0.43566E+02
   0.44120E+02
   0.44120E+02
   0.44120E+02
   0.44120E+02
   0.44120E+02
   0.43786E+02
   0.43786E+02
   0.43786E+02
   0.43786E+02
   0.43786E+02
   0.44571E+02
   0.44571E+02
   0.44571E+02
   0.44571E+02
   0.44571E+02
   0.43419E+02
   0.43419E+02
   0.43419E+02
   0.43419E+02
   0.43419E+02
   0.43249E+02
   0.43249E+02
   0.43249E+02
   0.43249E+02
   0.43249E+02
   0.43963E+02
   0.43963E+02
   0.43963E+02
   0.43963E+02
   0.43963E+02
   0.43952E+02
   0.43952E+02
   0.43952E+02
   0.43952E+02
   0.43952E+02
   0.44597E+02
   0.44597E+02
   0.44597E+02
   0.44597E+02
   0.44597E+02
   0.44234E+02
   0.44234E+02
   0.44234E+02
   0.44234E+02
   0.44234E+02
   0.44197E+02
   0.44197E+02
   0.44197E+02
   0.44197E+02
   0.44197E+02
   0.44359E+02
   0.44359E+02
   0.44359E+02
   0.44359E+02
   0.44359E+02
   0.43015E+02
   0.43015E+02
   0.43015E+02
   0.43015E+02
   0.43015E+02
   0.43699E+02
   0.43699E+02
   0.43699E+02
   0.43699E+02
   0.43699E+02
   0.44501E+02
   0.44501E+02
   0.44501E+02
   0.44501E+02
   0.44501E+02
   0.44328E+02
   0.44328E+02
   0.44328E+02
   0.44328E+02
   0.44328E+02
   0.43505E+02
   0.43505E+02
   0.43505E+02
   0.43505E+02
   0.43505E+02
   0.44370E+02
   0.44370E+02
   0.44370E+02
   0.44370E+02
   0.44370E+02
   0.42796E+02
   0.42796E+02
   0.42796E+02
   0.42796E+02
   0.42796E+02
   0.44469E+02
   0.44469E+02
   0.44469E+02
   0.44469E+02
   0.44469E+02
   0.43566E+02
   0.43566E+02
   0.43566E+02
   0.43566E+02
   0.43566E+02
   0.43569E+02
   0.43569E+02
   0.43569E+02
   0.43569E+02
   0.43569E+02
   0.43470E+02
   0.43470E+02
   0.43470E+02
   0.43470E+02
   0.43470E+02
   0.43351E+02
   0.43351E+02
   0.43351E+02
   0.43351E+02
   0.43351E+02
   0.44032E+02
   0.44032E+02
   0.44032E+02
   0.44032E+02
   0.44032E+02
   0.43627E+02
   0.43627E+02
   0.43627E+02
   0.43627E+02
   0.43627E+02
   0.43711E+02
   0.43711E+02
   0.43711E+02
   0.43711E+02
   0.43711E+02
   0.43781E+02
   0.43781E+02
   0.43781E+02
   0.43781E+02
   0.43781E+02
   0.43626E+02
   0.43626E+02
   0.43626E+02
   0.43626E+02
   0.43626E+02
   0.44277E+02
   0.44277E+02
   0.44277E+02
   0.44277E+02
   0.44277E+02
   0.43306E+02
   0.43306E+02
   0.43306E+02
   0.43306E+02
   0.43306E+02
   0.44733E+02
   0.44733E+02
   0.44733E+02
   0.44733E+02
   0.44733E+02
   0.44279E+02
   0.44279E+02
   0.44279E+02
   0.44279E+02
   0.44279E+02
   0.42785E+02
   0.42785E+02
   0.42785E+02
   0.42785E+02
   0.42785E+02
   0.43829E+02
   0.43829E+02
   0.43829E+02
   0.43829E+02
   0.43829E+02
   0.43728E+02
   0.43728E+02
   0.43728E+02
   0.43728E+02
   0.43728E+02
   0.43037E+02
   0.43037E+02
   0.43037E+02
   0.43037E+02
   0.43037E+02
   0.44358E+02
   0.44358E+02
   0.44358E+02
   0.44358E+02
   0.44358E+02
   0.44359E+02
   0.44359E+02
   0.44359E+02
   0.44359E+02
   0.44359E+02
   0.43897E+02
   0.43897E+02
   0.43897E+02
   0.43897E+02
   0.43897E+02
   0.43514E+02
   0.43514E+02
   0.43514E+02
   0.43514E+02
   0.43514E+02
   0.44482E+02
   0.44482E+02
   0.44482E+02
   0.44482E+02
   0.44482E+02
   0.44664E+02
   0.44664E+02
   0.44664E+02
   0.44664E+02
   0.44664E+02
   0.43812E+02
   0.43812E+02
   0.43812E+02
   0.43812E+02
   0.43812E+02
   0.44573E+02
   0.44573E+02
   0.44573E+02
   0.44573E+02
   0.44573E+02
   0.43853E+02
   0.43853E+02
   0.43853E+02
   0.43853E+02
   0.43853E+02
   0.43328E+02
   0.43328E+02
   0.43328E+02
   0.43328E+02
   0.43328E+02
   0.44169E+02
   0.44169E+02
   0.44169E+02
   0.44169E+02
   0.44169E+02
   0.42539E+02
   0.42539E+02
   0.42539E+02
   0.42539E+02
   0.42539E+02
   0.44226E+02
   0.44226E+02
   0.44226E+02
   0.44226E+02
   0.44226E+02
   0.43173E+02
   0.43173E+02
   0.43173E+02
   0.43173E+02
   0.43173E+02
   0.43716E+02
   0.43716E+02
   0.43716E+02
   0.43716E+02
   0.43716E+02
   0.44079E+02
   0.44079E+02
   0.44079E+02
   0.44079E+02
   0.44079E+02
   0.43120E+02
   0.43120E+02
   0.43120E+02
   0.43120E+02
   0.43120E+02
   0.42972E+02
   0.42972E+02
   0.42972E+02
   0.42972E+02
   0.42972E+02
   0.43664E+02
   0.43664E+02
   0.43664E+02
   0.43664E+02
   0.43664E+02
   0.44231E+02
   0.44231E+02
   0.44231E+02
   0.44231E+02
   0.44231E+02
   0.44690E+02
   0.44690E+02
   0.44690E+02
   0.44690E+02
   0.44690E+02
   0.44310E+02
   0.44310E+02
   0.44310E+02
   0.44310E+02
   0.44310E+02
   0.43898E+02
   0.43898E+02
   0.43898E+02
   0.43898E+02
   0.43898E+02
   0.43788E+02
   0.43788E+02
   0.43788E+02
   0.43788E+02
   0.43788E+02
   0.43546E+02
   0.43546E+02
   0.43546E+02
   0.43546E+02
   0.43546E+02
   0.43740E+02
   0.43740E+02
   0.43740E+02
   0.43740E+02
   0.43740E+02
   0.44384E+02
   0.44384E+02
   0.44384E+02
   0.44384E+02
   0.44384E+02
   0.43671E+02
   0.43671E+02
   0.43671E+02
   0.43671E+02
   0.43671E+02
   0.43455E+02
   0.43455E+02
   0.43455E+02
   0.43455E+02
   0.43455E+02
   0.43943E+02
   0.43943E+02
   0.43943E+02
   0.43943E+02
   0.43943E+02
   0.44207E+02
   0.44207E+02
   0.44207E+02
   0.44207E+02
   0.44207E+02
   0.43613E+02
   0.43613E+02
   0.43613E+02
   0.43613E+02
   0.43613E+02
   0.44812E+02
   0.44812E+02
   0.44812E+02
   0.44812E+02
   0.44812E+02
   0.44024E+02
   0.44024E+02
   0.44024E+02
   0.44024E+02
   0.44024E+02
   0.43967E+02
   0.43967E+02
   0.43967E+02
   0.43967E+02
   0.43967E+02
   0.44055E+02
   0.44055E+02
   0.44055E+02
   0.44055E+02
   0.44055E+02
   0.44162E+02
   0.44162E+02
   0.44162E+02
   0.44162E+02
   0.44162E+02
   0.43299E+02
   0.43299E+02
   0.43299E+02
   0.43299E+02
   0.43299E+02
   0.43579E+02
   0.43579E+02
   0.43579E+02
   0.43579E+02
   0.43579E+02
   0.43863E+02
   0.43863E+02
   0.43863E+02
   0.43863E+02
   0.43863E+02
   0.42333E+02
   0.42333E+02
   0.42333E+02
   0.42333E+02
   0.42333E+02
   0.44297E+02
   0.44297E+02
   0.44297E+02
   0.44297E+02
   0.44297E+02
   0.44497E+02
   0.44497E+02
   0.44497E+02
   0.44497E+02
   0.44497E+02
   0.43717E+02
   0.43717E+02
   0.43717E+02
   0.43717E+02
   0.43717E+02
   0.43950E+02
   0.43950E+02
   0.43950E+02
   0.43950E+02
   0.43950E+02
   0.44000E+02
   0.44000E+02
   0.44000E+02
   0.44000E+02
   0.44000E+02
   0.43841E+02
   0.43841E+02
   0.43841E+02
   0.43841E+02
   0.43841E+02
   0.43497E+02
   0.43497E+02
   0.43497E+02
   0.43497E+02
   0.43497E+02
   0.42988E+02
   0.42988E+02
   0.42988E+02
   0.42988E+02
   0.42988E+02
   0.43806E+02
   0.43806E+02
   0.43806E+02
   0.43806E+02
   0.43806E+02
   0.43859E+02
   0.43859E+02
   0.43859E+02
   0.43859E+02
   0.43859E+02
   0.43473E+02
   0.43473E+02
   0.43473E+02
   0.43473E+02
   0.43473E+02
   0.44068E+02
   0.44068E+02
   0.44068E+02
   0.44068E+02
   0.44068E+02
   0.43693E+02
   0.43693E+02
   0.43693E+02
   0.43693E+02
   0.43693E+02
   0.44141E+02
   0.44141E+02
   0.44141E+02
   0.44141E+02
   0.44141E+02
   0.43725E+02
   0.43725E+02
   0.43725E+02
   0.43725E+02
   0.43725E+02
   0.43284E+02
   0.43284E+02
   0.43284E+02
   0.43284E+02
   0.43284E+02
   0.44144E+02
   0.44144E+02
   0.44144E+02
   0.44144E+02
   0.44144E+02
   0.43455E+02
   0.43455E+02
   0.43455E+02
   0.43455E+02
   0.43455E+02
   0.43874E+02
   0.43874E+02
   0.43874E+02
   0.43874E+02
   0.43874E+02
   0.43059E+02
   0.43059E+02
   0.43059E+02
   0.43059E+02
   0.43059E+02
   0.43543E+02
   0.43543E+02
   0.43543E+02
   0.43543E+02
   0.43543E+02
   0.44195E+02
   0.44195E+02
   0.44195E+02
   0.44195E+02
   0.44195E+02
   0.43973E+02
   0.43973E+02
   0.43973E+02
   0.43973E+02
   0.43973E+02
   0.43245E+02
   0.43245E+02
   0.43245E+02
   0.43245E+02
   0.43245E+02
   0.43518E+02
   0.43518E+02
   0.43518E+02
   0.43518E+02
   0.43518E+02
   0.43833E+02
   0.43833E+02
   0.43833E+02
   0.43833E+02
   0.43833E+02
   0.44138E+02
   0.44138E+02
   0.44138E+02
   0.44138E+02
   0.44138E+02
   0.42716E+02
   0.42716E+02
   0.42716E+02
   0.42716E+02
   0.42716E+02
   0.43373E+02
   0.43373E+02
   0.43373E+02
   0.43373E+02
   0.43373E+02
   0.43296E+02
   0.43296E+02
   0.43296E+02
   0.43296E+02
   0.43296E+02
   0.42668E+02
   0.42668E+02
   0.42668E+02
   0.42668E+02
   0.42668E+02
   0.43772E+02
   0.43772E+02
   0.43772E+02
   0.43772E+02
   0.43772E+02
   0.43663E+02
   0.43663E+02
   0.43663E+02
   0.43663E+02
   0.43663E+02
   0.44189E+02
   0.44189E+02
   0.44189E+02
   0.44189E+02
   0.44189E+02
   0.43531E+02
   0.43531E+02
   0.43531E+02
   0.43531E+02
   0.43531E+02
   0.43375E+02
   0.43375E+02
   0.43375E+02
   0.43375E+02
   0.43375E+02
   0.43333E+02
   0.43333E+02
   0.43333E+02
   0.43333E+02
   0.43333E+02
   0.44028E+02
   0.44028E+02
   0.44028E+02
   0.44028E+02
   0.44028E+02
   0.44886E+02
   0.44886E+02
   0.44886E+02
   0.44886E+02
   0.44886E+02
   0.44271E+02
   0.44271E+02
   0.44271E+02
   0.44271E+02
   0.44271E+02
   0.43643E+02
   0.43643E+02
   0.43643E+02
   0.43643E+02
   0.43643E+02
   0.44943E+02
   0.44943E+02
   0.44943E+02
   0.44943E+02
   0.44943E+02
   0.43310E+02
   0.43310E+02
   0.43310E+02
   0.43310E+02
   0.43310E+02
   0.44636E+02
   0.44636E+02
   0.44636E+02
   0.44636E+02
   0.44636E+02
   0.44210E+02
   0.44210E+02
   0.44210E+02
   0.44210E+02
   0.44210E+02
   0.43935E+02
   0.43935E+02
   0.43935E+02
   0.43935E+02
   0.43935E+02
   0.43333E+02
   0.43333E+02
   0.43333E+02
   0.43333E+02
   0.43333E+02
   0.43251E+02
   0.43251E+02
   0.43251E+02
   0.43251E+02
   0.43251E+02
   0.43266E+02
   0.43266E+02
   0.43266E+02
   0.43266E+02
   0.43266E+02
   0.44334E+02
   0.44334E+02
   0.44334E+02
   0.44334E+02
   0.44334E+02
   0.43956E+02
   0.43956E+02
   0.43956E+02
   0.43956E+02
   0.43956E+02
   0.43938E+02
   0.43938E+02
   0.43938E+02
   0.43938E+02
   0.43938E+02
   0.43978E+02
   0.43978E+02
   0.43978E+02
   0.43978E+02
   0.43978E+02
   0.43832E+02
   0.43832E+02
   0.43832E+02
   0.43832E+02
   0.43832E+02
   0.44243E+02
   0.44243E+02
   0.44243E+02
   0.44243E+02
   0.44243E+02
   0.43667E+02
   0.43667E+02
   0.43667E+02
   0.43667E+02
   0.43667E+02
   0.43830E+02
   0.43830E+02
   0.43830E+02
   0.43830E+02
   0.43830E+02
   0.45021E+02
   0.45021E+02
   0.45021E+02
   0.45021E+02
   0.45021E+02
   0.43636E+02
   0.43636E+02
   0.43636E+02
   0.43636E+02
   0.43636E+02
   0.43916E+02
   0.43916E+02
   0.43916E+02
   0.43916E+02
   0.43916E+02
   0.44233E+02
   0.44233E+02
   0.44233E+02
   0.44233E+02
   0.44233E+02
   0.44280E+02
   0.44280E+02
   0.44280E+02
   0.44280E+02
   0.44280E+02
   0.44176E+02
   0.44176E+02
   0.44176E+02
   0.44176E+02
   0.44176E+02
   0.43102E+02
   0.43102E+02
   0.43102E+02
   0.43102E+02
   0.43102E+02
   0.44569E+02
   0.44569E+02
   0.44569E+02
   0.44569E+02
   0.44569E+02
   0.44432E+02
   0.44432E+02
   0.44432E+02
   0.44432E+02
   0.44432E+02
   0.43597E+02
   0.43597E+02
   0.43597E+02
   0.43597E+02
   0.43597E+02
   0.43781E+02
   0.43781E+02
   0.43781E+02
   0.43781E+02
   0.43781E+02
   0.43170E+02
   0.43170E+02
   0.43170E+02
   0.43170E+02
   0.43170E+02
   0.43562E+02
   0.43562E+02
   0.43562E+02
   0.43562E+02
   0.43562E+02
   0.44460E+02
   0.44460E+02
   0.44460E+02
   0.44460E+02
   0.44460E+02
   0.43617E+02
   0.43617E+02
   0.43617E+02
   0.43617E+02
   0.43617E+02
   0.44408E+02
   0.44408E+02
   0.44408E+02
   0.44408E+02
   0.44408E+02
   0.43877E+02
   0.43877E+02
   0.43877E+02
   0.43877E+02
   0.43877E+02
   0.43377E+02
   0.43377E+02
   0.43377E+02
   0.43377E+02
   0.43377E+02
   0.43156E+02
   0.43156E+02
   0.43156E+02
   0.43156E+02
   0.43156E+02
   0.43735E+02
   0.43735E+02
   0.43735E+02
   0.43735E+02
   0.43735E+02
   0.44548E+02
   0.44548E+02
   0.44548E+02
   0.44548E+02
   0.44548E+02
   0.43637E+02
   0.43637E+02
   0.43637E+02
   0.43637E+02
   0.43637E+02
   0.44525E+02
   0.44525E+02
   0.44525E+02
   0.44525E+02
   0.44525E+02
   0.44275E+02
   0.44275E+02
   0.44275E+02
   0.44275E+02
   0.44275E+02
   0.44312E+02
   0.44312E+02
   0.44312E+02
   0.44312E+02
   0.44312E+02
   0.43936E+02
   0.43936E+02
   0.43936E+02
   0.43936E+02
   0.43936E+02
   0.43833E+02
   0.43833E+02
   0.43833E+02
   0.43833E+02
   0.43833E+02
   0.42716E+02
   0.42716E+02
   0.42716E+02
   0.42716E+02
   0.42716E+02
   0.44437E+02
   0.44437E+02
   0.44437E+02
   0.44437E+02
   0.44437E+02
   0.43909E+02
   0.43909E+02
   0.43909E+02
   0.43909E+02
   0.43909E+02
   0.43900E+02
   0.43900E+02
   0.43900E+02
   0.43900E+02
   0.43900E+02
   0.43782E+02
   0.43782E+02
   0.43782E+02
   0.43782E+02
   0.43782E+02
   0.43639E+02
   0.43639E+02
   0.43639E+02
   0.43639E+02
   0.43639E+02
   0.43447E+02
   0.43447E+02
   0.43447E+02
   0.43447E+02
   0.43447E+02
   0.44592E+02
   0.44592E+02
   0.44592E+02
   0.44592E+02
   0.44592E+02
   0.43704E+02
   0.43704E+02
   0.43704E+02
   0.43704E+02
   0.43704E+02
   0.43321E+02
   0.43321E+02
   0.43321E+02
   0.43321E+02
   0.43321E+02
   0.44387E+02
   0.44387E+02
   0.44387E+02
   0.44387E+02
   0.44387E+02
   0.44445E+02
   0.44445E+02
   0.44445E+02
   0.44445E+02
   0.44445E+02
   0.43014E+02
   0.43014E+02
   0.43014E+02
   0.43014E+02
   0.43014E+02
   0.44141E+02
   0.44141E+02
   0.44141E+02
   0.44141E+02
   0.44141E+02
   0.43595E+02
   0.43595E+02
   0.43595E+02
   0.43595E+02
   0.43595E+02
   0.43429E+02
   0.43429E+02
   0.43429E+02
   0.43429E+02
   0.43429E+02
   0.43674E+02
   0.43674E+02
   0.43674E+02
   0.43674E+02
   0.43674E+02
   0.43845E+02
   0.43845E+02
   0.43845E+02
   0.43845E+02
   0.43845E+02
   0.44332E+02
   0.44332E+02
   0.44332E+02
   0.44332E+02
   0.44332E+02
   0.43120E+02
   0.43120E+02
   0.43120E+02
   0.43120E+02
   0.43120E+02
   0.44532E+02
   0.44532E+02
   0.44532E+02
   0.44532E+02
   0.44532E+02
   0.42272E+02
   0.42272E+02
   0.42272E+02
   0.42272E+02
   0.42272E+02
   0.44149E+02
   0.44149E+02
   0.44149E+02
   0.44149E+02
   0.44149E+02
   0.43240E+02
   0.43240E+02
   0.43240E+02
   0.43240E+02
   0.43240E+02
   0.42833E+02
   0.42833E+02
   0.42833E+02
   0.42833E+02
   0.42833E+02
   0.43488E+02
   0.43488E+02
   0.43488E+02
   0.43488E+02
   0.43488E+02
   0.43506E+02
   0.43506E+02
   0.43506E+02
   0.43506E+02
   0.43506E+02
   0.43642E+02
   0.43642E+02
   0.43642E+02
   0.43642E+02
   0.43642E+02
   0.43577E+02
   0.43577E+02
   0.43577E+02
   0.43577E+02
   0.43577E+02
   0.43703E+02
   0.43703E+02
   0.43703E+02
   0.43703E+02
   0.43703E+02
   0.43470E+02
   0.43470E+02
   0.43470E+02
   0.43470E+02
   0.43470E+02
   0.44668E+02
   0.44668E+02
   0.44668E+02
   0.44668E+02
   0.44668E+02
   0.42845E+02
   0.42845E+02
   0.42845E+02
   0.42845E+02
   0.42845E+02
   0.43498E+02
   0.43498E+02
   0.43498E+02
   0.43498E+02
   0.43498E+02
   0.43333E+02
   0.43333E+02
   0.43333E+02
   0.43333E+02
   0.43333E+02
   0.43681E+02
   0.43681E+02
   0.43681E+02
   0.43681E+02
   0.43681E+02
   0.43855E+02
   0.43855E+02
   0.43855E+02
   0.43855E+02
   0.43855E+02
   0.43923E+02
   0.43923E+02
   0.43923E+02
   0.43923E+02
   0.43923E+02
   0.43740E+02
   0.43740E+02
   0.43740E+02
   0.43740E+02
   0.43740E+02
   0.42948E+02
   0.42948E+02
   0.42948E+02
   0.42948E+02
   0.42948E+02
   0.43618E+02
   0.43618E+02
   0.43618E+02
   0.43618E+02
   0.43618E+02
   0.44481E+02
   0.44481E+02
   0.44481E+02
   0.44481E+02
   0.44481E+02
   0.43949E+02
   0.43949E+02
   0.43949E+02
   0.43949E+02
   0.43949E+02
   0.43399E+02
   0.43399E+02
   0.43399E+02
   0.43399E+02
   0.43399E+02
   0.43059E+02
   0.43059E+02
   0.43059E+02
   0.43059E+02
   0.43059E+02
   0.43905E+02
   0.43905E+02
   0.43905E+02
   0.43905E+02
   0.43905E+02
   0.44243E+02
   0.44243E+02
   0.44243E+02
   0.44243E+02
   0.44243E+02
   0.44461E+02
   0.44461E+02
   0.44461E+02
   0.44461E+02
   0.44461E+02
   0.43766E+02
   0.43766E+02
   0.43766E+02
   0.43766E+02
   0.43766E+02
   0.43901E+02
   0.43901E+02
   0.43901E+02
   0.43901E+02
   0.43901E+02
   0.43079E+02
   0.43079E+02
   0.43079E+02
   0.43079E+02
   0.43079E+02
   0.44040E+02
   0.44040E+02
   0.44040E+02
   0.44040E+02
   0.44040E+02
   0.44285E+02
   0.44285E+02
   0.44285E+02
   0.44285E+02
   0.44285E+02
   0.44013E+02
   0.44013E+02
   0.44013E+02
   0.44013E+02
   0.44013E+02
   0.45268E+02
   0.45268E+02
   0.45268E+02
   0.45268E+02
   0.45268E+02
   0.44555E+02
   0.44555E+02
   0.44555E+02
   0.44555E+02
   0.44555E+02
   0.43642E+02
   0.43642E+02
   0.43642E+02
   0.43642E+02
   0.43642E+02
   0.43498E+02
   0.43498E+02
   0.43498E+02
   0.43498E+02
   0.43498E+02
   0.44059E+02
   0.44059E+02
   0.44059E+02
   0.44059E+02
   0.44059E+02
   0.43542E+02
   0.43542E+02
   0.43542E+02
   0.43542E+02
   0.43542E+02
   0.43456E+02
   0.43456E+02
   0.43456E+02
   0.43456E+02
   0.43456E+02
   0.43612E+02
   0.43612E+02
   0.43612E+02
   0.43612E+02
   0.43612E+02
   0.44225E+02
   0.44225E+02
   0.44225E+02
   0.44225E+02
   0.44225E+02
   0.43153E+02
   0.43153E+02
   0.43153E+02
   0.43153E+02
   0.43153E+02
   0.42857E+02
   0.42857E+02
   0.42857E+02
   0.42857E+02
   0.42857E+02
   0.44319E+02
   0.44319E+02
   0.44319E+02
   0.44319E+02
   0.44319E+02
   0.43753E+02
   0.43753E+02
   0.43753E+02
   0.43753E+02
   0.43753E+02
   0.43714E+02
   0.43714E+02
   0.43714E+02
   0.43714E+02
   0.43714E+02
   0.44340E+02
   0.44340E+02
   0.44340E+02
   0.44340E+02
   0.44340E+02
   0.43810E+02
   0.43810E+02
   0.43810E+02
   0.43810E+02
   0.43810E+02
   0.43269E+02
   0.43269E+02
   0.43269E+02
   0.43269E+02
   0.43269E+02
   0.42925E+02
   0.42925E+02
   0.42925E+02
   0.42925E+02
   0.42925E+02
   0.44039E+02
   0.44039E+02
   0.44039E+02
   0.44039E+02
   0.44039E+02
   0.43326E+02
   0.43326E+02
   0.43326E+02
   0.43326E+02
   0.43326E+02
   0.44633E+02
   0.44633E+02
   0.44633E+02
   0.44633E+02
   0.44633E+02
   0.43849E+02
   0.43849E+02
   0.43849E+02
   0.43849E+02
   0.43849E+02
   0.43854E+02
   0.43854E+02
   0.43854E+02
   0.43854E+02
   0.43854E+02
   0.43661E+02
   0.43661E+02
   0.43661E+02
   0.43661E+02
   0.43661E+02
   0.43101E+02
   0.43101E+02
   0.43101E+02
   0.43101E+02
   0.43101E+02
   0.44269E+02
   0.44269E+02
   0.44269E+02
   0.44269E+02
   0.44269E+02
   0.43566E+02
   0.43566E+02
   0.43566E+02
   0.43566E+02
   0.43566E+02
   0.43919E+02
   0.43919E+02
   0.43919E+02
   0.43919E+02
   0.43919E+02
   0.44158E+02
   0.44158E+02
   0.44158E+02
   0.44158E+02
   0.44158E+02
   0.44840E+02
   0.44840E+02
   0.44840E+02
   0.44840E+02
   0.44840E+02
   0.43564E+02
   0.43564E+02
   0.43564E+02
   0.43564E+02
   0.43564E+02
   0.43426E+02
   0.43426E+02
   0.43426E+02
   0.43426E+02
   0.43426E+02
   0.43861E+02
   0.43861E+02
   0.43861E+02
   0.43861E+02
   0.43861E+02
   0.43297E+02
   0.43297E+02
   0.43297E+02
   0.43297E+02
   0.43297E+02
