   0.43828E+02
   0.43828E+02
   0.43828E+02
   0.43828E+02
   0.43828E+02
   0.43922E+02
   0.43922E+02
   0.43922E+02
   0.43922E+02
   0.43922E+02
   0.43989E+02
   0.43989E+02
   0.43989E+02
   0.43989E+02
   0.43989E+02
   0.43262E+02
   0.43262E+02
   0.43262E+02
   0.43262E+02
   0.43262E+02
   0.43763E+02
   0.43763E+02
   0.43763E+02
   0.43763E+02
   0.43763E+02
   0.45492E+02
   0.45492E+02
   0.45492E+02
   0.45492E+02
   0.45492E+02
   0.44409E+02
   0.44409E+02
   0.44409E+02
   0.44409E+02
   0.44409E+02
   0.44666E+02
   0.44666E+02
   0.44666E+02
   0.44666E+02
   0.44666E+02
   0.45200E+02
   0.45200E+02
   0.45200E+02
   0.45200E+02
   0.45200E+02
   0.43529E+02
   0.43529E+02
   0.43529E+02
   0.43529E+02
   0.43529E+02
   0.42890E+02
   0.42890E+02
   0.42890E+02
   0.42890E+02
   0.42890E+02
   0.44052E+02
   0.44052E+02
   0.44052E+02
   0.44052E+02
   0.44052E+02
   0.43484E+02
   0.43484E+02
   0.43484E+02
   0.43484E+02
   0.43484E+02
   0.44070E+02
   0.44070E+02
   0.44070E+02
   0.44070E+02
   0.44070E+02
   0.43337E+02
   0.43337E+02
   0.43337E+02
   0.43337E+02
   0.43337E+02
   0.44764E+02
   0.44764E+02
   0.44764E+02
   0.44764E+02
   0.44764E+02
   0.43227E+02
   0.43227E+02
   0.43227E+02
   0.43227E+02
   0.43227E+02
   0.42989E+02
   0.42989E+02
   0.42989E+02
   0.42989E+02
   0.42989E+02
   0.44314E+02
   0.44314E+02
   0.44314E+02
   0.44314E+02
   0.44314E+02
   0.44001E+02
   0.44001E+02
   0.44001E+02
   0.44001E+02
   0.44001E+02
   0.44467E+02
   0.44467E+02
   0.44467E+02
   0.44467E+02
   0.44467E+02
   0.44900E+02
   0.44900E+02
   0.44900E+02
   0.44900E+02
   0.44900E+02
   0.44039E+02
   0.44039E+02
   0.44039E+02
   0.44039E+02
   0.44039E+02
   0.43931E+02
   0.43931E+02
   0.43931E+02
   0.43931E+02
   0.43931E+02
   0.43756E+02
   0.43756E+02
   0.43756E+02
   0.43756E+02
   0.43756E+02
   0.42838E+02
   0.42838E+02
   0.42838E+02
   0.42838E+02
   0.42838E+02
   0.43166E+02
   0.43166E+02
   0.43166E+02
   0.43166E+02
   0.43166E+02
   0.44470E+02
   0.44470E+02
   0.44470E+02
   0.44470E+02
   0.44470E+02
   0.43576E+02
   0.43576E+02
   0.43576E+02
   0.43576E+02
   0.43576E+02
   0.42963E+02
   0.42963E+02
   0.42963E+02
   0.42963E+02
   0.42963E+02
   0.43806E+02
   0.43806E+02
   0.43806E+02
   0.43806E+02
   0.43806E+02
   0.44585E+02
   0.44585E+02
   0.44585E+02
   0.44585E+02
   0.44585E+02
   0.44366E+02
   0.44366E+02
   0.44366E+02
   0.44366E+02
   0.44366E+02
   0.43282E+02
   0.43282E+02
   0.43282E+02
   0.43282E+02
   0.43282E+02
   0.43775E+02
   0.43775E+02
   0.43775E+02
   0.43775E+02
   0.43775E+02
   0.44128E+02
   0.44128E+02
   0.44128E+02
   0.44128E+02
   0.44128E+02
   0.44209E+02
   0.44209E+02
   0.44209E+02
   0.44209E+02
   0.44209E+02
   0.43605E+02
   0.43605E+02
   0.43605E+02
   0.43605E+02
   0.43605E+02
   0.43247E+02
   0.43247E+02
   0.43247E+02
   0.43247E+02
   0.43247E+02
   0.44803E+02
   0.44803E+02
   0.44803E+02
   0.44803E+02
   0.44803E+02
   0.44261E+02
   0.44261E+02
   0.44261E+02
   0.44261E+02
   0.44261E+02
   0.44215E+02
   0.44215E+02
   0.44215E+02
   0.44215E+02
   0.44215E+02
   0.44290E+02
   0.44290E+02
   0.44290E+02
   0.44290E+02
   0.44290E+02
   0.43972E+02
   0.43972E+02
   0.43972E+02
   0.43972E+02
   0.43972E+02
   0.43733E+02
   0.43733E+02
   0.43733E+02
   0.43733E+02
   0.43733E+02
   0.43338E+02
   0.43338E+02
   0.43338E+02
   0.43338E+02
   0.43338E+02
   0.43249E+02
   0.43249E+02
   0.43249E+02
   0.43249E+02
   0.43249E+02
   0.44073E+02
   0.44073E+02
   0.44073E+02
   0.44073E+02
   0.44073E+02
   0.44516E+02
   0.44516E+02
   0.44516E+02
   0.44516E+02
   0.44516E+02
   0.43460E+02
   0.43460E+02
   0.43460E+02
   0.43460E+02
   0.43460E+02
   0.43624E+02
   0.43624E+02
   0.43624E+02
   0.43624E+02
   0.43624E+02
   0.43326E+02
   0.43326E+02
   0.43326E+02
   0.43326E+02
   0.43326E+02
   0.43788E+02
   0.43788E+02
   0.43788E+02
   0.43788E+02
   0.43788E+02
   0.43523E+02
   0.43523E+02
   0.43523E+02
   0.43523E+02
   0.43523E+02
   0.43073E+02
   0.43073E+02
   0.43073E+02
   0.43073E+02
   0.43073E+02
   0.44714E+02
   0.44714E+02
   0.44714E+02
   0.44714E+02
   0.44714E+02
   0.43936E+02
   0.43936E+02
   0.43936E+02
   0.43936E+02
   0.43936E+02
   0.43539E+02
   0.43539E+02
   0.43539E+02
   0.43539E+02
   0.43539E+02
   0.44564E+02
   0.44564E+02
   0.44564E+02
   0.44564E+02
   0.44564E+02
   0.44058E+02
   0.44058E+02
   0.44058E+02
   0.44058E+02
   0.44058E+02
   0.43962E+02
   0.43962E+02
   0.43962E+02
   0.43962E+02
   0.43962E+02
   0.43460E+02
   0.43460E+02
   0.43460E+02
   0.43460E+02
   0.43460E+02
   0.44155E+02
   0.44155E+02
   0.44155E+02
   0.44155E+02
   0.44155E+02
   0.44637E+02
   0.44637E+02
   0.44637E+02
   0.44637E+02
   0.44637E+02
   0.43802E+02
   0.43802E+02
   0.43802E+02
   0.43802E+02
   0.43802E+02
   0.43699E+02
   0.43699E+02
   0.43699E+02
   0.43699E+02
   0.43699E+02
   0.43591E+02
   0.43591E+02
   0.43591E+02
   0.43591E+02
   0.43591E+02
   0.44111E+02
   0.44111E+02
   0.44111E+02
   0.44111E+02
   0.44111E+02
   0.43231E+02
   0.43231E+02
   0.43231E+02
   0.43231E+02
   0.43231E+02
   0.43256E+02
   0.43256E+02
   0.43256E+02
   0.43256E+02
   0.43256E+02
   0.43843E+02
   0.43843E+02
   0.43843E+02
   0.43843E+02
   0.43843E+02
   0.43991E+02
   0.43991E+02
   0.43991E+02
   0.43991E+02
   0.43991E+02
   0.43910E+02
   0.43910E+02
   0.43910E+02
   0.43910E+02
   0.43910E+02
   0.43785E+02
   0.43785E+02
   0.43785E+02
   0.43785E+02
   0.43785E+02
   0.43355E+02
   0.43355E+02
   0.43355E+02
   0.43355E+02
   0.43355E+02
   0.43732E+02
   0.43732E+02
   0.43732E+02
   0.43732E+02
   0.43732E+02
   0.44417E+02
   0.44417E+02
   0.44417E+02
   0.44417E+02
   0.44417E+02
   0.43159E+02
   0.43159E+02
   0.43159E+02
   0.43159E+02
   0.43159E+02
   0.43404E+02
   0.43404E+02
   0.43404E+02
   0.43404E+02
   0.43404E+02
   0.43037E+02
   0.43037E+02
   0.43037E+02
   0.43037E+02
   0.43037E+02
   0.44182E+02
   0.44182E+02
   0.44182E+02
   0.44182E+02
   0.44182E+02
   0.44102E+02
   0.44102E+02
   0.44102E+02
   0.44102E+02
   0.44102E+02
   0.43589E+02
   0.43589E+02
   0.43589E+02
   0.43589E+02
   0.43589E+02
   0.44163E+02
   0.44163E+02
   0.44163E+02
   0.44163E+02
   0.44163E+02
   0.42884E+02
   0.42884E+02
   0.42884E+02
   0.42884E+02
   0.42884E+02
   0.44389E+02
   0.44389E+02
   0.44389E+02
   0.44389E+02
   0.44389E+02
   0.42889E+02
   0.42889E+02
   0.42889E+02
   0.42889E+02
   0.42889E+02
   0.43217E+02
   0.43217E+02
   0.43217E+02
   0.43217E+02
   0.43217E+02
   0.44020E+02
   0.44020E+02
   0.44020E+02
   0.44020E+02
   0.44020E+02
   0.44189E+02
   0.44189E+02
   0.44189E+02
   0.44189E+02
   0.44189E+02
   0.43182E+02
   0.43182E+02
   0.43182E+02
   0.43182E+02
   0.43182E+02
   0.44375E+02
   0.44375E+02
   0.44375E+02
   0.44375E+02
   0.44375E+02
   0.43833E+02
   0.43833E+02
   0.43833E+02
   0.43833E+02
   0.43833E+02
   0.43756E+02
   0.43756E+02
   0.43756E+02
   0.43756E+02
   0.43756E+02
   0.43964E+02
   0.43964E+02
   0.43964E+02
   0.43964E+02
   0.43964E+02
   0.44141E+02
   0.44141E+02
   0.44141E+02
   0.44141E+02
   0.44141E+02
   0.43498E+02
   0.43498E+02
   0.43498E+02
   0.43498E+02
   0.43498E+02
   0.44135E+02
   0.44135E+02
   0.44135E+02
   0.44135E+02
   0.44135E+02
   0.43075E+02
   0.43075E+02
   0.43075E+02
   0.43075E+02
   0.43075E+02
   0.43541E+02
   0.43541E+02
   0.43541E+02
   0.43541E+02
   0.43541E+02
   0.44076E+02
   0.44076E+02
   0.44076E+02
   0.44076E+02
   0.44076E+02
   0.44059E+02
   0.44059E+02
   0.44059E+02
   0.44059E+02
   0.44059E+02
   0.44184E+02
   0.44184E+02
   0.44184E+02
   0.44184E+02
   0.44184E+02
   0.44284E+02
   0.44284E+02
   0.44284E+02
   0.44284E+02
   0.44284E+02
   0.43428E+02
   0.43428E+02
   0.43428E+02
   0.43428E+02
   0.43428E+02
   0.43902E+02
   0.43902E+02
   0.43902E+02
   0.43902E+02
   0.43902E+02
   0.44539E+02
   0.44539E+02
   0.44539E+02
   0.44539E+02
   0.44539E+02
   0.44239E+02
   0.44239E+02
   0.44239E+02
   0.44239E+02
   0.44239E+02
   0.43619E+02
   0.43619E+02
   0.43619E+02
   0.43619E+02
   0.43619E+02
   0.43922E+02
   0.43922E+02
   0.43922E+02
   0.43922E+02
   0.43922E+02
   0.43016E+02
   0.43016E+02
   0.43016E+02
   0.43016E+02
   0.43016E+02
   0.44139E+02
   0.44139E+02
   0.44139E+02
   0.44139E+02
   0.44139E+02
   0.43946E+02
   0.43946E+02
   0.43946E+02
   0.43946E+02
   0.43946E+02
   0.43910E+02
   0.43910E+02
   0.43910E+02
   0.43910E+02
   0.43910E+02
   0.44776E+02
   0.44776E+02
   0.44776E+02
   0.44776E+02
   0.44776E+02
   0.43525E+02
   0.43525E+02
   0.43525E+02
   0.43525E+02
   0.43525E+02
   0.42822E+02
   0.42822E+02
   0.42822E+02
   0.42822E+02
   0.42822E+02
   0.43569E+02
   0.43569E+02
   0.43569E+02
   0.43569E+02
   0.43569E+02
   0.44177E+02
   0.44177E+02
   0.44177E+02
   0.44177E+02
   0.44177E+02
   0.44520E+02
   0.44520E+02
   0.44520E+02
   0.44520E+02
   0.44520E+02
   0.44223E+02
   0.44223E+02
   0.44223E+02
   0.44223E+02
   0.44223E+02
   0.43875E+02
   0.43875E+02
   0.43875E+02
   0.43875E+02
   0.43875E+02
   0.43660E+02
   0.43660E+02
   0.43660E+02
   0.43660E+02
   0.43660E+02
   0.45017E+02
   0.45017E+02
   0.45017E+02
   0.45017E+02
   0.45017E+02
   0.44470E+02
   0.44470E+02
   0.44470E+02
   0.44470E+02
   0.44470E+02
   0.44128E+02
   0.44128E+02
   0.44128E+02
   0.44128E+02
   0.44128E+02
   0.43924E+02
   0.43924E+02
   0.43924E+02
   0.43924E+02
   0.43924E+02
   0.43874E+02
   0.43874E+02
   0.43874E+02
   0.43874E+02
   0.43874E+02
   0.44353E+02
   0.44353E+02
   0.44353E+02
   0.44353E+02
   0.44353E+02
   0.43197E+02
   0.43197E+02
   0.43197E+02
   0.43197E+02
   0.43197E+02
   0.44988E+02
   0.44988E+02
   0.44988E+02
   0.44988E+02
   0.44988E+02
   0.43497E+02
   0.43497E+02
   0.43497E+02
   0.43497E+02
   0.43497E+02
   0.43399E+02
   0.43399E+02
   0.43399E+02
   0.43399E+02
   0.43399E+02
   0.44780E+02
   0.44780E+02
   0.44780E+02
   0.44780E+02
   0.44780E+02
   0.44676E+02
   0.44676E+02
   0.44676E+02
   0.44676E+02
   0.44676E+02
   0.42883E+02
   0.42883E+02
   0.42883E+02
   0.42883E+02
   0.42883E+02
   0.44623E+02
   0.44623E+02
   0.44623E+02
   0.44623E+02
   0.44623E+02
   0.42934E+02
   0.42934E+02
   0.42934E+02
   0.42934E+02
   0.42934E+02
   0.44279E+02
   0.44279E+02
   0.44279E+02
   0.44279E+02
   0.44279E+02
   0.42794E+02
   0.42794E+02
   0.42794E+02
   0.42794E+02
   0.42794E+02
   0.44305E+02
   0.44305E+02
   0.44305E+02
   0.44305E+02
   0.44305E+02
   0.43671E+02
   0.43671E+02
   0.43671E+02
   0.43671E+02
   0.43671E+02
   0.44345E+02
   0.44345E+02
   0.44345E+02
   0.44345E+02
   0.44345E+02
   0.43941E+02
   0.43941E+02
   0.43941E+02
   0.43941E+02
   0.43941E+02
   0.44566E+02
   0.44566E+02
   0.44566E+02
   0.44566E+02
   0.44566E+02
   0.44068E+02
   0.44068E+02
   0.44068E+02
   0.44068E+02
   0.44068E+02
   0.44011E+02
   0.44011E+02
   0.44011E+02
   0.44011E+02
   0.44011E+02
   0.43822E+02
   0.43822E+02
   0.43822E+02
   0.43822E+02
   0.43822E+02
   0.44058E+02
   0.44058E+02
   0.44058E+02
   0.44058E+02
   0.44058E+02
   0.43267E+02
   0.43267E+02
   0.43267E+02
   0.43267E+02
   0.43267E+02
   0.43164E+02
   0.43164E+02
   0.43164E+02
   0.43164E+02
   0.43164E+02
   0.43084E+02
   0.43084E+02
   0.43084E+02
   0.43084E+02
   0.43084E+02
   0.44512E+02
   0.44512E+02
   0.44512E+02
   0.44512E+02
   0.44512E+02
   0.42882E+02
   0.42882E+02
   0.42882E+02
   0.42882E+02
   0.42882E+02
   0.44399E+02
   0.44399E+02
   0.44399E+02
   0.44399E+02
   0.44399E+02
   0.44540E+02
   0.44540E+02
   0.44540E+02
   0.44540E+02
   0.44540E+02
   0.43350E+02
   0.43350E+02
   0.43350E+02
   0.43350E+02
   0.43350E+02
   0.43519E+02
   0.43519E+02
   0.43519E+02
   0.43519E+02
   0.43519E+02
   0.42919E+02
   0.42919E+02
   0.42919E+02
   0.42919E+02
   0.42919E+02
   0.43630E+02
   0.43630E+02
   0.43630E+02
   0.43630E+02
   0.43630E+02
   0.43644E+02
   0.43644E+02
   0.43644E+02
   0.43644E+02
   0.43644E+02
   0.43707E+02
   0.43707E+02
   0.43707E+02
   0.43707E+02
   0.43707E+02
   0.43648E+02
   0.43648E+02
   0.43648E+02
   0.43648E+02
   0.43648E+02
   0.43745E+02
   0.43745E+02
   0.43745E+02
   0.43745E+02
   0.43745E+02
   0.44014E+02
   0.44014E+02
   0.44014E+02
   0.44014E+02
   0.44014E+02
   0.43390E+02
   0.43390E+02
   0.43390E+02
   0.43390E+02
   0.43390E+02
   0.43800E+02
   0.43800E+02
   0.43800E+02
   0.43800E+02
   0.43800E+02
   0.45036E+02
   0.45036E+02
   0.45036E+02
   0.45036E+02
   0.45036E+02
   0.44286E+02
   0.44286E+02
   0.44286E+02
   0.44286E+02
   0.44286E+02
   0.43036E+02
   0.43036E+02
   0.43036E+02
   0.43036E+02
   0.43036E+02
   0.43876E+02
   0.43876E+02
   0.43876E+02
   0.43876E+02
   0.43876E+02
   0.43329E+02
   0.43329E+02
   0.43329E+02
   0.43329E+02
   0.43329E+02
   0.44020E+02
   0.44020E+02
   0.44020E+02
   0.44020E+02
   0.44020E+02
   0.43642E+02
   0.43642E+02
   0.43642E+02
   0.43642E+02
   0.43642E+02
   0.42743E+02
   0.42743E+02
   0.42743E+02
   0.42743E+02
   0.42743E+02
   0.43678E+02
   0.43678E+02
   0.43678E+02
   0.43678E+02
   0.43678E+02
   0.43926E+02
   0.43926E+02
   0.43926E+02
   0.43926E+02
   0.43926E+02
   0.43936E+02
   0.43936E+02
   0.43936E+02
   0.43936E+02
   0.43936E+02
   0.43547E+02
   0.43547E+02
   0.43547E+02
   0.43547E+02
   0.43547E+02
   0.44262E+02
   0.44262E+02
   0.44262E+02
   0.44262E+02
   0.44262E+02
   0.43345E+02
   0.43345E+02
   0.43345E+02
   0.43345E+02
   0.43345E+02
   0.44326E+02
   0.44326E+02
   0.44326E+02
   0.44326E+02
   0.44326E+02
   0.43515E+02
   0.43515E+02
   0.43515E+02
   0.43515E+02
   0.43515E+02
   0.43950E+02
   0.43950E+02
   0.43950E+02
   0.43950E+02
   0.43950E+02
   0.43575E+02
   0.43575E+02
   0.43575E+02
   0.43575E+02
   0.43575E+02
   0.42875E+02
   0.42875E+02
   0.42875E+02
   0.42875E+02
   0.42875E+02
   0.43939E+02
   0.43939E+02
   0.43939E+02
   0.43939E+02
   0.43939E+02
   0.43709E+02
   0.43709E+02
   0.43709E+02
   0.43709E+02
   0.43709E+02
   0.43610E+02
   0.43610E+02
   0.43610E+02
   0.43610E+02
   0.43610E+02
   0.44085E+02
   0.44085E+02
   0.44085E+02
   0.44085E+02
   0.44085E+02
   0.44158E+02
   0.44158E+02
   0.44158E+02
   0.44158E+02
   0.44158E+02
   0.43476E+02
   0.43476E+02
   0.43476E+02
   0.43476E+02
   0.43476E+02
   0.43690E+02
   0.43690E+02
   0.43690E+02
   0.43690E+02
   0.43690E+02
   0.44172E+02
   0.44172E+02
   0.44172E+02
   0.44172E+02
   0.44172E+02
   0.44065E+02
   0.44065E+02
   0.44065E+02
   0.44065E+02
   0.44065E+02
   0.43678E+02
   0.43678E+02
   0.43678E+02
   0.43678E+02
   0.43678E+02
   0.43369E+02
   0.43369E+02
   0.43369E+02
   0.43369E+02
   0.43369E+02
   0.43445E+02
   0.43445E+02
   0.43445E+02
   0.43445E+02
   0.43445E+02
   0.43866E+02
   0.43866E+02
   0.43866E+02
   0.43866E+02
   0.43866E+02
   0.43613E+02
   0.43613E+02
   0.43613E+02
   0.43613E+02
   0.43613E+02
   0.43772E+02
   0.43772E+02
   0.43772E+02
   0.43772E+02
   0.43772E+02
   0.44048E+02
   0.44048E+02
   0.44048E+02
   0.44048E+02
   0.44048E+02
   0.43524E+02
   0.43524E+02
   0.43524E+02
   0.43524E+02
   0.43524E+02
   0.44035E+02
   0.44035E+02
   0.44035E+02
   0.44035E+02
   0.44035E+02
   0.44222E+02
   0.44222E+02
   0.44222E+02
   0.44222E+02
   0.44222E+02
   0.43468E+02
   0.43468E+02
   0.43468E+02
   0.43468E+02
   0.43468E+02
   0.44636E+02
   0.44636E+02
   0.44636E+02
   0.44636E+02
   0.44636E+02
   0.43653E+02
   0.43653E+02
   0.43653E+02
   0.43653E+02
   0.43653E+02
   0.43390E+02
   0.43390E+02
   0.43390E+02
   0.43390E+02
   0.43390E+02
   0.44703E+02
   0.44703E+02
   0.44703E+02
   0.44703E+02
   0.44703E+02
   0.43368E+02
   0.43368E+02
   0.43368E+02
   0.43368E+02
   0.43368E+02
   0.44177E+02
   0.44177E+02
   0.44177E+02
   0.44177E+02
   0.44177E+02
   0.43490E+02
   0.43490E+02
   0.43490E+02
   0.43490E+02
   0.43490E+02
   0.43660E+02
   0.43660E+02
   0.43660E+02
   0.43660E+02
   0.43660E+02
   0.44079E+02
   0.44079E+02
   0.44079E+02
   0.44079E+02
   0.44079E+02
   0.44836E+02
   0.44836E+02
   0.44836E+02
   0.44836E+02
   0.44836E+02
   0.44458E+02
   0.44458E+02
   0.44458E+02
   0.44458E+02
   0.44458E+02
   0.43106E+02
   0.43106E+02
   0.43106E+02
   0.43106E+02
   0.43106E+02
   0.43960E+02
   0.43960E+02
   0.43960E+02
   0.43960E+02
   0.43960E+02
   0.44026E+02
   0.44026E+02
   0.44026E+02
   0.44026E+02
   0.44026E+02
   0.43694E+02
   0.43694E+02
   0.43694E+02
   0.43694E+02
   0.43694E+02
   0.43697E+02
   0.43697E+02
   0.43697E+02
   0.43697E+02
   0.43697E+02
   0.43633E+02
   0.43633E+02
   0.43633E+02
   0.43633E+02
   0.43633E+02
   0.43657E+02
   0.43657E+02
   0.43657E+02
   0.43657E+02
   0.43657E+02
   0.43644E+02
   0.43644E+02
   0.43644E+02
   0.43644E+02
   0.43644E+02
   0.43829E+02
   0.43829E+02
   0.43829E+02
   0.43829E+02
   0.43829E+02
   0.43103E+02
   0.43103E+02
   0.43103E+02
   0.43103E+02
   0.43103E+02
   0.44500E+02
   0.44500E+02
   0.44500E+02
   0.44500E+02
   0.44500E+02
   0.44245E+02
   0.44245E+02
   0.44245E+02
   0.44245E+02
   0.44245E+02
   0.43672E+02
   0.43672E+02
   0.43672E+02
   0.43672E+02
   0.43672E+02
   0.44049E+02
   0.44049E+02
   0.44049E+02
   0.44049E+02
   0.44049E+02
   0.43517E+02
   0.43517E+02
   0.43517E+02
   0.43517E+02
   0.43517E+02
   0.43863E+02
   0.43863E+02
   0.43863E+02
   0.43863E+02
   0.43863E+02
   0.44168E+02
   0.44168E+02
   0.44168E+02
   0.44168E+02
   0.44168E+02
   0.43889E+02
   0.43889E+02
   0.43889E+02
   0.43889E+02
   0.43889E+02
   0.43916E+02
   0.43916E+02
   0.43916E+02
   0.43916E+02
   0.43916E+02
   0.44074E+02
   0.44074E+02
   0.44074E+02
   0.44074E+02
   0.44074E+02
   0.43510E+02
   0.43510E+02
   0.43510E+02
   0.43510E+02
   0.43510E+02
   0.44679E+02
   0.44679E+02
   0.44679E+02
   0.44679E+02
   0.44679E+02
   0.43652E+02
   0.43652E+02
   0.43652E+02
   0.43652E+02
   0.43652E+02
   0.43547E+02
   0.43547E+02
   0.43547E+02
   0.43547E+02
   0.43547E+02
   0.43725E+02
   0.43725E+02
   0.43725E+02
   0.43725E+02
   0.43725E+02
   0.43319E+02
   0.43319E+02
   0.43319E+02
   0.43319E+02
   0.43319E+02
   0.44270E+02
   0.44270E+02
   0.44270E+02
   0.44270E+02
   0.44270E+02
   0.43599E+02
   0.43599E+02
   0.43599E+02
   0.43599E+02
   0.43599E+02
   0.44174E+02
   0.44174E+02
   0.44174E+02
   0.44174E+02
   0.44174E+02
   0.43046E+02
   0.43046E+02
   0.43046E+02
   0.43046E+02
   0.43046E+02
   0.44374E+02
   0.44374E+02
   0.44374E+02
   0.44374E+02
   0.44374E+02
   0.43683E+02
   0.43683E+02
   0.43683E+02
   0.43683E+02
   0.43683E+02
   0.44166E+02
   0.44166E+02
   0.44166E+02
   0.44166E+02
   0.44166E+02
   0.44493E+02
   0.44493E+02
   0.44493E+02
   0.44493E+02
   0.44493E+02
   0.44266E+02
   0.44266E+02
   0.44266E+02
   0.44266E+02
   0.44266E+02
   0.44083E+02
   0.44083E+02
   0.44083E+02
   0.44083E+02
   0.44083E+02
   0.43577E+02
   0.43577E+02
   0.43577E+02
   0.43577E+02
   0.43577E+02
   0.44539E+02
   0.44539E+02
   0.44539E+02
   0.44539E+02
   0.44539E+02
   0.44909E+02
   0.44909E+02
   0.44909E+02
   0.44909E+02
   0.44909E+02
   0.43315E+02
   0.43315E+02
   0.43315E+02
   0.43315E+02
   0.43315E+02
   0.43906E+02
   0.43906E+02
   0.43906E+02
   0.43906E+02
   0.43906E+02
   0.44483E+02
   0.44483E+02
   0.44483E+02
   0.44483E+02
   0.44483E+02
   0.44010E+02
   0.44010E+02
   0.44010E+02
   0.44010E+02
   0.44010E+02
   0.43313E+02
   0.43313E+02
   0.43313E+02
   0.43313E+02
   0.43313E+02
   0.44003E+02
   0.44003E+02
   0.44003E+02
   0.44003E+02
   0.44003E+02
   0.43445E+02
   0.43445E+02
   0.43445E+02
   0.43445E+02
   0.43445E+02
   0.44093E+02
   0.44093E+02
   0.44093E+02
   0.44093E+02
   0.44093E+02
   0.43542E+02
   0.43542E+02
   0.43542E+02
   0.43542E+02
   0.43542E+02
   0.44482E+02
   0.44482E+02
   0.44482E+02
   0.44482E+02
   0.44482E+02
   0.43062E+02
   0.43062E+02
   0.43062E+02
   0.43062E+02
   0.43062E+02
   0.44364E+02
   0.44364E+02
   0.44364E+02
   0.44364E+02
   0.44364E+02
   0.43769E+02
   0.43769E+02
   0.43769E+02
   0.43769E+02
   0.43769E+02
   0.44679E+02
   0.44679E+02
   0.44679E+02
   0.44679E+02
   0.44679E+02
   0.44038E+02
   0.44038E+02
   0.44038E+02
   0.44038E+02
   0.44038E+02
   0.44891E+02
   0.44891E+02
   0.44891E+02
   0.44891E+02
   0.44891E+02
   0.44362E+02
   0.44362E+02
   0.44362E+02
   0.44362E+02
   0.44362E+02
   0.44585E+02
   0.44585E+02
   0.44585E+02
   0.44585E+02
   0.44585E+02
   0.44470E+02
   0.44470E+02
   0.44470E+02
   0.44470E+02
   0.44470E+02
   0.44493E+02
   0.44493E+02
   0.44493E+02
   0.44493E+02
   0.44493E+02
   0.45452E+02
   0.45452E+02
   0.45452E+02
   0.45452E+02
   0.45452E+02
   0.45082E+02
   0.45082E+02
   0.45082E+02
   0.45082E+02
   0.45082E+02
   0.44051E+02
   0.44051E+02
   0.44051E+02
   0.44051E+02
   0.44051E+02
   0.43557E+02
   0.43557E+02
   0.43557E+02
   0.43557E+02
   0.43557E+02
   0.43997E+02
   0.43997E+02
   0.43997E+02
   0.43997E+02
   0.43997E+02
   0.44174E+02
   0.44174E+02
   0.44174E+02
   0.44174E+02
   0.44174E+02
   0.43682E+02
   0.43682E+02
   0.43682E+02
   0.43682E+02
   0.43682E+02
   0.43981E+02
   0.43981E+02
   0.43981E+02
   0.43981E+02
   0.43981E+02
   0.43856E+02
   0.43856E+02
   0.43856E+02
   0.43856E+02
   0.43856E+02
   0.43890E+02
   0.43890E+02
   0.43890E+02
   0.43890E+02
   0.43890E+02
   0.43524E+02
   0.43524E+02
   0.43524E+02
   0.43524E+02
   0.43524E+02
   0.44567E+02
   0.44567E+02
   0.44567E+02
   0.44567E+02
   0.44567E+02
   0.44112E+02
   0.44112E+02
   0.44112E+02
   0.44112E+02
   0.44112E+02
   0.43765E+02
   0.43765E+02
   0.43765E+02
   0.43765E+02
   0.43765E+02
   0.43492E+02
   0.43492E+02
   0.43492E+02
   0.43492E+02
   0.43492E+02
   0.43891E+02
   0.43891E+02
   0.43891E+02
   0.43891E+02
   0.43891E+02
   0.44151E+02
   0.44151E+02
   0.44151E+02
   0.44151E+02
   0.44151E+02
   0.43109E+02
   0.43109E+02
   0.43109E+02
   0.43109E+02
   0.43109E+02
   0.43186E+02
   0.43186E+02
   0.43186E+02
   0.43186E+02
   0.43186E+02
   0.43362E+02
   0.43362E+02
   0.43362E+02
   0.43362E+02
   0.43362E+02
   0.43929E+02
   0.43929E+02
   0.43929E+02
   0.43929E+02
   0.43929E+02
   0.44637E+02
   0.44637E+02
   0.44637E+02
   0.44637E+02
   0.44637E+02
   0.44713E+02
   0.44713E+02
   0.44713E+02
   0.44713E+02
   0.44713E+02
   0.44361E+02
   0.44361E+02
   0.44361E+02
   0.44361E+02
   0.44361E+02
   0.43850E+02
   0.43850E+02
   0.43850E+02
   0.43850E+02
   0.43850E+02
   0.44408E+02
   0.44408E+02
   0.44408E+02
   0.44408E+02
   0.44408E+02
   0.43780E+02
   0.43780E+02
   0.43780E+02
   0.43780E+02
   0.43780E+02
   0.43783E+02
   0.43783E+02
   0.43783E+02
   0.43783E+02
   0.43783E+02
   0.43692E+02
   0.43692E+02
   0.43692E+02
   0.43692E+02
   0.43692E+02
   0.43125E+02
   0.43125E+02
   0.43125E+02
   0.43125E+02
   0.43125E+02
   0.43684E+02
   0.43684E+02
   0.43684E+02
   0.43684E+02
   0.43684E+02
   0.43764E+02
   0.43764E+02
   0.43764E+02
   0.43764E+02
   0.43764E+02
   0.44320E+02
   0.44320E+02
   0.44320E+02
   0.44320E+02
   0.44320E+02
   0.44179E+02
   0.44179E+02
   0.44179E+02
   0.44179E+02
   0.44179E+02
   0.44477E+02
   0.44477E+02
   0.44477E+02
   0.44477E+02
   0.44477E+02
   0.43921E+02
   0.43921E+02
   0.43921E+02
   0.43921E+02
   0.43921E+02
   0.44206E+02
   0.44206E+02
   0.44206E+02
   0.44206E+02
   0.44206E+02
   0.43723E+02
   0.43723E+02
   0.43723E+02
   0.43723E+02
   0.43723E+02
   0.44457E+02
   0.44457E+02
   0.44457E+02
   0.44457E+02
   0.44457E+02
   0.45720E+02
   0.45720E+02
   0.45720E+02
   0.45720E+02
   0.45720E+02
   0.43725E+02
   0.43725E+02
   0.43725E+02
   0.43725E+02
   0.43725E+02
   0.43297E+02
   0.43297E+02
   0.43297E+02
   0.43297E+02
   0.43297E+02
   0.43514E+02
   0.43514E+02
   0.43514E+02
   0.43514E+02
   0.43514E+02
   0.43415E+02
   0.43415E+02
   0.43415E+02
   0.43415E+02
   0.43415E+02
   0.44290E+02
   0.44290E+02
   0.44290E+02
   0.44290E+02
   0.44290E+02
   0.43978E+02
   0.43978E+02
   0.43978E+02
   0.43978E+02
   0.43978E+02
   0.43522E+02
   0.43522E+02
   0.43522E+02
   0.43522E+02
   0.43522E+02
   0.43416E+02
   0.43416E+02
   0.43416E+02
   0.43416E+02
   0.43416E+02
   0.44119E+02
   0.44119E+02
   0.44119E+02
   0.44119E+02
   0.44119E+02
   0.43967E+02
   0.43967E+02
   0.43967E+02
   0.43967E+02
   0.43967E+02
   0.43031E+02
   0.43031E+02
   0.43031E+02
   0.43031E+02
   0.43031E+02
   0.42944E+02
   0.42944E+02
   0.42944E+02
   0.42944E+02
   0.42944E+02
   0.44067E+02
   0.44067E+02
   0.44067E+02
   0.44067E+02
   0.44067E+02
   0.44278E+02
   0.44278E+02
   0.44278E+02
   0.44278E+02
   0.44278E+02
   0.44879E+02
   0.44879E+02
   0.44879E+02
   0.44879E+02
   0.44879E+02
   0.43729E+02
   0.43729E+02
   0.43729E+02
   0.43729E+02
   0.43729E+02
   0.43599E+02
   0.43599E+02
   0.43599E+02
   0.43599E+02
   0.43599E+02
   0.43017E+02
   0.43017E+02
   0.43017E+02
   0.43017E+02
   0.43017E+02
   0.44434E+02
   0.44434E+02
   0.44434E+02
   0.44434E+02
   0.44434E+02
   0.43253E+02
   0.43253E+02
   0.43253E+02
   0.43253E+02
   0.43253E+02
   0.43864E+02
   0.43864E+02
   0.43864E+02
   0.43864E+02
   0.43864E+02
   0.44042E+02
   0.44042E+02
   0.44042E+02
   0.44042E+02
   0.44042E+02
   0.43872E+02
   0.43872E+02
   0.43872E+02
   0.43872E+02
   0.43872E+02
   0.44145E+02
   0.44145E+02
   0.44145E+02
   0.44145E+02
   0.44145E+02
   0.43553E+02
   0.43553E+02
   0.43553E+02
   0.43553E+02
   0.43553E+02
   0.43772E+02
   0.43772E+02
   0.43772E+02
   0.43772E+02
   0.43772E+02
   0.44498E+02
   0.44498E+02
   0.44498E+02
   0.44498E+02
   0.44498E+02
   0.44095E+02
   0.44095E+02
   0.44095E+02
   0.44095E+02
   0.44095E+02
   0.43259E+02
   0.43259E+02
   0.43259E+02
   0.43259E+02
   0.43259E+02
   0.43867E+02
   0.43867E+02
   0.43867E+02
   0.43867E+02
   0.43867E+02
   0.43189E+02
   0.43189E+02
   0.43189E+02
   0.43189E+02
   0.43189E+02
   0.43115E+02
   0.43115E+02
   0.43115E+02
   0.43115E+02
   0.43115E+02
   0.43697E+02
   0.43697E+02
   0.43697E+02
   0.43697E+02
   0.43697E+02
   0.42999E+02
   0.42999E+02
   0.42999E+02
   0.42999E+02
   0.42999E+02
   0.43456E+02
   0.43456E+02
   0.43456E+02
   0.43456E+02
   0.43456E+02
   0.44066E+02
   0.44066E+02
   0.44066E+02
   0.44066E+02
   0.44066E+02
   0.43236E+02
   0.43236E+02
   0.43236E+02
   0.43236E+02
   0.43236E+02
   0.44115E+02
   0.44115E+02
   0.44115E+02
   0.44115E+02
   0.44115E+02
   0.44127E+02
   0.44127E+02
   0.44127E+02
   0.44127E+02
   0.44127E+02
   0.43395E+02
   0.43395E+02
   0.43395E+02
   0.43395E+02
   0.43395E+02
   0.44466E+02
   0.44466E+02
   0.44466E+02
   0.44466E+02
   0.44466E+02
   0.44026E+02
   0.44026E+02
   0.44026E+02
   0.44026E+02
   0.44026E+02
   0.44342E+02
   0.44342E+02
   0.44342E+02
   0.44342E+02
   0.44342E+02
   0.44171E+02
   0.44171E+02
   0.44171E+02
   0.44171E+02
   0.44171E+02
   0.44554E+02
   0.44554E+02
   0.44554E+02
   0.44554E+02
   0.44554E+02
   0.44806E+02
   0.44806E+02
   0.44806E+02
   0.44806E+02
   0.44806E+02
   0.44373E+02
   0.44373E+02
   0.44373E+02
   0.44373E+02
   0.44373E+02
   0.43839E+02
   0.43839E+02
   0.43839E+02
   0.43839E+02
   0.43839E+02
   0.44257E+02
   0.44257E+02
   0.44257E+02
   0.44257E+02
   0.44257E+02
   0.44199E+02
   0.44199E+02
   0.44199E+02
   0.44199E+02
   0.44199E+02
   0.44437E+02
   0.44437E+02
   0.44437E+02
   0.44437E+02
   0.44437E+02
   0.42892E+02
   0.42892E+02
   0.42892E+02
   0.42892E+02
   0.42892E+02
   0.44219E+02
   0.44219E+02
   0.44219E+02
   0.44219E+02
   0.44219E+02
   0.44418E+02
   0.44418E+02
   0.44418E+02
   0.44418E+02
   0.44418E+02
   0.43224E+02
   0.43224E+02
   0.43224E+02
   0.43224E+02
   0.43224E+02
   0.43179E+02
   0.43179E+02
   0.43179E+02
   0.43179E+02
   0.43179E+02
   0.43599E+02
   0.43599E+02
   0.43599E+02
   0.43599E+02
   0.43599E+02
   0.44093E+02
   0.44093E+02
   0.44093E+02
   0.44093E+02
   0.44093E+02
   0.43539E+02
   0.43539E+02
   0.43539E+02
   0.43539E+02
   0.43539E+02
   0.44049E+02
   0.44049E+02
   0.44049E+02
   0.44049E+02
   0.44049E+02
   0.43868E+02
   0.43868E+02
   0.43868E+02
   0.43868E+02
   0.43868E+02
   0.43130E+02
   0.43130E+02
   0.43130E+02
   0.43130E+02
   0.43130E+02
   0.44292E+02
   0.44292E+02
   0.44292E+02
   0.44292E+02
   0.44292E+02
   0.44858E+02
   0.44858E+02
   0.44858E+02
   0.44858E+02
   0.44858E+02
   0.44163E+02
   0.44163E+02
   0.44163E+02
   0.44163E+02
   0.44163E+02
   0.44088E+02
   0.44088E+02
   0.44088E+02
   0.44088E+02
   0.44088E+02
   0.43975E+02
   0.43975E+02
   0.43975E+02
   0.43975E+02
   0.43975E+02
   0.44302E+02
   0.44302E+02
   0.44302E+02
   0.44302E+02
   0.44302E+02
