   0.63299E+02    0.54377E+02    0.24732E+02    0.58662E+02
   0.63219E+02    0.53791E+02    0.24702E+02    0.61579E+02
   0.62988E+02    0.53767E+02    0.24730E+02    0.61364E+02
   0.62720E+02    0.53809E+02    0.24809E+02    0.62452E+02
   0.62603E+02    0.53971E+02    0.21991E+02    0.60281E+02
   0.62965E+02    0.53964E+02    0.21857E+02    0.60673E+02
   0.63470E+02    0.54114E+02    0.27395E+02    0.60288E+02
   0.63621E+02    0.54425E+02    0.27255E+02    0.62168E+02
   0.61934E+02    0.54009E+02    0.24575E+02    0.63197E+02
   0.62384E+02    0.53718E+02    0.24746E+02    0.58657E+02
   0.62929E+02    0.54680E+02    0.23213E+02    0.59727E+02
   0.63096E+02    0.54288E+02    0.23074E+02    0.62482E+02
   0.61942E+02    0.53478E+02    0.28794E+02    0.63059E+02
   0.62077E+02    0.53612E+02    0.28746E+02    0.61429E+02
   0.63149E+02    0.53904E+02    0.25549E+02    0.61338E+02
   0.63326E+02    0.53421E+02    0.25357E+02    0.60413E+02
   0.64105E+02    0.54169E+02    0.24570E+02    0.62389E+02
   0.63704E+02    0.53871E+02    0.24437E+02    0.62900E+02
   0.62897E+02    0.53861E+02    0.25188E+02    0.60172E+02
   0.63378E+02    0.53872E+02    0.25325E+02    0.62121E+02
   0.62695E+02    0.53795E+02    0.21587E+02    0.60139E+02
   0.62227E+02    0.53541E+02    0.21730E+02    0.59615E+02
   0.63139E+02    0.53951E+02    0.24078E+02    0.61142E+02
   0.62516E+02    0.54190E+02    0.23946E+02    0.61258E+02
   0.63228E+02    0.54145E+02    0.24222E+02    0.60166E+02
   0.62288E+02    0.54275E+02    0.24508E+02    0.61543E+02
   0.62469E+02    0.54081E+02    0.22809E+02    0.62383E+02
   0.63257E+02    0.54056E+02    0.22762E+02    0.62833E+02
   0.62321E+02    0.54124E+02    0.24671E+02    0.61523E+02
   0.61811E+02    0.54485E+02    0.24504E+02    0.60210E+02
   0.63255E+02    0.54100E+02    0.21538E+02    0.62598E+02
   0.63113E+02    0.54681E+02    0.21338E+02    0.59308E+02
   0.63088E+02    0.53239E+02    0.27964E+02    0.61996E+02
   0.63974E+02    0.53469E+02    0.28039E+02    0.60845E+02
   0.62801E+02    0.54056E+02    0.25627E+02    0.61743E+02
   0.62404E+02    0.54551E+02    0.25527E+02    0.60275E+02
   0.63355E+02    0.53687E+02    0.26539E+02    0.60827E+02
   0.63635E+02    0.53939E+02    0.26526E+02    0.62317E+02
   0.63272E+02    0.54331E+02    0.27869E+02    0.62272E+02
   0.63252E+02    0.54173E+02    0.28043E+02    0.60263E+02
   0.63211E+02    0.53505E+02    0.25345E+02    0.62086E+02
   0.62774E+02    0.54296E+02    0.25517E+02    0.61926E+02
   0.62217E+02    0.54083E+02    0.25389E+02    0.61165E+02
   0.61535E+02    0.54317E+02    0.25225E+02    0.60538E+02
   0.63228E+02    0.54496E+02    0.26150E+02    0.59562E+02
   0.63029E+02    0.54561E+02    0.26248E+02    0.60710E+02
   0.62844E+02    0.54412E+02    0.24619E+02    0.58637E+02
   0.63163E+02    0.54106E+02    0.24338E+02    0.59267E+02
   0.62685E+02    0.54846E+02    0.27651E+02    0.59953E+02
   0.62696E+02    0.55054E+02    0.27524E+02    0.60976E+02
   0.62875E+02    0.53943E+02    0.24072E+02    0.60296E+02
   0.63106E+02    0.53639E+02    0.23964E+02    0.64069E+02
   0.63085E+02    0.53701E+02    0.23792E+02    0.60519E+02
   0.63374E+02    0.53970E+02    0.23913E+02    0.60836E+02
   0.62216E+02    0.54539E+02    0.22851E+02    0.60212E+02
   0.62452E+02    0.54793E+02    0.22822E+02    0.61227E+02
   0.62977E+02    0.53991E+02    0.23744E+02    0.59693E+02
   0.62649E+02    0.54497E+02    0.23683E+02    0.58832E+02
   0.62497E+02    0.54521E+02    0.25410E+02    0.60726E+02
   0.62743E+02    0.54746E+02    0.25693E+02    0.59052E+02
   0.63657E+02    0.54055E+02    0.24756E+02    0.59154E+02
   0.63536E+02    0.54014E+02    0.24538E+02    0.61644E+02
   0.63121E+02    0.54022E+02    0.25996E+02    0.60045E+02
   0.63476E+02    0.54407E+02    0.25961E+02    0.61097E+02
   0.63079E+02    0.53723E+02    0.25116E+02    0.62346E+02
   0.63256E+02    0.53657E+02    0.24952E+02    0.63746E+02
   0.63061E+02    0.54104E+02    0.25140E+02    0.61949E+02
   0.61956E+02    0.53796E+02    0.25231E+02    0.61780E+02
   0.62615E+02    0.54040E+02    0.27106E+02    0.61036E+02
   0.63222E+02    0.53627E+02    0.26889E+02    0.60793E+02
   0.64150E+02    0.52973E+02    0.27138E+02    0.60733E+02
   0.63675E+02    0.53568E+02    0.27256E+02    0.61449E+02
   0.62837E+02    0.53180E+02    0.28620E+02    0.59431E+02
   0.62571E+02    0.53388E+02    0.28418E+02    0.61782E+02
   0.63119E+02    0.53893E+02    0.23999E+02    0.63454E+02
   0.63052E+02    0.54192E+02    0.23849E+02    0.60298E+02
   0.63626E+02    0.53700E+02    0.27142E+02    0.60715E+02
   0.63763E+02    0.53868E+02    0.26999E+02    0.61609E+02
   0.62987E+02    0.53950E+02    0.23513E+02    0.61610E+02
   0.63107E+02    0.53727E+02    0.23422E+02    0.61289E+02
   0.63551E+02    0.53388E+02    0.29363E+02    0.59197E+02
   0.63251E+02    0.54054E+02    0.29334E+02    0.59662E+02
   0.63734E+02    0.53533E+02    0.25350E+02    0.60862E+02
   0.63668E+02    0.53655E+02    0.25668E+02    0.57957E+02
   0.63855E+02    0.53846E+02    0.31948E+02    0.60080E+02
   0.63853E+02    0.54507E+02    0.32060E+02    0.63720E+02
   0.62585E+02    0.54071E+02    0.23121E+02    0.60112E+02
   0.62788E+02    0.54071E+02    0.23159E+02    0.62619E+02
   0.62749E+02    0.54136E+02    0.27178E+02    0.62237E+02
   0.63298E+02    0.54255E+02    0.27018E+02    0.59294E+02
   0.62663E+02    0.53627E+02    0.27035E+02    0.62022E+02
   0.62849E+02    0.54144E+02    0.26796E+02    0.59799E+02
   0.63323E+02    0.54390E+02    0.27150E+02    0.60790E+02
   0.63145E+02    0.54088E+02    0.27062E+02    0.63287E+02
   0.64228E+02    0.54101E+02    0.25911E+02    0.62273E+02
   0.63424E+02    0.53866E+02    0.26056E+02    0.60761E+02
   0.63574E+02    0.54460E+02    0.26817E+02    0.60402E+02
   0.63897E+02    0.53930E+02    0.26643E+02    0.61689E+02
   0.63591E+02    0.54040E+02    0.26144E+02    0.60131E+02
   0.62676E+02    0.54219E+02    0.26291E+02    0.62628E+02
   0.63883E+02    0.54398E+02    0.27851E+02    0.61311E+02
   0.63621E+02    0.53908E+02    0.27887E+02    0.59948E+02
   0.63546E+02    0.53112E+02    0.26902E+02    0.60369E+02
   0.63414E+02    0.52971E+02    0.27083E+02    0.61113E+02
   0.62927E+02    0.53968E+02    0.25465E+02    0.61293E+02
   0.63020E+02    0.53830E+02    0.25751E+02    0.60571E+02
   0.63332E+02    0.53965E+02    0.19430E+02    0.59337E+02
   0.63012E+02    0.54033E+02    0.19489E+02    0.62711E+02
   0.63614E+02    0.53314E+02    0.21899E+02    0.60969E+02
   0.63297E+02    0.53746E+02    0.21805E+02    0.62259E+02
   0.64685E+02    0.54045E+02    0.21437E+02    0.60005E+02
   0.64276E+02    0.54268E+02    0.21461E+02    0.60583E+02
   0.63415E+02    0.53702E+02    0.28366E+02    0.62194E+02
   0.63197E+02    0.53849E+02    0.28426E+02    0.63651E+02
   0.62916E+02    0.53929E+02    0.24946E+02    0.61175E+02
   0.62668E+02    0.53946E+02    0.25096E+02    0.62024E+02
   0.63848E+02    0.53920E+02    0.23648E+02    0.61446E+02
   0.62566E+02    0.53856E+02    0.23332E+02    0.58595E+02
   0.63348E+02    0.54023E+02    0.26527E+02    0.61015E+02
   0.62972E+02    0.54633E+02    0.26219E+02    0.61287E+02
   0.63357E+02    0.53371E+02    0.24550E+02    0.63305E+02
   0.63337E+02    0.53805E+02    0.24454E+02    0.59283E+02
   0.64114E+02    0.52883E+02    0.29896E+02    0.61445E+02
   0.63951E+02    0.52997E+02    0.30138E+02    0.60534E+02
   0.62986E+02    0.53577E+02    0.24981E+02    0.61258E+02
   0.63008E+02    0.53534E+02    0.24760E+02    0.61005E+02
   0.63031E+02    0.53567E+02    0.27690E+02    0.63071E+02
   0.63335E+02    0.54219E+02    0.27909E+02    0.60237E+02
   0.62800E+02    0.54495E+02    0.23387E+02    0.57720E+02
   0.62248E+02    0.54093E+02    0.23691E+02    0.61661E+02
   0.63038E+02    0.52799E+02    0.21800E+02    0.61993E+02
   0.63005E+02    0.53320E+02    0.21990E+02    0.62047E+02
   0.63459E+02    0.53121E+02    0.21193E+02    0.63587E+02
   0.63107E+02    0.53296E+02    0.21487E+02    0.61144E+02
   0.62559E+02    0.52757E+02    0.26250E+02    0.59607E+02
   0.62039E+02    0.53119E+02    0.26183E+02    0.60659E+02
   0.63527E+02    0.53477E+02    0.24178E+02    0.62272E+02
   0.63262E+02    0.54010E+02    0.24004E+02    0.59990E+02
   0.63743E+02    0.53001E+02    0.28043E+02    0.61885E+02
   0.63274E+02    0.53181E+02    0.27940E+02    0.62197E+02
   0.62704E+02    0.53063E+02    0.23810E+02    0.60747E+02
   0.63079E+02    0.52471E+02    0.23902E+02    0.61312E+02
   0.62512E+02    0.52740E+02    0.20380E+02    0.59950E+02
   0.63206E+02    0.52940E+02    0.20186E+02    0.60944E+02
   0.63734E+02    0.54020E+02    0.22879E+02    0.61052E+02
   0.63232E+02    0.54181E+02    0.22669E+02    0.61382E+02
   0.62547E+02    0.53248E+02    0.22584E+02    0.62645E+02
   0.62848E+02    0.53674E+02    0.22638E+02    0.62704E+02
   0.63852E+02    0.53669E+02    0.21666E+02    0.62627E+02
   0.63669E+02    0.53679E+02    0.21723E+02    0.60658E+02
   0.62555E+02    0.53974E+02    0.20966E+02    0.61185E+02
   0.62195E+02    0.54188E+02    0.20966E+02    0.63354E+02
   0.62440E+02    0.53738E+02    0.17384E+02    0.61626E+02
   0.62965E+02    0.53647E+02    0.17315E+02    0.62207E+02
   0.63346E+02    0.52892E+02    0.22802E+02    0.60721E+02
   0.63538E+02    0.53424E+02    0.22861E+02    0.62955E+02
   0.64105E+02    0.53865E+02    0.16733E+02    0.61152E+02
   0.64276E+02    0.53973E+02    0.16888E+02    0.62593E+02
   0.63587E+02    0.53458E+02    0.22257E+02    0.60165E+02
   0.64382E+02    0.53241E+02    0.22594E+02    0.63230E+02
   0.63110E+02    0.54080E+02    0.18668E+02    0.62464E+02
   0.62317E+02    0.54001E+02    0.18844E+02    0.61076E+02
   0.63506E+02    0.53680E+02    0.24680E+02    0.61617E+02
   0.63552E+02    0.52999E+02    0.24656E+02    0.61595E+02
   0.62357E+02    0.54133E+02    0.18342E+02    0.62071E+02
   0.63339E+02    0.54268E+02    0.17962E+02    0.60944E+02
   0.62894E+02    0.53757E+02    0.22018E+02    0.63623E+02
   0.63156E+02    0.53804E+02    0.22029E+02    0.63490E+02
   0.62984E+02    0.53871E+02    0.19504E+02    0.61072E+02
   0.62423E+02    0.54054E+02    0.19797E+02    0.62735E+02
   0.64139E+02    0.54553E+02    0.17173E+02    0.59901E+02
   0.64373E+02    0.54455E+02    0.17102E+02    0.61715E+02
   0.63296E+02    0.54303E+02    0.18913E+02    0.61224E+02
   0.63064E+02    0.54152E+02    0.18830E+02    0.60932E+02
   0.63557E+02    0.53908E+02    0.19622E+02    0.60899E+02
   0.63868E+02    0.54369E+02    0.19805E+02    0.62128E+02
   0.62700E+02    0.54045E+02    0.23830E+02    0.61288E+02
   0.62844E+02    0.54126E+02    0.24101E+02    0.57851E+02
   0.64024E+02    0.54156E+02    0.22189E+02    0.59743E+02
   0.64512E+02    0.54210E+02    0.22300E+02    0.60770E+02
   0.61542E+02    0.54532E+02    0.22373E+02    0.62206E+02
   0.62244E+02    0.54010E+02    0.22476E+02    0.59301E+02
   0.63488E+02    0.54111E+02    0.18969E+02    0.59817E+02
   0.63742E+02    0.54542E+02    0.19073E+02    0.63909E+02
   0.63276E+02    0.53925E+02    0.23640E+02    0.61688E+02
   0.63314E+02    0.54653E+02    0.23760E+02    0.61407E+02
   0.64660E+02    0.54158E+02    0.18678E+02    0.60901E+02
   0.63594E+02    0.54109E+02    0.18798E+02    0.60666E+02
   0.61564E+02    0.53863E+02    0.26156E+02    0.59422E+02
   0.62404E+02    0.53925E+02    0.26345E+02    0.61948E+02
   0.63986E+02    0.54869E+02    0.26298E+02    0.61119E+02
   0.64342E+02    0.54431E+02    0.26408E+02    0.60495E+02
   0.63597E+02    0.54285E+02    0.26831E+02    0.60904E+02
   0.63646E+02    0.54456E+02    0.26709E+02    0.61217E+02
   0.63316E+02    0.54024E+02    0.25673E+02    0.60103E+02
   0.63793E+02    0.53745E+02    0.25708E+02    0.60585E+02
   0.63252E+02    0.54027E+02    0.31025E+02    0.61720E+02
   0.63714E+02    0.53857E+02    0.30787E+02    0.60290E+02
   0.63108E+02    0.53940E+02    0.27848E+02    0.58433E+02
   0.62955E+02    0.54409E+02    0.27801E+02    0.60307E+02
   0.62974E+02    0.54064E+02    0.29408E+02    0.60397E+02
   0.61975E+02    0.53820E+02    0.29306E+02    0.59516E+02
   0.63484E+02    0.53637E+02    0.29869E+02    0.60131E+02
   0.64372E+02    0.53581E+02    0.29685E+02    0.62304E+02
   0.62344E+02    0.52926E+02    0.29452E+02    0.61397E+02
   0.62894E+02    0.53123E+02    0.29710E+02    0.60621E+02
   0.63490E+02    0.54570E+02    0.26646E+02    0.62220E+02
   0.63507E+02    0.53713E+02    0.26637E+02    0.61395E+02
   0.62038E+02    0.54295E+02    0.29524E+02    0.60321E+02
   0.62196E+02    0.53839E+02    0.29479E+02    0.61522E+02
   0.63688E+02    0.53125E+02    0.31370E+02    0.62079E+02
   0.64311E+02    0.52869E+02    0.31082E+02    0.61948E+02
   0.63392E+02    0.53048E+02    0.30104E+02    0.57857E+02
   0.63674E+02    0.53668E+02    0.29781E+02    0.61384E+02
   0.63607E+02    0.52545E+02    0.29864E+02    0.61452E+02
   0.63489E+02    0.53336E+02    0.29946E+02    0.62212E+02
   0.62300E+02    0.53334E+02    0.28111E+02    0.60242E+02
   0.62706E+02    0.54118E+02    0.28670E+02    0.62883E+02
   0.63006E+02    0.53878E+02    0.30479E+02    0.60615E+02
   0.63589E+02    0.53949E+02    0.30629E+02    0.60785E+02
   0.63621E+02    0.53913E+02    0.23739E+02    0.60640E+02
   0.63641E+02    0.53626E+02    0.23427E+02    0.61148E+02
   0.63871E+02    0.53364E+02    0.29187E+02    0.60029E+02
   0.63464E+02    0.53399E+02    0.29098E+02    0.59727E+02
   0.62690E+02    0.53051E+02    0.28156E+02    0.61817E+02
   0.62637E+02    0.53180E+02    0.28082E+02    0.60885E+02
   0.62857E+02    0.53094E+02    0.27920E+02    0.59787E+02
   0.63234E+02    0.53879E+02    0.27695E+02    0.63326E+02
   0.62358E+02    0.53084E+02    0.24679E+02    0.61287E+02
   0.62688E+02    0.53272E+02    0.24618E+02    0.61743E+02
   0.63795E+02    0.53333E+02    0.23375E+02    0.60448E+02
   0.63024E+02    0.53583E+02    0.23433E+02    0.59953E+02
   0.63529E+02    0.53121E+02    0.21413E+02    0.60689E+02
   0.63899E+02    0.53692E+02    0.21093E+02    0.59887E+02
   0.63966E+02    0.53607E+02    0.23138E+02    0.60140E+02
   0.63644E+02    0.53815E+02    0.22879E+02    0.63079E+02
   0.63011E+02    0.54684E+02    0.24178E+02    0.62415E+02
   0.64079E+02    0.54142E+02    0.24337E+02    0.61043E+02
   0.62373E+02    0.53476E+02    0.22483E+02    0.61776E+02
   0.62982E+02    0.53258E+02    0.22753E+02    0.60165E+02
   0.63476E+02    0.53498E+02    0.23114E+02    0.61939E+02
   0.63334E+02    0.53543E+02    0.23424E+02    0.61056E+02
   0.63602E+02    0.53711E+02    0.29867E+02    0.62337E+02
   0.63724E+02    0.53693E+02    0.29724E+02    0.64789E+02
   0.63675E+02    0.53250E+02    0.25612E+02    0.60556E+02
   0.63196E+02    0.52864E+02    0.25541E+02    0.60766E+02
   0.63594E+02    0.53967E+02    0.22555E+02    0.61591E+02
   0.63315E+02    0.54040E+02    0.22248E+02    0.62876E+02
   0.63388E+02    0.53313E+02    0.24702E+02    0.60931E+02
   0.64075E+02    0.52881E+02    0.24694E+02    0.61964E+02
   0.62995E+02    0.53224E+02    0.21258E+02    0.61927E+02
   0.62925E+02    0.52950E+02    0.21296E+02    0.61332E+02
   0.63505E+02    0.53758E+02    0.25888E+02    0.62270E+02
   0.64926E+02    0.53781E+02    0.25614E+02    0.62824E+02
   0.63434E+02    0.53349E+02    0.28214E+02    0.61174E+02
   0.63676E+02    0.53235E+02    0.28038E+02    0.61043E+02
   0.62899E+02    0.53019E+02    0.23469E+02    0.60059E+02
   0.62821E+02    0.53274E+02    0.23447E+02    0.61864E+02
   0.62865E+02    0.54102E+02    0.25095E+02    0.60975E+02
   0.62975E+02    0.53646E+02    0.25392E+02    0.60669E+02
   0.64140E+02    0.54120E+02    0.25097E+02    0.60757E+02
   0.63820E+02    0.54405E+02    0.24777E+02    0.62098E+02
   0.62711E+02    0.53841E+02    0.20805E+02    0.60693E+02
   0.62896E+02    0.53635E+02    0.20754E+02    0.62154E+02
   0.63365E+02    0.54292E+02    0.23470E+02    0.60321E+02
   0.63192E+02    0.53713E+02    0.23470E+02    0.62686E+02
   0.63796E+02    0.53826E+02    0.28173E+02    0.60085E+02
   0.63287E+02    0.53882E+02    0.28146E+02    0.60687E+02
   0.63139E+02    0.54133E+02    0.26061E+02    0.60828E+02
   0.63943E+02    0.54778E+02    0.26076E+02    0.61447E+02
   0.62793E+02    0.53090E+02    0.22300E+02    0.61600E+02
   0.63027E+02    0.54201E+02    0.22578E+02    0.63052E+02
   0.63876E+02    0.54933E+02    0.21815E+02    0.61560E+02
   0.64359E+02    0.53831E+02    0.21920E+02    0.62806E+02
   0.63654E+02    0.53586E+02    0.24989E+02    0.60499E+02
   0.63756E+02    0.54478E+02    0.25118E+02    0.59941E+02
   0.62177E+02    0.53226E+02    0.23356E+02    0.64233E+02
   0.61741E+02    0.53374E+02    0.23191E+02    0.61328E+02
   0.63864E+02    0.53840E+02    0.24349E+02    0.58504E+02
   0.64349E+02    0.53664E+02    0.24174E+02    0.60752E+02
   0.63099E+02    0.53803E+02    0.24089E+02    0.61277E+02
   0.63227E+02    0.54049E+02    0.24083E+02    0.60868E+02
   0.63124E+02    0.53733E+02    0.18254E+02    0.61110E+02
   0.63694E+02    0.53382E+02    0.18192E+02    0.60338E+02
   0.63004E+02    0.54207E+02    0.25245E+02    0.61742E+02
   0.62861E+02    0.54353E+02    0.25296E+02    0.62828E+02
   0.62515E+02    0.53739E+02    0.22612E+02    0.62060E+02
   0.61440E+02    0.54109E+02    0.22567E+02    0.62291E+02
   0.62805E+02    0.53367E+02    0.20561E+02    0.61655E+02
   0.63058E+02    0.53573E+02    0.20780E+02    0.61965E+02
   0.63511E+02    0.53703E+02    0.24612E+02    0.62455E+02
   0.63640E+02    0.53806E+02    0.24693E+02    0.59503E+02
   0.63386E+02    0.54163E+02    0.22661E+02    0.62365E+02
   0.63192E+02    0.53562E+02    0.22706E+02    0.62313E+02
   0.63501E+02    0.54078E+02    0.25735E+02    0.61161E+02
   0.63507E+02    0.53936E+02    0.25450E+02    0.61066E+02
   0.63292E+02    0.54222E+02    0.25575E+02    0.57232E+02
   0.63240E+02    0.54173E+02    0.25524E+02    0.62066E+02
   0.63066E+02    0.54344E+02    0.26563E+02    0.61789E+02
   0.63495E+02    0.53839E+02    0.26117E+02    0.60380E+02
   0.63423E+02    0.53882E+02    0.25127E+02    0.61213E+02
   0.62814E+02    0.54080E+02    0.25229E+02    0.59568E+02
   0.63745E+02    0.53607E+02    0.30554E+02    0.60140E+02
   0.64224E+02    0.54237E+02    0.30624E+02    0.60479E+02
   0.63247E+02    0.53526E+02    0.21431E+02    0.61014E+02
   0.63811E+02    0.54424E+02    0.21511E+02    0.62439E+02
   0.63187E+02    0.53933E+02    0.26546E+02    0.61867E+02
   0.62731E+02    0.53583E+02    0.26887E+02    0.62215E+02
   0.62413E+02    0.54019E+02    0.25979E+02    0.60064E+02
   0.62943E+02    0.54060E+02    0.25848E+02    0.60743E+02
   0.63041E+02    0.53577E+02    0.26075E+02    0.60365E+02
   0.63091E+02    0.53556E+02    0.26339E+02    0.59457E+02
   0.61899E+02    0.53217E+02    0.25349E+02    0.61619E+02
   0.63120E+02    0.53119E+02    0.25216E+02    0.59344E+02
   0.64184E+02    0.53472E+02    0.28695E+02    0.61203E+02
   0.64062E+02    0.53414E+02    0.28756E+02    0.60581E+02
   0.62493E+02    0.52992E+02    0.22597E+02    0.62379E+02
   0.63013E+02    0.53097E+02    0.22549E+02    0.60269E+02
   0.62998E+02    0.53272E+02    0.21732E+02    0.60904E+02
   0.62923E+02    0.53863E+02    0.21981E+02    0.59864E+02
   0.62631E+02    0.53639E+02    0.25837E+02    0.61022E+02
   0.62887E+02    0.53310E+02    0.25972E+02    0.59149E+02
   0.62358E+02    0.54268E+02    0.27421E+02    0.60242E+02
   0.63197E+02    0.54705E+02    0.27387E+02    0.62867E+02
   0.62923E+02    0.53177E+02    0.25339E+02    0.62945E+02
   0.62904E+02    0.53085E+02    0.24981E+02    0.60622E+02
   0.63049E+02    0.53047E+02    0.21669E+02    0.62042E+02
   0.62281E+02    0.53441E+02    0.21693E+02    0.61328E+02
   0.61962E+02    0.53714E+02    0.23501E+02    0.61563E+02
   0.63104E+02    0.53468E+02    0.23312E+02    0.62527E+02
   0.61670E+02    0.54127E+02    0.25845E+02    0.63232E+02
   0.62452E+02    0.53631E+02    0.26000E+02    0.61967E+02
   0.63708E+02    0.54035E+02    0.22891E+02    0.63370E+02
   0.63280E+02    0.53107E+02    0.23067E+02    0.62356E+02
   0.62836E+02    0.53382E+02    0.23854E+02    0.62248E+02
   0.63090E+02    0.53050E+02    0.23988E+02    0.62104E+02
   0.63624E+02    0.53993E+02    0.20131E+02    0.63342E+02
   0.63524E+02    0.53613E+02    0.19751E+02    0.59965E+02
   0.63012E+02    0.53715E+02    0.23991E+02    0.61337E+02
   0.62926E+02    0.53626E+02    0.23997E+02    0.61968E+02
   0.63460E+02    0.53912E+02    0.20275E+02    0.62546E+02
   0.63128E+02    0.53576E+02    0.20273E+02    0.63112E+02
   0.62297E+02    0.54628E+02    0.23609E+02    0.61425E+02
   0.62479E+02    0.54809E+02    0.23481E+02    0.63286E+02
   0.63306E+02    0.54064E+02    0.22063E+02    0.60669E+02
   0.62498E+02    0.54204E+02    0.22292E+02    0.61665E+02
   0.64415E+02    0.53931E+02    0.21994E+02    0.60315E+02
   0.63651E+02    0.54122E+02    0.21821E+02    0.63269E+02
   0.63347E+02    0.54349E+02    0.23313E+02    0.61573E+02
   0.63238E+02    0.54302E+02    0.23353E+02    0.62354E+02
   0.63712E+02    0.54630E+02    0.19939E+02    0.61445E+02
   0.63410E+02    0.54428E+02    0.20010E+02    0.61022E+02
   0.63434E+02    0.53674E+02    0.24731E+02    0.62631E+02
   0.63422E+02    0.53695E+02    0.24776E+02    0.61876E+02
   0.64157E+02    0.54389E+02    0.21331E+02    0.62579E+02
   0.63299E+02    0.54418E+02    0.21491E+02    0.61822E+02
   0.63228E+02    0.53616E+02    0.28720E+02    0.61071E+02
   0.62827E+02    0.53440E+02    0.28426E+02    0.60392E+02
   0.63427E+02    0.54017E+02    0.22644E+02    0.61936E+02
   0.63102E+02    0.53917E+02    0.22662E+02    0.60635E+02
   0.63674E+02    0.54318E+02    0.22150E+02    0.62159E+02
   0.62907E+02    0.54235E+02    0.22413E+02    0.60459E+02
   0.62187E+02    0.53605E+02    0.20386E+02    0.60421E+02
   0.62463E+02    0.53903E+02    0.20056E+02    0.61157E+02
   0.62953E+02    0.54495E+02    0.27305E+02    0.62017E+02
   0.63067E+02    0.54834E+02    0.27452E+02    0.59604E+02
   0.62295E+02    0.53930E+02    0.19751E+02    0.62062E+02
   0.62850E+02    0.53478E+02    0.19751E+02    0.62243E+02
   0.62732E+02    0.54755E+02    0.19845E+02    0.60270E+02
   0.63264E+02    0.54317E+02    0.19733E+02    0.61823E+02
   0.63097E+02    0.54173E+02    0.23011E+02    0.60927E+02
   0.62158E+02    0.53863E+02    0.23191E+02    0.62579E+02
   0.62659E+02    0.55000E+02    0.19695E+02    0.61987E+02
   0.62789E+02    0.55053E+02    0.19929E+02    0.59048E+02
   0.62991E+02    0.53802E+02    0.22327E+02    0.60459E+02
   0.62715E+02    0.53301E+02    0.22160E+02    0.60773E+02
   0.63790E+02    0.54383E+02    0.14626E+02    0.62028E+02
   0.63300E+02    0.54253E+02    0.14513E+02    0.62783E+02
   0.62212E+02    0.54955E+02    0.23931E+02    0.59847E+02
   0.61805E+02    0.54107E+02    0.23970E+02    0.62158E+02
   0.62901E+02    0.54869E+02    0.23581E+02    0.61039E+02
   0.62778E+02    0.54538E+02    0.23510E+02    0.62498E+02
   0.62399E+02    0.54080E+02    0.22787E+02    0.61157E+02
   0.62278E+02    0.54664E+02    0.22799E+02    0.61598E+02
   0.63525E+02    0.54485E+02    0.24245E+02    0.61729E+02
   0.62383E+02    0.54228E+02    0.24333E+02    0.60077E+02
   0.63255E+02    0.54538E+02    0.25299E+02    0.61263E+02
   0.64323E+02    0.54287E+02    0.25224E+02    0.60046E+02
   0.64127E+02    0.54408E+02    0.23383E+02    0.58696E+02
   0.63913E+02    0.53929E+02    0.23427E+02    0.58308E+02
   0.62849E+02    0.53624E+02    0.28562E+02    0.61051E+02
   0.63606E+02    0.53977E+02    0.28469E+02    0.60232E+02
   0.62769E+02    0.54551E+02    0.26024E+02    0.60981E+02
   0.62573E+02    0.54516E+02    0.26210E+02    0.61308E+02
   0.62982E+02    0.53920E+02    0.22647E+02    0.61061E+02
   0.62809E+02    0.53323E+02    0.22359E+02    0.61115E+02
   0.61861E+02    0.54388E+02    0.26893E+02    0.63859E+02
   0.62216E+02    0.53958E+02    0.26825E+02    0.61363E+02
   0.62452E+02    0.54120E+02    0.26758E+02    0.61171E+02
   0.62907E+02    0.54661E+02    0.26904E+02    0.59828E+02
   0.62409E+02    0.53854E+02    0.30636E+02    0.62473E+02
   0.62138E+02    0.53698E+02    0.30543E+02    0.60914E+02
   0.62851E+02    0.53248E+02    0.29316E+02    0.63032E+02
   0.62552E+02    0.52956E+02    0.28921E+02    0.62181E+02
   0.63122E+02    0.54171E+02    0.28879E+02    0.59900E+02
   0.63465E+02    0.53491E+02    0.28883E+02    0.59493E+02
   0.63984E+02    0.53220E+02    0.29956E+02    0.63264E+02
   0.63803E+02    0.53960E+02    0.30108E+02    0.60640E+02
   0.63307E+02    0.53854E+02    0.27056E+02    0.60495E+02
   0.63581E+02    0.54096E+02    0.27192E+02    0.61800E+02
   0.62434E+02    0.53932E+02    0.24051E+02    0.61080E+02
   0.62436E+02    0.54048E+02    0.24010E+02    0.58897E+02
   0.61349E+02    0.53416E+02    0.23434E+02    0.62134E+02
   0.61601E+02    0.53678E+02    0.23458E+02    0.60752E+02
   0.63426E+02    0.53248E+02    0.28933E+02    0.60375E+02
   0.62905E+02    0.53249E+02    0.28518E+02    0.61016E+02
   0.62795E+02    0.53855E+02    0.28362E+02    0.60032E+02
   0.62834E+02    0.53708E+02    0.28282E+02    0.61782E+02
   0.62879E+02    0.54077E+02    0.28137E+02    0.61158E+02
   0.63498E+02    0.53908E+02    0.28564E+02    0.61400E+02
   0.62502E+02    0.53899E+02    0.25701E+02    0.61158E+02
   0.63149E+02    0.53879E+02    0.25614E+02    0.61076E+02
   0.63366E+02    0.53794E+02    0.29851E+02    0.61670E+02
   0.63857E+02    0.53981E+02    0.29881E+02    0.62908E+02
   0.63540E+02    0.54596E+02    0.22900E+02    0.61615E+02
   0.63325E+02    0.54201E+02    0.23010E+02    0.60153E+02
   0.63472E+02    0.53836E+02    0.23515E+02    0.61702E+02
   0.62749E+02    0.53778E+02    0.23553E+02    0.58268E+02
   0.62668E+02    0.53154E+02    0.27632E+02    0.62563E+02
   0.62214E+02    0.53948E+02    0.27666E+02    0.62666E+02
   0.62482E+02    0.54017E+02    0.25483E+02    0.62229E+02
   0.62866E+02    0.54093E+02    0.25707E+02    0.62539E+02
   0.62359E+02    0.54019E+02    0.29108E+02    0.61927E+02
   0.62146E+02    0.54088E+02    0.28850E+02    0.61561E+02
   0.62907E+02    0.53962E+02    0.25342E+02    0.62451E+02
   0.62523E+02    0.53981E+02    0.25353E+02    0.61207E+02
   0.62872E+02    0.53761E+02    0.26653E+02    0.61213E+02
   0.62800E+02    0.53781E+02    0.26754E+02    0.63762E+02
   0.63256E+02    0.54605E+02    0.22199E+02    0.62986E+02
   0.63155E+02    0.53983E+02    0.22373E+02    0.62053E+02
   0.63794E+02    0.54559E+02    0.22355E+02    0.60649E+02
   0.64023E+02    0.54105E+02    0.22184E+02    0.61002E+02
   0.64016E+02    0.54561E+02    0.23400E+02    0.61884E+02
   0.63530E+02    0.54231E+02    0.23188E+02    0.59821E+02
   0.64602E+02    0.54340E+02    0.26550E+02    0.61440E+02
   0.64434E+02    0.54653E+02    0.26568E+02    0.60445E+02
   0.63170E+02    0.54425E+02    0.28322E+02    0.60243E+02
   0.63428E+02    0.54287E+02    0.28382E+02    0.61300E+02
   0.63815E+02    0.55001E+02    0.23662E+02    0.60447E+02
   0.62810E+02    0.54378E+02    0.23661E+02    0.61892E+02
   0.62918E+02    0.53628E+02    0.23554E+02    0.60477E+02
   0.62276E+02    0.53919E+02    0.23561E+02    0.61826E+02
   0.62940E+02    0.54166E+02    0.25308E+02    0.61710E+02
   0.62701E+02    0.54084E+02    0.25372E+02    0.60756E+02
   0.62941E+02    0.53922E+02    0.28093E+02    0.61916E+02
   0.63802E+02    0.53637E+02    0.28253E+02    0.61274E+02
   0.63102E+02    0.54600E+02    0.29233E+02    0.60929E+02
   0.62423E+02    0.54641E+02    0.29093E+02    0.58769E+02
   0.62493E+02    0.53766E+02    0.25818E+02    0.62007E+02
   0.62025E+02    0.53770E+02    0.25601E+02    0.58610E+02
   0.62782E+02    0.53849E+02    0.26911E+02    0.60395E+02
   0.62530E+02    0.53539E+02    0.26691E+02    0.62328E+02
   0.63013E+02    0.54271E+02    0.24544E+02    0.60114E+02
   0.63070E+02    0.53900E+02    0.24615E+02    0.63233E+02
   0.62734E+02    0.53625E+02    0.27896E+02    0.59389E+02
   0.63107E+02    0.53642E+02    0.28123E+02    0.59484E+02
   0.63041E+02    0.54254E+02    0.31883E+02    0.62313E+02
   0.62405E+02    0.54712E+02    0.31817E+02    0.61264E+02
   0.62973E+02    0.53969E+02    0.25951E+02    0.60291E+02
   0.62739E+02    0.54176E+02    0.26125E+02    0.61628E+02
   0.62770E+02    0.53674E+02    0.27487E+02    0.59135E+02
   0.62420E+02    0.53743E+02    0.27262E+02    0.60729E+02
   0.63010E+02    0.53612E+02    0.23258E+02    0.61426E+02
   0.63560E+02    0.53423E+02    0.23550E+02    0.61609E+02
   0.64150E+02    0.53871E+02    0.25620E+02    0.61375E+02
   0.63671E+02    0.53402E+02    0.25748E+02    0.61066E+02
   0.62966E+02    0.53532E+02    0.21602E+02    0.61128E+02
   0.62663E+02    0.53721E+02    0.21392E+02    0.59651E+02
   0.62413E+02    0.53416E+02    0.24744E+02    0.62986E+02
   0.62516E+02    0.53673E+02    0.24724E+02    0.63163E+02
   0.62580E+02    0.53182E+02    0.26588E+02    0.58639E+02
   0.62095E+02    0.54211E+02    0.26507E+02    0.62318E+02
   0.63410E+02    0.53495E+02    0.26650E+02    0.61063E+02
   0.63222E+02    0.52794E+02    0.26296E+02    0.64143E+02
   0.63475E+02    0.53502E+02    0.23129E+02    0.62777E+02
   0.62660E+02    0.53185E+02    0.23304E+02    0.61634E+02
   0.64035E+02    0.53695E+02    0.22062E+02    0.61096E+02
   0.63806E+02    0.54093E+02    0.22012E+02    0.62496E+02
   0.62989E+02    0.53284E+02    0.28517E+02    0.60952E+02
   0.63850E+02    0.53233E+02    0.28304E+02    0.62071E+02
   0.62504E+02    0.53796E+02    0.21238E+02    0.62786E+02
   0.63476E+02    0.53779E+02    0.21222E+02    0.62476E+02
   0.61854E+02    0.53849E+02    0.24269E+02    0.62820E+02
   0.62834E+02    0.53330E+02    0.24114E+02    0.62023E+02
   0.62841E+02    0.53405E+02    0.26915E+02    0.60509E+02
   0.62335E+02    0.53666E+02    0.26747E+02    0.60516E+02
   0.62695E+02    0.53905E+02    0.24490E+02    0.60529E+02
   0.62524E+02    0.53665E+02    0.24227E+02    0.62122E+02
   0.63283E+02    0.53486E+02    0.21180E+02    0.61109E+02
   0.63403E+02    0.53418E+02    0.21131E+02    0.61656E+02
   0.63880E+02    0.53619E+02    0.24335E+02    0.61332E+02
   0.62912E+02    0.54359E+02    0.24663E+02    0.64472E+02
   0.63228E+02    0.53679E+02    0.22872E+02    0.61979E+02
   0.62978E+02    0.53516E+02    0.22622E+02    0.62316E+02
   0.63382E+02    0.54872E+02    0.23312E+02    0.62006E+02
   0.63371E+02    0.54275E+02    0.23026E+02    0.60513E+02
   0.63081E+02    0.54216E+02    0.22510E+02    0.62128E+02
   0.62757E+02    0.54119E+02    0.22315E+02    0.61981E+02
   0.62227E+02    0.53958E+02    0.28123E+02    0.62735E+02
   0.61772E+02    0.54350E+02    0.28012E+02    0.61264E+02
   0.63477E+02    0.53330E+02    0.18303E+02    0.62196E+02
   0.62882E+02    0.53708E+02    0.18522E+02    0.62175E+02
   0.64366E+02    0.54122E+02    0.22821E+02    0.62925E+02
   0.64295E+02    0.54355E+02    0.22792E+02    0.63594E+02
   0.63454E+02    0.54065E+02    0.18396E+02    0.61534E+02
   0.62775E+02    0.53618E+02    0.18435E+02    0.63234E+02
   0.63167E+02    0.53597E+02    0.22404E+02    0.60992E+02
   0.62790E+02    0.53608E+02    0.22246E+02    0.59080E+02
   0.62932E+02    0.54769E+02    0.21432E+02    0.61674E+02
   0.63299E+02    0.54606E+02    0.21612E+02    0.58615E+02
   0.62671E+02    0.54729E+02    0.21662E+02    0.61167E+02
   0.63188E+02    0.54028E+02    0.21598E+02    0.59854E+02
   0.63919E+02    0.54159E+02    0.23301E+02    0.62767E+02
   0.63824E+02    0.54083E+02    0.23235E+02    0.59999E+02
   0.62484E+02    0.54050E+02    0.22225E+02    0.63256E+02
   0.61892E+02    0.53865E+02    0.21868E+02    0.63951E+02
   0.62585E+02    0.54234E+02    0.27214E+02    0.60578E+02
   0.62592E+02    0.54035E+02    0.27251E+02    0.62065E+02
   0.62570E+02    0.54044E+02    0.23119E+02    0.62203E+02
   0.62643E+02    0.53738E+02    0.23460E+02    0.61917E+02
   0.63507E+02    0.54438E+02    0.19932E+02    0.61506E+02
   0.63960E+02    0.54282E+02    0.19742E+02    0.62610E+02
   0.63547E+02    0.54322E+02    0.20286E+02    0.60757E+02
   0.63993E+02    0.53845E+02    0.20577E+02    0.59826E+02
   0.62830E+02    0.54472E+02    0.25870E+02    0.60427E+02
   0.63174E+02    0.54717E+02    0.25859E+02    0.60969E+02
   0.62836E+02    0.54279E+02    0.26870E+02    0.61598E+02
   0.63083E+02    0.53773E+02    0.26916E+02    0.58273E+02
   0.63238E+02    0.54318E+02    0.21275E+02    0.60291E+02
   0.63575E+02    0.54612E+02    0.21852E+02    0.62012E+02
   0.63022E+02    0.54094E+02    0.22519E+02    0.62356E+02
   0.62701E+02    0.53980E+02    0.22392E+02    0.62320E+02
   0.62571E+02    0.53828E+02    0.21722E+02    0.59345E+02
   0.62058E+02    0.53617E+02    0.21598E+02    0.60203E+02
   0.61968E+02    0.53814E+02    0.21781E+02    0.61688E+02
   0.61533E+02    0.53866E+02    0.21997E+02    0.61766E+02
   0.62095E+02    0.54086E+02    0.24397E+02    0.60742E+02
   0.63172E+02    0.54176E+02    0.24189E+02    0.60601E+02
   0.62988E+02    0.53819E+02    0.24030E+02    0.61685E+02
   0.62425E+02    0.53692E+02    0.24109E+02    0.62148E+02
   0.63753E+02    0.53371E+02    0.28297E+02    0.59757E+02
   0.63522E+02    0.53698E+02    0.28105E+02    0.59517E+02
   0.62625E+02    0.54143E+02    0.25244E+02    0.60671E+02
   0.63339E+02    0.54034E+02    0.25320E+02    0.60256E+02
   0.62437E+02    0.53921E+02    0.27134E+02    0.60313E+02
   0.62149E+02    0.53740E+02    0.26923E+02    0.60682E+02
   0.63002E+02    0.53886E+02    0.26550E+02    0.60184E+02
   0.63117E+02    0.53838E+02    0.26482E+02    0.61799E+02
   0.63079E+02    0.54225E+02    0.30143E+02    0.61028E+02
   0.63239E+02    0.53832E+02    0.30101E+02    0.59488E+02
   0.63039E+02    0.54377E+02    0.21376E+02    0.60087E+02
   0.62179E+02    0.54615E+02    0.21462E+02    0.62017E+02
   0.63352E+02    0.53920E+02    0.25551E+02    0.61111E+02
   0.63463E+02    0.54564E+02    0.25617E+02    0.61732E+02
   0.62696E+02    0.52861E+02    0.23522E+02    0.60316E+02
   0.62764E+02    0.53578E+02    0.23243E+02    0.61309E+02
   0.63369E+02    0.54272E+02    0.24474E+02    0.61321E+02
   0.63183E+02    0.54128E+02    0.24555E+02    0.62971E+02
   0.62846E+02    0.54830E+02    0.22859E+02    0.60099E+02
   0.63355E+02    0.54498E+02    0.22816E+02    0.62442E+02
   0.62838E+02    0.54420E+02    0.25004E+02    0.60928E+02
   0.62767E+02    0.53839E+02    0.24839E+02    0.62651E+02
   0.63581E+02    0.54777E+02    0.22925E+02    0.61144E+02
   0.63700E+02    0.54212E+02    0.22937E+02    0.62644E+02
   0.63702E+02    0.54382E+02    0.30102E+02    0.63814E+02
   0.63462E+02    0.54088E+02    0.29948E+02    0.61690E+02
   0.63050E+02    0.54513E+02    0.25376E+02    0.61665E+02
   0.63764E+02    0.54629E+02    0.25653E+02    0.61810E+02
   0.62910E+02    0.53442E+02    0.29315E+02    0.59464E+02
   0.63078E+02    0.53727E+02    0.29268E+02    0.62365E+02
   0.63003E+02    0.54144E+02    0.23540E+02    0.62298E+02
   0.63267E+02    0.53656E+02    0.23271E+02    0.61625E+02
   0.63753E+02    0.54039E+02    0.24648E+02    0.59172E+02
   0.63600E+02    0.54395E+02    0.24494E+02    0.58703E+02
   0.63253E+02    0.53127E+02    0.26561E+02    0.61099E+02
   0.62847E+02    0.52723E+02    0.26507E+02    0.61321E+02
   0.63064E+02    0.53836E+02    0.21625E+02    0.59131E+02
   0.63489E+02    0.53762E+02    0.21786E+02    0.60988E+02
   0.62720E+02    0.54025E+02    0.25755E+02    0.61177E+02
   0.62640E+02    0.54191E+02    0.25821E+02    0.59874E+02
   0.62531E+02    0.54148E+02    0.27950E+02    0.62369E+02
   0.62837E+02    0.53979E+02    0.28117E+02    0.58236E+02
   0.62322E+02    0.53019E+02    0.26267E+02    0.61312E+02
   0.62425E+02    0.53472E+02    0.26431E+02    0.61025E+02
   0.62017E+02    0.53679E+02    0.27624E+02    0.62370E+02
   0.62663E+02    0.53855E+02    0.27493E+02    0.57671E+02
   0.62889E+02    0.53686E+02    0.27933E+02    0.60455E+02
   0.62186E+02    0.54451E+02    0.27893E+02    0.63197E+02
   0.62803E+02    0.53453E+02    0.29106E+02    0.61034E+02
   0.63045E+02    0.53708E+02    0.29390E+02    0.61250E+02
   0.63105E+02    0.53911E+02    0.24818E+02    0.61685E+02
   0.63143E+02    0.53982E+02    0.24739E+02    0.58470E+02
   0.63650E+02    0.53708E+02    0.28799E+02    0.60327E+02
   0.63020E+02    0.53629E+02    0.28688E+02    0.58710E+02
   0.64003E+02    0.53614E+02    0.26600E+02    0.60121E+02
   0.63508E+02    0.54373E+02    0.26386E+02    0.61369E+02
   0.63258E+02    0.54819E+02    0.23354E+02    0.61772E+02
   0.61981E+02    0.54594E+02    0.23752E+02    0.61056E+02
   0.63728E+02    0.54307E+02    0.26713E+02    0.61665E+02
   0.63463E+02    0.54453E+02    0.26779E+02    0.59327E+02
   0.63473E+02    0.53818E+02    0.25070E+02    0.62006E+02
   0.63561E+02    0.54069E+02    0.25246E+02    0.61020E+02
   0.63437E+02    0.54081E+02    0.21084E+02    0.63963E+02
   0.63643E+02    0.54542E+02    0.20973E+02    0.59955E+02
   0.63436E+02    0.53305E+02    0.26381E+02    0.61730E+02
   0.63191E+02    0.53514E+02    0.26644E+02    0.63161E+02
   0.63187E+02    0.54550E+02    0.23075E+02    0.60400E+02
   0.63450E+02    0.54794E+02    0.23336E+02    0.61836E+02
   0.62411E+02    0.54557E+02    0.23800E+02    0.61659E+02
   0.62597E+02    0.54726E+02    0.23511E+02    0.60490E+02
   0.62548E+02    0.53646E+02    0.24189E+02    0.58719E+02
   0.62306E+02    0.53762E+02    0.24421E+02    0.60951E+02
   0.63253E+02    0.54075E+02    0.23789E+02    0.60389E+02
   0.63374E+02    0.53967E+02    0.23756E+02    0.60181E+02
   0.62126E+02    0.53708E+02    0.24031E+02    0.61364E+02
   0.62474E+02    0.53977E+02    0.24043E+02    0.60570E+02
   0.62013E+02    0.53492E+02    0.20542E+02    0.59783E+02
   0.61851E+02    0.54138E+02    0.20393E+02    0.60031E+02
   0.63202E+02    0.54415E+02    0.28725E+02    0.62009E+02
   0.62191E+02    0.54270E+02    0.28444E+02    0.63354E+02
   0.62455E+02    0.53961E+02    0.20099E+02    0.59614E+02
   0.63270E+02    0.53664E+02    0.19723E+02    0.60342E+02
   0.63665E+02    0.54060E+02    0.23533E+02    0.61578E+02
   0.63326E+02    0.54408E+02    0.23799E+02    0.62079E+02
   0.62407E+02    0.53540E+02    0.25595E+02    0.60433E+02
   0.62434E+02    0.53270E+02    0.25752E+02    0.61245E+02
   0.63500E+02    0.54258E+02    0.25071E+02    0.61139E+02
   0.63645E+02    0.54125E+02    0.25154E+02    0.63413E+02
   0.63026E+02    0.53654E+02    0.18543E+02    0.61293E+02
   0.63275E+02    0.54097E+02    0.18749E+02    0.60340E+02
   0.63012E+02    0.54582E+02    0.25675E+02    0.61960E+02
   0.62680E+02    0.54769E+02    0.25608E+02    0.62715E+02
   0.63319E+02    0.55045E+02    0.19862E+02    0.59953E+02
   0.63311E+02    0.55288E+02    0.19990E+02    0.60818E+02
   0.63186E+02    0.53862E+02    0.24986E+02    0.61503E+02
   0.62778E+02    0.54386E+02    0.25154E+02    0.61772E+02
   0.63052E+02    0.55424E+02    0.27036E+02    0.62657E+02
   0.63356E+02    0.54819E+02    0.26967E+02    0.59552E+02
   0.62736E+02    0.53891E+02    0.27113E+02    0.61031E+02
   0.62873E+02    0.54125E+02    0.27210E+02    0.62645E+02
   0.63268E+02    0.53512E+02    0.22266E+02    0.62020E+02
   0.63138E+02    0.53961E+02    0.22213E+02    0.60240E+02
   0.63965E+02    0.54542E+02    0.26011E+02    0.60929E+02
   0.63393E+02    0.54625E+02    0.25926E+02    0.61853E+02
   0.62627E+02    0.53921E+02    0.23597E+02    0.60009E+02
   0.63647E+02    0.54206E+02    0.23422E+02    0.59678E+02
   0.62021E+02    0.55037E+02    0.25297E+02    0.63003E+02
   0.62893E+02    0.54940E+02    0.25456E+02    0.59473E+02
   0.63073E+02    0.54350E+02    0.24681E+02    0.62239E+02
   0.63497E+02    0.54389E+02    0.24824E+02    0.62959E+02
   0.62772E+02    0.54802E+02    0.24993E+02    0.60237E+02
   0.62142E+02    0.54990E+02    0.25151E+02    0.62068E+02
   0.62903E+02    0.53512E+02    0.23707E+02    0.61674E+02
   0.63233E+02    0.53637E+02    0.23498E+02    0.59515E+02
   0.63422E+02    0.54652E+02    0.22066E+02    0.60748E+02
   0.63574E+02    0.54255E+02    0.22067E+02    0.61212E+02
   0.62301E+02    0.54465E+02    0.24777E+02    0.59877E+02
   0.63219E+02    0.54274E+02    0.24955E+02    0.60944E+02
   0.63458E+02    0.54275E+02    0.26005E+02    0.59185E+02
   0.63236E+02    0.54054E+02    0.26044E+02    0.62958E+02
   0.63150E+02    0.54398E+02    0.29792E+02    0.60483E+02
   0.64060E+02    0.53950E+02    0.29839E+02    0.59042E+02
   0.63215E+02    0.53688E+02    0.28040E+02    0.59515E+02
   0.63225E+02    0.53826E+02    0.27826E+02    0.61152E+02
   0.62240E+02    0.54082E+02    0.27784E+02    0.62795E+02
   0.62332E+02    0.54331E+02    0.27495E+02    0.59349E+02
   0.62909E+02    0.53620E+02    0.25152E+02    0.61708E+02
   0.62743E+02    0.54031E+02    0.24997E+02    0.58724E+02
   0.63013E+02    0.53179E+02    0.28183E+02    0.59424E+02
   0.63601E+02    0.52795E+02    0.28316E+02    0.62886E+02
   0.63385E+02    0.54311E+02    0.26941E+02    0.62114E+02
   0.63149E+02    0.53915E+02    0.27046E+02    0.61208E+02
   0.62493E+02    0.53812E+02    0.24277E+02    0.59063E+02
   0.62287E+02    0.54099E+02    0.24294E+02    0.58632E+02
   0.63592E+02    0.54110E+02    0.24985E+02    0.60458E+02
   0.63532E+02    0.53772E+02    0.24863E+02    0.62526E+02
   0.62934E+02    0.53503E+02    0.23317E+02    0.58698E+02
   0.62231E+02    0.53490E+02    0.23008E+02    0.60934E+02
   0.63429E+02    0.53436E+02    0.26429E+02    0.62169E+02
   0.63532E+02    0.53330E+02    0.26796E+02    0.59872E+02
   0.63754E+02    0.54655E+02    0.21884E+02    0.58449E+02
   0.64171E+02    0.54529E+02    0.22100E+02    0.62258E+02
   0.63074E+02    0.53862E+02    0.33025E+02    0.60772E+02
   0.63446E+02    0.53874E+02    0.32766E+02    0.61779E+02
   0.62200E+02    0.54661E+02    0.32378E+02    0.61419E+02
   0.63381E+02    0.53866E+02    0.32383E+02    0.60437E+02
   0.62739E+02    0.52872E+02    0.33922E+02    0.63296E+02
   0.62705E+02    0.53426E+02    0.33948E+02    0.62767E+02
   0.63135E+02    0.53685E+02    0.25682E+02    0.60100E+02
   0.62957E+02    0.54307E+02    0.25860E+02    0.61558E+02
   0.61979E+02    0.53139E+02    0.26951E+02    0.61048E+02
   0.62326E+02    0.54093E+02    0.27020E+02    0.60571E+02
   0.62054E+02    0.53444E+02    0.25777E+02    0.60520E+02
   0.61691E+02    0.53256E+02    0.25795E+02    0.61596E+02
   0.64067E+02    0.53480E+02    0.27311E+02    0.62142E+02
   0.63540E+02    0.53571E+02    0.27193E+02    0.63817E+02
   0.64049E+02    0.53788E+02    0.23441E+02    0.60829E+02
   0.63676E+02    0.53811E+02    0.23193E+02    0.60751E+02
   0.62920E+02    0.53517E+02    0.26805E+02    0.59806E+02
   0.62819E+02    0.53790E+02    0.26429E+02    0.62257E+02
   0.62771E+02    0.53666E+02    0.21213E+02    0.60681E+02
   0.61675E+02    0.53966E+02    0.20970E+02    0.62133E+02
   0.62890E+02    0.53533E+02    0.23231E+02    0.60492E+02
   0.62562E+02    0.53846E+02    0.23460E+02    0.62207E+02
   0.63498E+02    0.54535E+02    0.22117E+02    0.63044E+02
   0.63291E+02    0.54528E+02    0.21979E+02    0.62153E+02
   0.62787E+02    0.54010E+02    0.21500E+02    0.61654E+02
   0.63202E+02    0.53587E+02    0.21836E+02    0.57599E+02
   0.62283E+02    0.53465E+02    0.20269E+02    0.61326E+02
   0.62533E+02    0.54098E+02    0.20381E+02    0.62233E+02
   0.62844E+02    0.53707E+02    0.19332E+02    0.62084E+02
   0.62314E+02    0.53548E+02    0.19338E+02    0.61838E+02
   0.63130E+02    0.54345E+02    0.18988E+02    0.62651E+02
   0.62738E+02    0.54178E+02    0.18785E+02    0.62856E+02
   0.63634E+02    0.54274E+02    0.21375E+02    0.62404E+02
   0.63824E+02    0.54090E+02    0.21343E+02    0.61394E+02
   0.63838E+02    0.54319E+02    0.19895E+02    0.62919E+02
   0.62930E+02    0.54204E+02    0.20005E+02    0.62190E+02
   0.62584E+02    0.54235E+02    0.17295E+02    0.62190E+02
   0.62274E+02    0.54107E+02    0.17149E+02    0.63611E+02
   0.62582E+02    0.54530E+02    0.23603E+02    0.61993E+02
   0.62856E+02    0.54492E+02    0.23727E+02    0.64662E+02
   0.62999E+02    0.54769E+02    0.23905E+02    0.63170E+02
   0.62678E+02    0.54847E+02    0.24098E+02    0.61521E+02
   0.63583E+02    0.54106E+02    0.20480E+02    0.62441E+02
   0.63779E+02    0.54531E+02    0.20495E+02    0.63661E+02
   0.63356E+02    0.54287E+02    0.17697E+02    0.64848E+02
   0.63737E+02    0.54663E+02    0.17541E+02    0.61303E+02
   0.63254E+02    0.53933E+02    0.23254E+02    0.61676E+02
   0.63329E+02    0.54073E+02    0.23400E+02    0.61952E+02
   0.63359E+02    0.54960E+02    0.22757E+02    0.61307E+02
   0.64120E+02    0.54698E+02    0.22760E+02    0.60638E+02
   0.63626E+02    0.54208E+02    0.26900E+02    0.62718E+02
   0.63567E+02    0.54149E+02    0.26458E+02    0.61475E+02
   0.62199E+02    0.55144E+02    0.20440E+02    0.61626E+02
   0.62993E+02    0.54773E+02    0.20233E+02    0.63197E+02
   0.62315E+02    0.53787E+02    0.25381E+02    0.62688E+02
   0.62605E+02    0.53747E+02    0.25406E+02    0.61717E+02
   0.62912E+02    0.54177E+02    0.23261E+02    0.64118E+02
   0.63342E+02    0.54133E+02    0.23789E+02    0.59980E+02
   0.63594E+02    0.53974E+02    0.17892E+02    0.59682E+02
   0.63889E+02    0.53965E+02    0.17829E+02    0.59249E+02
   0.62680E+02    0.54569E+02    0.26413E+02    0.63642E+02
   0.62468E+02    0.54576E+02    0.26109E+02    0.61501E+02
   0.62733E+02    0.53378E+02    0.22524E+02    0.59337E+02
   0.62824E+02    0.53657E+02    0.22735E+02    0.60851E+02
   0.63561E+02    0.53702E+02    0.23536E+02    0.59013E+02
   0.62964E+02    0.55051E+02    0.23231E+02    0.61366E+02
   0.63379E+02    0.54431E+02    0.24939E+02    0.61659E+02
   0.62498E+02    0.54110E+02    0.25123E+02    0.63230E+02
   0.62904E+02    0.54736E+02    0.25592E+02    0.61960E+02
   0.62498E+02    0.53768E+02    0.25450E+02    0.61901E+02
   0.63391E+02    0.54113E+02    0.28288E+02    0.60679E+02
   0.63252E+02    0.53949E+02    0.28325E+02    0.61527E+02
   0.63673E+02    0.54388E+02    0.22402E+02    0.59997E+02
   0.63246E+02    0.53990E+02    0.22252E+02    0.60711E+02
   0.63733E+02    0.53484E+02    0.28190E+02    0.60346E+02
   0.63594E+02    0.53719E+02    0.28365E+02    0.61100E+02
   0.63959E+02    0.53760E+02    0.29850E+02    0.59293E+02
   0.63392E+02    0.54371E+02    0.29802E+02    0.60968E+02
   0.62899E+02    0.54534E+02    0.29171E+02    0.62167E+02
   0.62792E+02    0.54293E+02    0.29472E+02    0.61301E+02
   0.62094E+02    0.52760E+02    0.27710E+02    0.63576E+02
   0.62426E+02    0.52731E+02    0.27633E+02    0.61124E+02
   0.62105E+02    0.53215E+02    0.21828E+02    0.61157E+02
   0.62092E+02    0.53623E+02    0.21786E+02    0.63332E+02
   0.62262E+02    0.53148E+02    0.27920E+02    0.63463E+02
   0.63023E+02    0.53216E+02    0.27733E+02    0.60250E+02
   0.63051E+02    0.54217E+02    0.20743E+02    0.60423E+02
   0.62249E+02    0.53871E+02    0.20791E+02    0.63221E+02
   0.63007E+02    0.53012E+02    0.26224E+02    0.60492E+02
   0.62106E+02    0.53075E+02    0.26503E+02    0.59837E+02
   0.62337E+02    0.53544E+02    0.27817E+02    0.61946E+02
   0.62467E+02    0.53945E+02    0.27600E+02    0.61683E+02
   0.63643E+02    0.54415E+02    0.25911E+02    0.59938E+02
   0.63352E+02    0.54336E+02    0.25936E+02    0.60486E+02
   0.62910E+02    0.54189E+02    0.23463E+02    0.63110E+02
   0.63040E+02    0.54540E+02    0.23523E+02    0.61401E+02
   0.63103E+02    0.53954E+02    0.23923E+02    0.61140E+02
   0.62940E+02    0.53713E+02    0.24191E+02    0.59673E+02
   0.62514E+02    0.53609E+02    0.20657E+02    0.61096E+02
   0.62839E+02    0.53816E+02    0.20833E+02    0.61743E+02
   0.63604E+02    0.53551E+02    0.27037E+02    0.60158E+02
   0.63241E+02    0.54121E+02    0.27036E+02    0.61298E+02
   0.62393E+02    0.53663E+02    0.27863E+02    0.61591E+02
   0.62979E+02    0.53743E+02    0.27882E+02    0.61265E+02
   0.62009E+02    0.54038E+02    0.26299E+02    0.62214E+02
   0.63289E+02    0.53878E+02    0.26153E+02    0.61933E+02
   0.63037E+02    0.53415E+02    0.29005E+02    0.63857E+02
   0.62997E+02    0.53423E+02    0.29106E+02    0.63203E+02
   0.62786E+02    0.53595E+02    0.28971E+02    0.62440E+02
   0.62876E+02    0.53633E+02    0.29061E+02    0.59610E+02
   0.63953E+02    0.53687E+02    0.24629E+02    0.59620E+02
   0.63169E+02    0.53771E+02    0.24597E+02    0.61625E+02
   0.63159E+02    0.53814E+02    0.29060E+02    0.61658E+02
   0.62789E+02    0.53792E+02    0.29072E+02    0.62258E+02
   0.63828E+02    0.54423E+02    0.19727E+02    0.62800E+02
   0.64307E+02    0.54001E+02    0.19487E+02    0.63212E+02
   0.63428E+02    0.53959E+02    0.24872E+02    0.60320E+02
   0.63499E+02    0.53683E+02    0.24718E+02    0.61904E+02
   0.62897E+02    0.53736E+02    0.22559E+02    0.61738E+02
   0.62708E+02    0.54184E+02    0.22752E+02    0.60366E+02
   0.62751E+02    0.54236E+02    0.19295E+02    0.62053E+02
   0.63209E+02    0.54587E+02    0.19432E+02    0.61596E+02
   0.62524E+02    0.54675E+02    0.21719E+02    0.62400E+02
   0.61864E+02    0.54310E+02    0.21796E+02    0.62481E+02
   0.62984E+02    0.54291E+02    0.21541E+02    0.62679E+02
   0.62936E+02    0.53821E+02    0.21573E+02    0.61354E+02
   0.62709E+02    0.54997E+02    0.24293E+02    0.61315E+02
   0.63091E+02    0.54854E+02    0.24320E+02    0.62952E+02
   0.63817E+02    0.54830E+02    0.21827E+02    0.63842E+02
   0.63168E+02    0.54048E+02    0.21677E+02    0.63898E+02
   0.64081E+02    0.54642E+02    0.23443E+02    0.61577E+02
   0.64606E+02    0.54323E+02    0.23517E+02    0.61596E+02
   0.63079E+02    0.53955E+02    0.21872E+02    0.62560E+02
   0.62557E+02    0.54293E+02    0.21905E+02    0.61867E+02
   0.62216E+02    0.54726E+02    0.23813E+02    0.63249E+02
   0.62154E+02    0.54402E+02    0.24060E+02    0.60280E+02
   0.63182E+02    0.54962E+02    0.23146E+02    0.61162E+02
   0.63467E+02    0.55044E+02    0.22908E+02    0.59875E+02
   0.62948E+02    0.54554E+02    0.27697E+02    0.62222E+02
   0.63072E+02    0.54215E+02    0.27618E+02    0.61947E+02
   0.62815E+02    0.54266E+02    0.25032E+02    0.58458E+02
   0.63366E+02    0.54210E+02    0.24717E+02    0.61551E+02
   0.62865E+02    0.54181E+02    0.23459E+02    0.60241E+02
   0.63411E+02    0.54134E+02    0.23541E+02    0.62217E+02
   0.63193E+02    0.54546E+02    0.19541E+02    0.61236E+02
   0.63399E+02    0.54203E+02    0.19246E+02    0.63337E+02
   0.63578E+02    0.54181E+02    0.24846E+02    0.58244E+02
   0.63879E+02    0.54131E+02    0.24565E+02    0.58812E+02
   0.62349E+02    0.54169E+02    0.20962E+02    0.61000E+02
   0.62558E+02    0.54548E+02    0.20844E+02    0.61398E+02
   0.63456E+02    0.54329E+02    0.23378E+02    0.58638E+02
   0.64197E+02    0.54522E+02    0.23096E+02    0.62653E+02
   0.63092E+02    0.53251E+02    0.26276E+02    0.59213E+02
   0.63206E+02    0.53698E+02    0.26312E+02    0.62087E+02
   0.62888E+02    0.54051E+02    0.26448E+02    0.60319E+02
   0.62876E+02    0.53571E+02    0.26444E+02    0.58485E+02
   0.63672E+02    0.53286E+02    0.24796E+02    0.61686E+02
   0.63316E+02    0.53720E+02    0.24993E+02    0.61121E+02
   0.62993E+02    0.53751E+02    0.30968E+02    0.60309E+02
   0.63532E+02    0.53296E+02    0.31072E+02    0.62238E+02
   0.62539E+02    0.54397E+02    0.22408E+02    0.60996E+02
   0.62652E+02    0.54072E+02    0.22633E+02    0.61634E+02
   0.63697E+02    0.53438E+02    0.27230E+02    0.61642E+02
   0.62947E+02    0.53651E+02    0.27394E+02    0.63259E+02
   0.63326E+02    0.54029E+02    0.28008E+02    0.61102E+02
   0.63613E+02    0.54179E+02    0.28089E+02    0.59967E+02
   0.62674E+02    0.53544E+02    0.22098E+02    0.61050E+02
   0.63002E+02    0.53306E+02    0.22243E+02    0.62313E+02
   0.63166E+02    0.53540E+02    0.29705E+02    0.61975E+02
   0.63171E+02    0.52870E+02    0.29884E+02    0.61890E+02
   0.62271E+02    0.53958E+02    0.28304E+02    0.62341E+02
   0.62254E+02    0.53109E+02    0.28425E+02    0.62475E+02
   0.63620E+02    0.53337E+02    0.22685E+02    0.59846E+02
   0.63305E+02    0.53295E+02    0.22469E+02    0.61475E+02
   0.63750E+02    0.53541E+02    0.26885E+02    0.60805E+02
   0.63798E+02    0.53717E+02    0.27090E+02    0.60392E+02
   0.63288E+02    0.53350E+02    0.27940E+02    0.60516E+02
   0.63026E+02    0.52941E+02    0.27843E+02    0.60710E+02
   0.61927E+02    0.53520E+02    0.31663E+02    0.62700E+02
   0.61649E+02    0.52568E+02    0.31441E+02    0.58888E+02
   0.62855E+02    0.53055E+02    0.23636E+02    0.61626E+02
   0.62861E+02    0.53369E+02    0.23485E+02    0.63228E+02
   0.62757E+02    0.54291E+02    0.27597E+02    0.62379E+02
   0.63203E+02    0.54193E+02    0.27854E+02    0.61044E+02
   0.63080E+02    0.53119E+02    0.24748E+02    0.63644E+02
   0.63713E+02    0.53494E+02    0.24496E+02    0.61271E+02
   0.62015E+02    0.53940E+02    0.27404E+02    0.60942E+02
   0.62055E+02    0.53527E+02    0.27157E+02    0.59881E+02
   0.64114E+02    0.52936E+02    0.25042E+02    0.60232E+02
   0.64460E+02    0.53154E+02    0.25150E+02    0.59594E+02
   0.62954E+02    0.53715E+02    0.29521E+02    0.60508E+02
   0.62620E+02    0.53429E+02    0.29395E+02    0.61085E+02
   0.62248E+02    0.53505E+02    0.23408E+02    0.63831E+02
   0.62209E+02    0.53536E+02    0.23197E+02    0.60061E+02
   0.62803E+02    0.53988E+02    0.22054E+02    0.59086E+02
   0.62819E+02    0.53953E+02    0.22252E+02    0.61557E+02
   0.64102E+02    0.54084E+02    0.21212E+02    0.63896E+02
   0.62861E+02    0.54098E+02    0.21066E+02    0.61775E+02
   0.64240E+02    0.54189E+02    0.25461E+02    0.62368E+02
   0.63354E+02    0.53705E+02    0.25386E+02    0.61201E+02
   0.62194E+02    0.53450E+02    0.23476E+02    0.63169E+02
   0.62592E+02    0.53526E+02    0.23439E+02    0.62424E+02
   0.65092E+02    0.54702E+02    0.23693E+02    0.61560E+02
   0.64681E+02    0.53757E+02    0.23944E+02    0.61473E+02
   0.64017E+02    0.54431E+02    0.17297E+02    0.62812E+02
   0.63958E+02    0.54350E+02    0.17101E+02    0.63924E+02
   0.63619E+02    0.54997E+02    0.19224E+02    0.60588E+02
   0.63338E+02    0.54956E+02    0.19206E+02    0.62901E+02
   0.62819E+02    0.54111E+02    0.19114E+02    0.61767E+02
   0.62795E+02    0.54373E+02    0.19203E+02    0.61138E+02
   0.62986E+02    0.54204E+02    0.17508E+02    0.62775E+02
   0.62979E+02    0.53872E+02    0.17839E+02    0.59866E+02
   0.63041E+02    0.54759E+02    0.23994E+02    0.60155E+02
   0.63309E+02    0.54653E+02    0.23964E+02    0.61971E+02
   0.62040E+02    0.54774E+02    0.22494E+02    0.58667E+02
   0.62297E+02    0.54461E+02    0.22654E+02    0.61083E+02
   0.63861E+02    0.54552E+02    0.19278E+02    0.60184E+02
   0.63470E+02    0.54072E+02    0.19445E+02    0.62511E+02
   0.63333E+02    0.55001E+02    0.17790E+02    0.61317E+02
   0.63403E+02    0.53619E+02    0.17748E+02    0.61649E+02
   0.63481E+02    0.54394E+02    0.22545E+02    0.60788E+02
   0.63322E+02    0.53940E+02    0.22448E+02    0.60708E+02
   0.63130E+02    0.53793E+02    0.27316E+02    0.59779E+02
   0.63616E+02    0.54245E+02    0.27510E+02    0.61057E+02
   0.63805E+02    0.53856E+02    0.21939E+02    0.61937E+02
   0.64189E+02    0.54597E+02    0.22024E+02    0.60664E+02
   0.63189E+02    0.54247E+02    0.26598E+02    0.61012E+02
   0.63017E+02    0.54537E+02    0.26693E+02    0.60406E+02
   0.62860E+02    0.53739E+02    0.27549E+02    0.61023E+02
   0.62171E+02    0.53974E+02    0.27861E+02    0.61027E+02
   0.62597E+02    0.53643E+02    0.22738E+02    0.59247E+02
   0.62399E+02    0.54001E+02    0.22507E+02    0.61406E+02
   0.62942E+02    0.54126E+02    0.23794E+02    0.59232E+02
   0.63028E+02    0.54765E+02    0.23783E+02    0.60798E+02
   0.62495E+02    0.53895E+02    0.23936E+02    0.62320E+02
   0.62414E+02    0.53606E+02    0.23916E+02    0.62799E+02
   0.63540E+02    0.53735E+02    0.27881E+02    0.58785E+02
   0.64219E+02    0.53951E+02    0.27456E+02    0.61079E+02
   0.63734E+02    0.53608E+02    0.30805E+02    0.62258E+02
   0.62927E+02    0.53583E+02    0.30829E+02    0.60685E+02
   0.62797E+02    0.52995E+02    0.27507E+02    0.61175E+02
   0.63045E+02    0.53617E+02    0.27364E+02    0.62530E+02
   0.62947E+02    0.53637E+02    0.27721E+02    0.61023E+02
   0.62379E+02    0.53440E+02    0.27796E+02    0.61754E+02
   0.63520E+02    0.53556E+02    0.30323E+02    0.60489E+02
   0.64031E+02    0.53481E+02    0.30260E+02    0.62903E+02
   0.63958E+02    0.54263E+02    0.27395E+02    0.60887E+02
   0.63314E+02    0.53948E+02    0.27522E+02    0.60139E+02
   0.64871E+02    0.53929E+02    0.25500E+02    0.60433E+02
   0.64286E+02    0.53663E+02    0.25415E+02    0.62406E+02
   0.62539E+02    0.53398E+02    0.25270E+02    0.60680E+02
   0.63319E+02    0.54227E+02    0.25134E+02    0.60964E+02
   0.62304E+02    0.54132E+02    0.28268E+02    0.61473E+02
   0.62736E+02    0.54100E+02    0.28299E+02    0.59303E+02
   0.62070E+02    0.54339E+02    0.24832E+02    0.58501E+02
   0.62171E+02    0.54003E+02    0.24596E+02    0.59395E+02
   0.62682E+02    0.53906E+02    0.26704E+02    0.59713E+02
   0.62946E+02    0.53841E+02    0.26612E+02    0.61452E+02
   0.63123E+02    0.53788E+02    0.27773E+02    0.60455E+02
   0.63811E+02    0.53917E+02    0.27783E+02    0.63688E+02
   0.63414E+02    0.54541E+02    0.27334E+02    0.62227E+02
   0.62939E+02    0.54261E+02    0.27485E+02    0.62773E+02
   0.62638E+02    0.53986E+02    0.23964E+02    0.63227E+02
   0.63252E+02    0.54204E+02    0.24239E+02    0.61123E+02
   0.62190E+02    0.54036E+02    0.27665E+02    0.60872E+02
   0.62333E+02    0.53910E+02    0.27859E+02    0.60918E+02
   0.62295E+02    0.54102E+02    0.31806E+02    0.62300E+02
   0.62776E+02    0.53906E+02    0.31681E+02    0.61945E+02
