   0.17866E-01    0.83570E+00    0.98577E-01    0.53724E+02
   0.17866E-01    0.83570E+00    0.98577E-01    0.53724E+02
   0.17866E-01    0.83570E+00    0.98577E-01    0.53724E+02
   0.17866E-01    0.83570E+00    0.98577E-01    0.53724E+02
   0.17866E-01    0.83570E+00    0.98577E-01    0.53724E+02
   0.12396E-01    0.83419E+00    0.77672E-01    0.54271E+02
   0.12396E-01    0.83419E+00    0.77672E-01    0.54271E+02
   0.12396E-01    0.83419E+00    0.77672E-01    0.54271E+02
   0.12396E-01    0.83419E+00    0.77672E-01    0.54271E+02
   0.12396E-01    0.83419E+00    0.77672E-01    0.54271E+02
   0.95939E-02    0.83356E+00    0.81998E-01    0.54099E+02
   0.95939E-02    0.83356E+00    0.81998E-01    0.54099E+02
   0.95939E-02    0.83356E+00    0.81998E-01    0.54099E+02
   0.95939E-02    0.83356E+00    0.81998E-01    0.54099E+02
   0.95939E-02    0.83356E+00    0.81998E-01    0.54099E+02
   0.13185E-01    0.84241E+00    0.87504E-01    0.53361E+02
   0.13185E-01    0.84241E+00    0.87504E-01    0.53361E+02
   0.13185E-01    0.84241E+00    0.87504E-01    0.53361E+02
   0.13185E-01    0.84241E+00    0.87504E-01    0.53361E+02
   0.13185E-01    0.84241E+00    0.87504E-01    0.53361E+02
   0.84268E-02    0.86111E+00    0.97052E-01    0.53771E+02
   0.84268E-02    0.86111E+00    0.97052E-01    0.53771E+02
   0.84268E-02    0.86111E+00    0.97052E-01    0.53771E+02
   0.84268E-02    0.86111E+00    0.97052E-01    0.53771E+02
   0.84268E-02    0.86111E+00    0.97052E-01    0.53771E+02
   0.18285E-01    0.83573E+00    0.83496E-01    0.53148E+02
   0.18285E-01    0.83573E+00    0.83496E-01    0.53148E+02
   0.18285E-01    0.83573E+00    0.83496E-01    0.53148E+02
   0.18285E-01    0.83573E+00    0.83496E-01    0.53148E+02
   0.18285E-01    0.83573E+00    0.83496E-01    0.53148E+02
   0.31518E-01    0.82800E+00    0.93840E-01    0.53779E+02
   0.31518E-01    0.82800E+00    0.93840E-01    0.53779E+02
   0.31518E-01    0.82800E+00    0.93840E-01    0.53779E+02
   0.31518E-01    0.82800E+00    0.93840E-01    0.53779E+02
   0.31518E-01    0.82800E+00    0.93840E-01    0.53779E+02
   0.14024E-01    0.83892E+00    0.95953E-01    0.54026E+02
   0.14024E-01    0.83892E+00    0.95953E-01    0.54026E+02
   0.14024E-01    0.83892E+00    0.95953E-01    0.54026E+02
   0.14024E-01    0.83892E+00    0.95953E-01    0.54026E+02
   0.14024E-01    0.83892E+00    0.95953E-01    0.54026E+02
   0.20370E-01    0.81743E+00    0.10759E+00    0.53753E+02
   0.20370E-01    0.81743E+00    0.10759E+00    0.53753E+02
   0.20370E-01    0.81743E+00    0.10759E+00    0.53753E+02
   0.20370E-01    0.81743E+00    0.10759E+00    0.53753E+02
   0.20370E-01    0.81743E+00    0.10759E+00    0.53753E+02
   0.24207E-01    0.82311E+00    0.10033E+00    0.53965E+02
   0.24207E-01    0.82311E+00    0.10033E+00    0.53965E+02
   0.24207E-01    0.82311E+00    0.10033E+00    0.53965E+02
   0.24207E-01    0.82311E+00    0.10033E+00    0.53965E+02
   0.24207E-01    0.82311E+00    0.10033E+00    0.53965E+02
   0.18419E-01    0.83797E+00    0.84394E-01    0.53424E+02
   0.18419E-01    0.83797E+00    0.84394E-01    0.53424E+02
   0.18419E-01    0.83797E+00    0.84394E-01    0.53424E+02
   0.18419E-01    0.83797E+00    0.84394E-01    0.53424E+02
   0.18419E-01    0.83797E+00    0.84394E-01    0.53424E+02
   0.26508E-02    0.83565E+00    0.10581E+00    0.54093E+02
   0.26508E-02    0.83565E+00    0.10581E+00    0.54093E+02
   0.26508E-02    0.83565E+00    0.10581E+00    0.54093E+02
   0.26508E-02    0.83565E+00    0.10581E+00    0.54093E+02
   0.26508E-02    0.83565E+00    0.10581E+00    0.54093E+02
   0.14236E-01    0.84466E+00    0.97077E-01    0.53846E+02
   0.14236E-01    0.84466E+00    0.97077E-01    0.53846E+02
   0.14236E-01    0.84466E+00    0.97077E-01    0.53846E+02
   0.14236E-01    0.84466E+00    0.97077E-01    0.53846E+02
   0.14236E-01    0.84466E+00    0.97077E-01    0.53846E+02
   0.12932E-01    0.84366E+00    0.95434E-01    0.55079E+02
   0.12932E-01    0.84366E+00    0.95434E-01    0.55079E+02
   0.12932E-01    0.84366E+00    0.95434E-01    0.55079E+02
   0.12932E-01    0.84366E+00    0.95434E-01    0.55079E+02
   0.12932E-01    0.84366E+00    0.95434E-01    0.55079E+02
   0.13893E-01    0.85756E+00    0.10170E+00    0.54530E+02
   0.13893E-01    0.85756E+00    0.10170E+00    0.54530E+02
   0.13893E-01    0.85756E+00    0.10170E+00    0.54530E+02
   0.13893E-01    0.85756E+00    0.10170E+00    0.54530E+02
   0.13893E-01    0.85756E+00    0.10170E+00    0.54530E+02
   0.14083E-01    0.83629E+00    0.94517E-01    0.53747E+02
   0.14083E-01    0.83629E+00    0.94517E-01    0.53747E+02
   0.14083E-01    0.83629E+00    0.94517E-01    0.53747E+02
   0.14083E-01    0.83629E+00    0.94517E-01    0.53747E+02
   0.14083E-01    0.83629E+00    0.94517E-01    0.53747E+02
   0.17886E-01    0.85255E+00    0.10876E+00    0.53545E+02
   0.17886E-01    0.85255E+00    0.10876E+00    0.53545E+02
   0.17886E-01    0.85255E+00    0.10876E+00    0.53545E+02
   0.17886E-01    0.85255E+00    0.10876E+00    0.53545E+02
   0.17886E-01    0.85255E+00    0.10876E+00    0.53545E+02
   0.16732E-01    0.84102E+00    0.11297E+00    0.53663E+02
   0.16732E-01    0.84102E+00    0.11297E+00    0.53663E+02
   0.16732E-01    0.84102E+00    0.11297E+00    0.53663E+02
   0.16732E-01    0.84102E+00    0.11297E+00    0.53663E+02
   0.16732E-01    0.84102E+00    0.11297E+00    0.53663E+02
   0.15320E-02    0.83520E+00    0.10379E+00    0.53761E+02
   0.15320E-02    0.83520E+00    0.10379E+00    0.53761E+02
   0.15320E-02    0.83520E+00    0.10379E+00    0.53761E+02
   0.15320E-02    0.83520E+00    0.10379E+00    0.53761E+02
   0.15320E-02    0.83520E+00    0.10379E+00    0.53761E+02
   0.30306E-01    0.84283E+00    0.90322E-01    0.53808E+02
   0.30306E-01    0.84283E+00    0.90322E-01    0.53808E+02
   0.30306E-01    0.84283E+00    0.90322E-01    0.53808E+02
   0.30306E-01    0.84283E+00    0.90322E-01    0.53808E+02
   0.30306E-01    0.84283E+00    0.90322E-01    0.53808E+02
   0.19095E-01    0.83891E+00    0.10893E+00    0.54101E+02
   0.19095E-01    0.83891E+00    0.10893E+00    0.54101E+02
   0.19095E-01    0.83891E+00    0.10893E+00    0.54101E+02
   0.19095E-01    0.83891E+00    0.10893E+00    0.54101E+02
   0.19095E-01    0.83891E+00    0.10893E+00    0.54101E+02
   0.21557E-01    0.83679E+00    0.10286E+00    0.54261E+02
   0.21557E-01    0.83679E+00    0.10286E+00    0.54261E+02
   0.21557E-01    0.83679E+00    0.10286E+00    0.54261E+02
   0.21557E-01    0.83679E+00    0.10286E+00    0.54261E+02
   0.21557E-01    0.83679E+00    0.10286E+00    0.54261E+02
   0.33057E-01    0.82538E+00    0.75078E-01    0.53470E+02
   0.33057E-01    0.82538E+00    0.75078E-01    0.53470E+02
   0.33057E-01    0.82538E+00    0.75078E-01    0.53470E+02
   0.33057E-01    0.82538E+00    0.75078E-01    0.53470E+02
   0.33057E-01    0.82538E+00    0.75078E-01    0.53470E+02
   0.59212E-03    0.83693E+00    0.87545E-01    0.54350E+02
   0.59212E-03    0.83693E+00    0.87545E-01    0.54350E+02
   0.59212E-03    0.83693E+00    0.87545E-01    0.54350E+02
   0.59212E-03    0.83693E+00    0.87545E-01    0.54350E+02
   0.59212E-03    0.83693E+00    0.87545E-01    0.54350E+02
   0.79078E-02    0.82668E+00    0.94921E-01    0.54311E+02
   0.79078E-02    0.82668E+00    0.94921E-01    0.54311E+02
   0.79078E-02    0.82668E+00    0.94921E-01    0.54311E+02
   0.79078E-02    0.82668E+00    0.94921E-01    0.54311E+02
   0.79078E-02    0.82668E+00    0.94921E-01    0.54311E+02
   0.30136E-01    0.82102E+00    0.74454E-01    0.53812E+02
   0.30136E-01    0.82102E+00    0.74454E-01    0.53812E+02
   0.30136E-01    0.82102E+00    0.74454E-01    0.53812E+02
   0.30136E-01    0.82102E+00    0.74454E-01    0.53812E+02
   0.30136E-01    0.82102E+00    0.74454E-01    0.53812E+02
   0.20069E-01    0.82307E+00    0.87122E-01    0.54265E+02
   0.20069E-01    0.82307E+00    0.87122E-01    0.54265E+02
   0.20069E-01    0.82307E+00    0.87122E-01    0.54265E+02
   0.20069E-01    0.82307E+00    0.87122E-01    0.54265E+02
   0.20069E-01    0.82307E+00    0.87122E-01    0.54265E+02
   0.95850E-02    0.81682E+00    0.77191E-01    0.53076E+02
   0.95850E-02    0.81682E+00    0.77191E-01    0.53076E+02
   0.95850E-02    0.81682E+00    0.77191E-01    0.53076E+02
   0.95850E-02    0.81682E+00    0.77191E-01    0.53076E+02
   0.95850E-02    0.81682E+00    0.77191E-01    0.53076E+02
   0.18831E-01    0.82692E+00    0.87393E-01    0.54260E+02
   0.18831E-01    0.82692E+00    0.87393E-01    0.54260E+02
   0.18831E-01    0.82692E+00    0.87393E-01    0.54260E+02
   0.18831E-01    0.82692E+00    0.87393E-01    0.54260E+02
   0.18831E-01    0.82692E+00    0.87393E-01    0.54260E+02
   0.25104E-01    0.81380E+00    0.83326E-01    0.53678E+02
   0.25104E-01    0.81380E+00    0.83326E-01    0.53678E+02
   0.25104E-01    0.81380E+00    0.83326E-01    0.53678E+02
   0.25104E-01    0.81380E+00    0.83326E-01    0.53678E+02
   0.25104E-01    0.81380E+00    0.83326E-01    0.53678E+02
   0.20086E-01    0.81017E+00    0.11209E+00    0.53960E+02
   0.20086E-01    0.81017E+00    0.11209E+00    0.53960E+02
   0.20086E-01    0.81017E+00    0.11209E+00    0.53960E+02
   0.20086E-01    0.81017E+00    0.11209E+00    0.53960E+02
   0.20086E-01    0.81017E+00    0.11209E+00    0.53960E+02
   0.13578E-01    0.81725E+00    0.96628E-01    0.53851E+02
   0.13578E-01    0.81725E+00    0.96628E-01    0.53851E+02
   0.13578E-01    0.81725E+00    0.96628E-01    0.53851E+02
   0.13578E-01    0.81725E+00    0.96628E-01    0.53851E+02
   0.13578E-01    0.81725E+00    0.96628E-01    0.53851E+02
   0.25332E-01    0.80625E+00    0.81294E-01    0.53742E+02
   0.25332E-01    0.80625E+00    0.81294E-01    0.53742E+02
   0.25332E-01    0.80625E+00    0.81294E-01    0.53742E+02
   0.25332E-01    0.80625E+00    0.81294E-01    0.53742E+02
   0.25332E-01    0.80625E+00    0.81294E-01    0.53742E+02
   0.21690E-01    0.79767E+00    0.10284E+00    0.53801E+02
   0.21690E-01    0.79767E+00    0.10284E+00    0.53801E+02
   0.21690E-01    0.79767E+00    0.10284E+00    0.53801E+02
   0.21690E-01    0.79767E+00    0.10284E+00    0.53801E+02
   0.21690E-01    0.79767E+00    0.10284E+00    0.53801E+02
   0.20038E-01    0.82341E+00    0.10753E+00    0.53511E+02
   0.20038E-01    0.82341E+00    0.10753E+00    0.53511E+02
   0.20038E-01    0.82341E+00    0.10753E+00    0.53511E+02
   0.20038E-01    0.82341E+00    0.10753E+00    0.53511E+02
   0.20038E-01    0.82341E+00    0.10753E+00    0.53511E+02
   0.10566E-01    0.81387E+00    0.10851E+00    0.53231E+02
   0.10566E-01    0.81387E+00    0.10851E+00    0.53231E+02
   0.10566E-01    0.81387E+00    0.10851E+00    0.53231E+02
   0.10566E-01    0.81387E+00    0.10851E+00    0.53231E+02
   0.10566E-01    0.81387E+00    0.10851E+00    0.53231E+02
  -0.72412E-02    0.84080E+00    0.10752E+00    0.53757E+02
  -0.72412E-02    0.84080E+00    0.10752E+00    0.53757E+02
  -0.72412E-02    0.84080E+00    0.10752E+00    0.53757E+02
  -0.72412E-02    0.84080E+00    0.10752E+00    0.53757E+02
  -0.72412E-02    0.84080E+00    0.10752E+00    0.53757E+02
   0.40810E-02    0.83687E+00    0.92725E-01    0.54167E+02
   0.40810E-02    0.83687E+00    0.92725E-01    0.54167E+02
   0.40810E-02    0.83687E+00    0.92725E-01    0.54167E+02
   0.40810E-02    0.83687E+00    0.92725E-01    0.54167E+02
   0.40810E-02    0.83687E+00    0.92725E-01    0.54167E+02
   0.19809E-01    0.84271E+00    0.95848E-01    0.53263E+02
   0.19809E-01    0.84271E+00    0.95848E-01    0.53263E+02
   0.19809E-01    0.84271E+00    0.95848E-01    0.53263E+02
   0.19809E-01    0.84271E+00    0.95848E-01    0.53263E+02
   0.19809E-01    0.84271E+00    0.95848E-01    0.53263E+02
   0.26057E-01    0.86799E+00    0.11186E+00    0.53854E+02
   0.26057E-01    0.86799E+00    0.11186E+00    0.53854E+02
   0.26057E-01    0.86799E+00    0.11186E+00    0.53854E+02
   0.26057E-01    0.86799E+00    0.11186E+00    0.53854E+02
   0.26057E-01    0.86799E+00    0.11186E+00    0.53854E+02
  -0.84705E-02    0.88418E+00    0.10775E+00    0.54907E+02
  -0.84705E-02    0.88418E+00    0.10775E+00    0.54907E+02
  -0.84705E-02    0.88418E+00    0.10775E+00    0.54907E+02
  -0.84705E-02    0.88418E+00    0.10775E+00    0.54907E+02
  -0.84705E-02    0.88418E+00    0.10775E+00    0.54907E+02
   0.36608E-02    0.88433E+00    0.10342E+00    0.54421E+02
   0.36608E-02    0.88433E+00    0.10342E+00    0.54421E+02
   0.36608E-02    0.88433E+00    0.10342E+00    0.54421E+02
   0.36608E-02    0.88433E+00    0.10342E+00    0.54421E+02
   0.36608E-02    0.88433E+00    0.10342E+00    0.54421E+02
   0.22610E-01    0.88896E+00    0.12593E+00    0.53059E+02
   0.22610E-01    0.88896E+00    0.12593E+00    0.53059E+02
   0.22610E-01    0.88896E+00    0.12593E+00    0.53059E+02
   0.22610E-01    0.88896E+00    0.12593E+00    0.53059E+02
   0.22610E-01    0.88896E+00    0.12593E+00    0.53059E+02
   0.99055E-02    0.88928E+00    0.11428E+00    0.53229E+02
   0.99055E-02    0.88928E+00    0.11428E+00    0.53229E+02
   0.99055E-02    0.88928E+00    0.11428E+00    0.53229E+02
   0.99055E-02    0.88928E+00    0.11428E+00    0.53229E+02
   0.99055E-02    0.88928E+00    0.11428E+00    0.53229E+02
   0.20704E-01    0.87619E+00    0.86484E-01    0.53532E+02
   0.20704E-01    0.87619E+00    0.86484E-01    0.53532E+02
   0.20704E-01    0.87619E+00    0.86484E-01    0.53532E+02
   0.20704E-01    0.87619E+00    0.86484E-01    0.53532E+02
   0.20704E-01    0.87619E+00    0.86484E-01    0.53532E+02
   0.23094E-01    0.83547E+00    0.11614E+00    0.53413E+02
   0.23094E-01    0.83547E+00    0.11614E+00    0.53413E+02
   0.23094E-01    0.83547E+00    0.11614E+00    0.53413E+02
   0.23094E-01    0.83547E+00    0.11614E+00    0.53413E+02
   0.23094E-01    0.83547E+00    0.11614E+00    0.53413E+02
   0.17893E-01    0.84113E+00    0.12077E+00    0.54382E+02
   0.17893E-01    0.84113E+00    0.12077E+00    0.54382E+02
   0.17893E-01    0.84113E+00    0.12077E+00    0.54382E+02
   0.17893E-01    0.84113E+00    0.12077E+00    0.54382E+02
   0.17893E-01    0.84113E+00    0.12077E+00    0.54382E+02
   0.16422E-02    0.82428E+00    0.10030E+00    0.54020E+02
   0.16422E-02    0.82428E+00    0.10030E+00    0.54020E+02
   0.16422E-02    0.82428E+00    0.10030E+00    0.54020E+02
   0.16422E-02    0.82428E+00    0.10030E+00    0.54020E+02
   0.16422E-02    0.82428E+00    0.10030E+00    0.54020E+02
   0.16456E-01    0.83548E+00    0.96738E-01    0.53558E+02
   0.16456E-01    0.83548E+00    0.96738E-01    0.53558E+02
   0.16456E-01    0.83548E+00    0.96738E-01    0.53558E+02
   0.16456E-01    0.83548E+00    0.96738E-01    0.53558E+02
   0.16456E-01    0.83548E+00    0.96738E-01    0.53558E+02
   0.14451E-01    0.81090E+00    0.82745E-01    0.54280E+02
   0.14451E-01    0.81090E+00    0.82745E-01    0.54280E+02
   0.14451E-01    0.81090E+00    0.82745E-01    0.54280E+02
   0.14451E-01    0.81090E+00    0.82745E-01    0.54280E+02
   0.14451E-01    0.81090E+00    0.82745E-01    0.54280E+02
   0.35284E-01    0.82653E+00    0.10314E+00    0.53356E+02
   0.35284E-01    0.82653E+00    0.10314E+00    0.53356E+02
   0.35284E-01    0.82653E+00    0.10314E+00    0.53356E+02
   0.35284E-01    0.82653E+00    0.10314E+00    0.53356E+02
   0.35284E-01    0.82653E+00    0.10314E+00    0.53356E+02
   0.12240E-01    0.83930E+00    0.10653E+00    0.53513E+02
   0.12240E-01    0.83930E+00    0.10653E+00    0.53513E+02
   0.12240E-01    0.83930E+00    0.10653E+00    0.53513E+02
   0.12240E-01    0.83930E+00    0.10653E+00    0.53513E+02
   0.12240E-01    0.83930E+00    0.10653E+00    0.53513E+02
   0.13422E-01    0.82092E+00    0.86661E-01    0.54357E+02
   0.13422E-01    0.82092E+00    0.86661E-01    0.54357E+02
   0.13422E-01    0.82092E+00    0.86661E-01    0.54357E+02
   0.13422E-01    0.82092E+00    0.86661E-01    0.54357E+02
   0.13422E-01    0.82092E+00    0.86661E-01    0.54357E+02
  -0.72508E-03    0.78711E+00    0.92933E-01    0.54294E+02
  -0.72508E-03    0.78711E+00    0.92933E-01    0.54294E+02
  -0.72508E-03    0.78711E+00    0.92933E-01    0.54294E+02
  -0.72508E-03    0.78711E+00    0.92933E-01    0.54294E+02
  -0.72508E-03    0.78711E+00    0.92933E-01    0.54294E+02
   0.17264E-01    0.81469E+00    0.79846E-01    0.54493E+02
   0.17264E-01    0.81469E+00    0.79846E-01    0.54493E+02
   0.17264E-01    0.81469E+00    0.79846E-01    0.54493E+02
   0.17264E-01    0.81469E+00    0.79846E-01    0.54493E+02
   0.17264E-01    0.81469E+00    0.79846E-01    0.54493E+02
   0.29569E-01    0.82244E+00    0.88843E-01    0.54069E+02
   0.29569E-01    0.82244E+00    0.88843E-01    0.54069E+02
   0.29569E-01    0.82244E+00    0.88843E-01    0.54069E+02
   0.29569E-01    0.82244E+00    0.88843E-01    0.54069E+02
   0.29569E-01    0.82244E+00    0.88843E-01    0.54069E+02
   0.20648E-01    0.81316E+00    0.96810E-01    0.53562E+02
   0.20648E-01    0.81316E+00    0.96810E-01    0.53562E+02
   0.20648E-01    0.81316E+00    0.96810E-01    0.53562E+02
   0.20648E-01    0.81316E+00    0.96810E-01    0.53562E+02
   0.20648E-01    0.81316E+00    0.96810E-01    0.53562E+02
   0.67071E-03    0.81517E+00    0.89898E-01    0.53615E+02
   0.67071E-03    0.81517E+00    0.89898E-01    0.53615E+02
   0.67071E-03    0.81517E+00    0.89898E-01    0.53615E+02
   0.67071E-03    0.81517E+00    0.89898E-01    0.53615E+02
   0.67071E-03    0.81517E+00    0.89898E-01    0.53615E+02
   0.17868E-01    0.83432E+00    0.86005E-01    0.53558E+02
   0.17868E-01    0.83432E+00    0.86005E-01    0.53558E+02
   0.17868E-01    0.83432E+00    0.86005E-01    0.53558E+02
   0.17868E-01    0.83432E+00    0.86005E-01    0.53558E+02
   0.17868E-01    0.83432E+00    0.86005E-01    0.53558E+02
   0.21592E-01    0.81019E+00    0.96065E-01    0.52856E+02
   0.21592E-01    0.81019E+00    0.96065E-01    0.52856E+02
   0.21592E-01    0.81019E+00    0.96065E-01    0.52856E+02
   0.21592E-01    0.81019E+00    0.96065E-01    0.52856E+02
   0.21592E-01    0.81019E+00    0.96065E-01    0.52856E+02
   0.17555E-02    0.84939E+00    0.77326E-01    0.53259E+02
   0.17555E-02    0.84939E+00    0.77326E-01    0.53259E+02
   0.17555E-02    0.84939E+00    0.77326E-01    0.53259E+02
   0.17555E-02    0.84939E+00    0.77326E-01    0.53259E+02
   0.17555E-02    0.84939E+00    0.77326E-01    0.53259E+02
   0.26187E-01    0.85360E+00    0.10056E+00    0.54150E+02
   0.26187E-01    0.85360E+00    0.10056E+00    0.54150E+02
   0.26187E-01    0.85360E+00    0.10056E+00    0.54150E+02
   0.26187E-01    0.85360E+00    0.10056E+00    0.54150E+02
   0.26187E-01    0.85360E+00    0.10056E+00    0.54150E+02
   0.10759E-01    0.84827E+00    0.10724E+00    0.53772E+02
   0.10759E-01    0.84827E+00    0.10724E+00    0.53772E+02
   0.10759E-01    0.84827E+00    0.10724E+00    0.53772E+02
   0.10759E-01    0.84827E+00    0.10724E+00    0.53772E+02
   0.10759E-01    0.84827E+00    0.10724E+00    0.53772E+02
   0.32231E-01    0.84284E+00    0.10592E+00    0.53583E+02
   0.32231E-01    0.84284E+00    0.10592E+00    0.53583E+02
   0.32231E-01    0.84284E+00    0.10592E+00    0.53583E+02
   0.32231E-01    0.84284E+00    0.10592E+00    0.53583E+02
   0.32231E-01    0.84284E+00    0.10592E+00    0.53583E+02
   0.10164E-01    0.84526E+00    0.10428E+00    0.53568E+02
   0.10164E-01    0.84526E+00    0.10428E+00    0.53568E+02
   0.10164E-01    0.84526E+00    0.10428E+00    0.53568E+02
   0.10164E-01    0.84526E+00    0.10428E+00    0.53568E+02
   0.10164E-01    0.84526E+00    0.10428E+00    0.53568E+02
   0.25731E-01    0.82513E+00    0.97652E-01    0.54965E+02
   0.25731E-01    0.82513E+00    0.97652E-01    0.54965E+02
   0.25731E-01    0.82513E+00    0.97652E-01    0.54965E+02
   0.25731E-01    0.82513E+00    0.97652E-01    0.54965E+02
   0.25731E-01    0.82513E+00    0.97652E-01    0.54965E+02
   0.11249E-01    0.83687E+00    0.10820E+00    0.54176E+02
   0.11249E-01    0.83687E+00    0.10820E+00    0.54176E+02
   0.11249E-01    0.83687E+00    0.10820E+00    0.54176E+02
   0.11249E-01    0.83687E+00    0.10820E+00    0.54176E+02
   0.11249E-01    0.83687E+00    0.10820E+00    0.54176E+02
  -0.51892E-02    0.83527E+00    0.11396E+00    0.53122E+02
  -0.51892E-02    0.83527E+00    0.11396E+00    0.53122E+02
  -0.51892E-02    0.83527E+00    0.11396E+00    0.53122E+02
  -0.51892E-02    0.83527E+00    0.11396E+00    0.53122E+02
  -0.51892E-02    0.83527E+00    0.11396E+00    0.53122E+02
   0.54882E-02    0.83913E+00    0.85617E-01    0.53509E+02
   0.54882E-02    0.83913E+00    0.85617E-01    0.53509E+02
   0.54882E-02    0.83913E+00    0.85617E-01    0.53509E+02
   0.54882E-02    0.83913E+00    0.85617E-01    0.53509E+02
   0.54882E-02    0.83913E+00    0.85617E-01    0.53509E+02
   0.25041E-01    0.82187E+00    0.82928E-01    0.53104E+02
   0.25041E-01    0.82187E+00    0.82928E-01    0.53104E+02
   0.25041E-01    0.82187E+00    0.82928E-01    0.53104E+02
   0.25041E-01    0.82187E+00    0.82928E-01    0.53104E+02
   0.25041E-01    0.82187E+00    0.82928E-01    0.53104E+02
   0.21781E-01    0.81804E+00    0.10577E+00    0.54460E+02
   0.21781E-01    0.81804E+00    0.10577E+00    0.54460E+02
   0.21781E-01    0.81804E+00    0.10577E+00    0.54460E+02
   0.21781E-01    0.81804E+00    0.10577E+00    0.54460E+02
   0.21781E-01    0.81804E+00    0.10577E+00    0.54460E+02
   0.24995E-01    0.81533E+00    0.90991E-01    0.53401E+02
   0.24995E-01    0.81533E+00    0.90991E-01    0.53401E+02
   0.24995E-01    0.81533E+00    0.90991E-01    0.53401E+02
   0.24995E-01    0.81533E+00    0.90991E-01    0.53401E+02
   0.24995E-01    0.81533E+00    0.90991E-01    0.53401E+02
   0.13324E-01    0.81743E+00    0.10410E+00    0.53767E+02
   0.13324E-01    0.81743E+00    0.10410E+00    0.53767E+02
   0.13324E-01    0.81743E+00    0.10410E+00    0.53767E+02
   0.13324E-01    0.81743E+00    0.10410E+00    0.53767E+02
   0.13324E-01    0.81743E+00    0.10410E+00    0.53767E+02
   0.26149E-01    0.83556E+00    0.84720E-01    0.53715E+02
   0.26149E-01    0.83556E+00    0.84720E-01    0.53715E+02
   0.26149E-01    0.83556E+00    0.84720E-01    0.53715E+02
   0.26149E-01    0.83556E+00    0.84720E-01    0.53715E+02
   0.26149E-01    0.83556E+00    0.84720E-01    0.53715E+02
   0.21879E-01    0.84907E+00    0.98241E-01    0.53462E+02
   0.21879E-01    0.84907E+00    0.98241E-01    0.53462E+02
   0.21879E-01    0.84907E+00    0.98241E-01    0.53462E+02
   0.21879E-01    0.84907E+00    0.98241E-01    0.53462E+02
   0.21879E-01    0.84907E+00    0.98241E-01    0.53462E+02
   0.21533E-01    0.85734E+00    0.10929E+00    0.53887E+02
   0.21533E-01    0.85734E+00    0.10929E+00    0.53887E+02
   0.21533E-01    0.85734E+00    0.10929E+00    0.53887E+02
   0.21533E-01    0.85734E+00    0.10929E+00    0.53887E+02
   0.21533E-01    0.85734E+00    0.10929E+00    0.53887E+02
   0.49958E-02    0.86893E+00    0.10424E+00    0.54238E+02
   0.49958E-02    0.86893E+00    0.10424E+00    0.54238E+02
   0.49958E-02    0.86893E+00    0.10424E+00    0.54238E+02
   0.49958E-02    0.86893E+00    0.10424E+00    0.54238E+02
   0.49958E-02    0.86893E+00    0.10424E+00    0.54238E+02
   0.18175E-01    0.86193E+00    0.11351E+00    0.53846E+02
   0.18175E-01    0.86193E+00    0.11351E+00    0.53846E+02
   0.18175E-01    0.86193E+00    0.11351E+00    0.53846E+02
   0.18175E-01    0.86193E+00    0.11351E+00    0.53846E+02
   0.18175E-01    0.86193E+00    0.11351E+00    0.53846E+02
   0.19448E-01    0.85226E+00    0.97118E-01    0.53845E+02
   0.19448E-01    0.85226E+00    0.97118E-01    0.53845E+02
   0.19448E-01    0.85226E+00    0.97118E-01    0.53845E+02
   0.19448E-01    0.85226E+00    0.97118E-01    0.53845E+02
   0.19448E-01    0.85226E+00    0.97118E-01    0.53845E+02
   0.38996E-01    0.87766E+00    0.12573E+00    0.53741E+02
   0.38996E-01    0.87766E+00    0.12573E+00    0.53741E+02
   0.38996E-01    0.87766E+00    0.12573E+00    0.53741E+02
   0.38996E-01    0.87766E+00    0.12573E+00    0.53741E+02
   0.38996E-01    0.87766E+00    0.12573E+00    0.53741E+02
   0.40034E-02    0.86731E+00    0.10129E+00    0.53258E+02
   0.40034E-02    0.86731E+00    0.10129E+00    0.53258E+02
   0.40034E-02    0.86731E+00    0.10129E+00    0.53258E+02
   0.40034E-02    0.86731E+00    0.10129E+00    0.53258E+02
   0.40034E-02    0.86731E+00    0.10129E+00    0.53258E+02
   0.14253E-01    0.86198E+00    0.85798E-01    0.52713E+02
   0.14253E-01    0.86198E+00    0.85798E-01    0.52713E+02
   0.14253E-01    0.86198E+00    0.85798E-01    0.52713E+02
   0.14253E-01    0.86198E+00    0.85798E-01    0.52713E+02
   0.14253E-01    0.86198E+00    0.85798E-01    0.52713E+02
   0.30479E-01    0.86050E+00    0.89351E-01    0.54048E+02
   0.30479E-01    0.86050E+00    0.89351E-01    0.54048E+02
   0.30479E-01    0.86050E+00    0.89351E-01    0.54048E+02
   0.30479E-01    0.86050E+00    0.89351E-01    0.54048E+02
   0.30479E-01    0.86050E+00    0.89351E-01    0.54048E+02
   0.16177E-01    0.86461E+00    0.10971E+00    0.54411E+02
   0.16177E-01    0.86461E+00    0.10971E+00    0.54411E+02
   0.16177E-01    0.86461E+00    0.10971E+00    0.54411E+02
   0.16177E-01    0.86461E+00    0.10971E+00    0.54411E+02
   0.16177E-01    0.86461E+00    0.10971E+00    0.54411E+02
   0.21254E-01    0.84248E+00    0.87715E-01    0.53932E+02
   0.21254E-01    0.84248E+00    0.87715E-01    0.53932E+02
   0.21254E-01    0.84248E+00    0.87715E-01    0.53932E+02
   0.21254E-01    0.84248E+00    0.87715E-01    0.53932E+02
   0.21254E-01    0.84248E+00    0.87715E-01    0.53932E+02
   0.18965E-01    0.81727E+00    0.83540E-01    0.53536E+02
   0.18965E-01    0.81727E+00    0.83540E-01    0.53536E+02
   0.18965E-01    0.81727E+00    0.83540E-01    0.53536E+02
   0.18965E-01    0.81727E+00    0.83540E-01    0.53536E+02
   0.18965E-01    0.81727E+00    0.83540E-01    0.53536E+02
   0.38279E-01    0.83422E+00    0.11069E+00    0.54111E+02
   0.38279E-01    0.83422E+00    0.11069E+00    0.54111E+02
   0.38279E-01    0.83422E+00    0.11069E+00    0.54111E+02
   0.38279E-01    0.83422E+00    0.11069E+00    0.54111E+02
   0.38279E-01    0.83422E+00    0.11069E+00    0.54111E+02
   0.16843E-01    0.82399E+00    0.92333E-01    0.53462E+02
   0.16843E-01    0.82399E+00    0.92333E-01    0.53462E+02
   0.16843E-01    0.82399E+00    0.92333E-01    0.53462E+02
   0.16843E-01    0.82399E+00    0.92333E-01    0.53462E+02
   0.16843E-01    0.82399E+00    0.92333E-01    0.53462E+02
   0.24295E-01    0.81943E+00    0.83938E-01    0.54048E+02
   0.24295E-01    0.81943E+00    0.83938E-01    0.54048E+02
   0.24295E-01    0.81943E+00    0.83938E-01    0.54048E+02
   0.24295E-01    0.81943E+00    0.83938E-01    0.54048E+02
   0.24295E-01    0.81943E+00    0.83938E-01    0.54048E+02
   0.34596E-01    0.81698E+00    0.11118E+00    0.53412E+02
   0.34596E-01    0.81698E+00    0.11118E+00    0.53412E+02
   0.34596E-01    0.81698E+00    0.11118E+00    0.53412E+02
   0.34596E-01    0.81698E+00    0.11118E+00    0.53412E+02
   0.34596E-01    0.81698E+00    0.11118E+00    0.53412E+02
   0.26620E-01    0.82021E+00    0.92068E-01    0.53099E+02
   0.26620E-01    0.82021E+00    0.92068E-01    0.53099E+02
   0.26620E-01    0.82021E+00    0.92068E-01    0.53099E+02
   0.26620E-01    0.82021E+00    0.92068E-01    0.53099E+02
   0.26620E-01    0.82021E+00    0.92068E-01    0.53099E+02
   0.61483E-02    0.82509E+00    0.93912E-01    0.54637E+02
   0.61483E-02    0.82509E+00    0.93912E-01    0.54637E+02
   0.61483E-02    0.82509E+00    0.93912E-01    0.54637E+02
   0.61483E-02    0.82509E+00    0.93912E-01    0.54637E+02
   0.61483E-02    0.82509E+00    0.93912E-01    0.54637E+02
   0.35920E-01    0.85433E+00    0.10946E+00    0.53912E+02
   0.35920E-01    0.85433E+00    0.10946E+00    0.53912E+02
   0.35920E-01    0.85433E+00    0.10946E+00    0.53912E+02
   0.35920E-01    0.85433E+00    0.10946E+00    0.53912E+02
   0.35920E-01    0.85433E+00    0.10946E+00    0.53912E+02
   0.28528E-01    0.82251E+00    0.86417E-01    0.53824E+02
   0.28528E-01    0.82251E+00    0.86417E-01    0.53824E+02
   0.28528E-01    0.82251E+00    0.86417E-01    0.53824E+02
   0.28528E-01    0.82251E+00    0.86417E-01    0.53824E+02
   0.28528E-01    0.82251E+00    0.86417E-01    0.53824E+02
   0.26754E-01    0.84442E+00    0.93492E-01    0.54327E+02
   0.26754E-01    0.84442E+00    0.93492E-01    0.54327E+02
   0.26754E-01    0.84442E+00    0.93492E-01    0.54327E+02
   0.26754E-01    0.84442E+00    0.93492E-01    0.54327E+02
   0.26754E-01    0.84442E+00    0.93492E-01    0.54327E+02
   0.20227E-01    0.82367E+00    0.88202E-01    0.53018E+02
   0.20227E-01    0.82367E+00    0.88202E-01    0.53018E+02
   0.20227E-01    0.82367E+00    0.88202E-01    0.53018E+02
   0.20227E-01    0.82367E+00    0.88202E-01    0.53018E+02
   0.20227E-01    0.82367E+00    0.88202E-01    0.53018E+02
  -0.28573E-02    0.83692E+00    0.10221E+00    0.53585E+02
  -0.28573E-02    0.83692E+00    0.10221E+00    0.53585E+02
  -0.28573E-02    0.83692E+00    0.10221E+00    0.53585E+02
  -0.28573E-02    0.83692E+00    0.10221E+00    0.53585E+02
  -0.28573E-02    0.83692E+00    0.10221E+00    0.53585E+02
   0.11040E-01    0.83392E+00    0.11163E+00    0.53819E+02
   0.11040E-01    0.83392E+00    0.11163E+00    0.53819E+02
   0.11040E-01    0.83392E+00    0.11163E+00    0.53819E+02
   0.11040E-01    0.83392E+00    0.11163E+00    0.53819E+02
   0.11040E-01    0.83392E+00    0.11163E+00    0.53819E+02
   0.19215E-01    0.82166E+00    0.11068E+00    0.53699E+02
   0.19215E-01    0.82166E+00    0.11068E+00    0.53699E+02
   0.19215E-01    0.82166E+00    0.11068E+00    0.53699E+02
   0.19215E-01    0.82166E+00    0.11068E+00    0.53699E+02
   0.19215E-01    0.82166E+00    0.11068E+00    0.53699E+02
   0.15977E-01    0.82042E+00    0.99200E-01    0.53705E+02
   0.15977E-01    0.82042E+00    0.99200E-01    0.53705E+02
   0.15977E-01    0.82042E+00    0.99200E-01    0.53705E+02
   0.15977E-01    0.82042E+00    0.99200E-01    0.53705E+02
   0.15977E-01    0.82042E+00    0.99200E-01    0.53705E+02
   0.28262E-01    0.81480E+00    0.10290E+00    0.53272E+02
   0.28262E-01    0.81480E+00    0.10290E+00    0.53272E+02
   0.28262E-01    0.81480E+00    0.10290E+00    0.53272E+02
   0.28262E-01    0.81480E+00    0.10290E+00    0.53272E+02
   0.28262E-01    0.81480E+00    0.10290E+00    0.53272E+02
   0.30529E-01    0.79978E+00    0.87653E-01    0.53822E+02
   0.30529E-01    0.79978E+00    0.87653E-01    0.53822E+02
   0.30529E-01    0.79978E+00    0.87653E-01    0.53822E+02
   0.30529E-01    0.79978E+00    0.87653E-01    0.53822E+02
   0.30529E-01    0.79978E+00    0.87653E-01    0.53822E+02
  -0.19844E-02    0.79085E+00    0.86849E-01    0.53496E+02
  -0.19844E-02    0.79085E+00    0.86849E-01    0.53496E+02
  -0.19844E-02    0.79085E+00    0.86849E-01    0.53496E+02
  -0.19844E-02    0.79085E+00    0.86849E-01    0.53496E+02
  -0.19844E-02    0.79085E+00    0.86849E-01    0.53496E+02
   0.14961E-01    0.79175E+00    0.98597E-01    0.52906E+02
   0.14961E-01    0.79175E+00    0.98597E-01    0.52906E+02
   0.14961E-01    0.79175E+00    0.98597E-01    0.52906E+02
   0.14961E-01    0.79175E+00    0.98597E-01    0.52906E+02
   0.14961E-01    0.79175E+00    0.98597E-01    0.52906E+02
   0.44862E-02    0.80014E+00    0.88430E-01    0.54408E+02
   0.44862E-02    0.80014E+00    0.88430E-01    0.54408E+02
   0.44862E-02    0.80014E+00    0.88430E-01    0.54408E+02
   0.44862E-02    0.80014E+00    0.88430E-01    0.54408E+02
   0.44862E-02    0.80014E+00    0.88430E-01    0.54408E+02
   0.34525E-02    0.82723E+00    0.92039E-01    0.53656E+02
   0.34525E-02    0.82723E+00    0.92039E-01    0.53656E+02
   0.34525E-02    0.82723E+00    0.92039E-01    0.53656E+02
   0.34525E-02    0.82723E+00    0.92039E-01    0.53656E+02
   0.34525E-02    0.82723E+00    0.92039E-01    0.53656E+02
   0.19203E-01    0.82515E+00    0.98281E-01    0.53671E+02
   0.19203E-01    0.82515E+00    0.98281E-01    0.53671E+02
   0.19203E-01    0.82515E+00    0.98281E-01    0.53671E+02
   0.19203E-01    0.82515E+00    0.98281E-01    0.53671E+02
   0.19203E-01    0.82515E+00    0.98281E-01    0.53671E+02
   0.15900E-01    0.83929E+00    0.87640E-01    0.53661E+02
   0.15900E-01    0.83929E+00    0.87640E-01    0.53661E+02
   0.15900E-01    0.83929E+00    0.87640E-01    0.53661E+02
   0.15900E-01    0.83929E+00    0.87640E-01    0.53661E+02
   0.15900E-01    0.83929E+00    0.87640E-01    0.53661E+02
   0.21837E-01    0.84627E+00    0.11368E+00    0.53616E+02
   0.21837E-01    0.84627E+00    0.11368E+00    0.53616E+02
   0.21837E-01    0.84627E+00    0.11368E+00    0.53616E+02
   0.21837E-01    0.84627E+00    0.11368E+00    0.53616E+02
   0.21837E-01    0.84627E+00    0.11368E+00    0.53616E+02
   0.23629E-01    0.84353E+00    0.10301E+00    0.53727E+02
   0.23629E-01    0.84353E+00    0.10301E+00    0.53727E+02
   0.23629E-01    0.84353E+00    0.10301E+00    0.53727E+02
   0.23629E-01    0.84353E+00    0.10301E+00    0.53727E+02
   0.23629E-01    0.84353E+00    0.10301E+00    0.53727E+02
   0.12723E-01    0.86282E+00    0.97818E-01    0.53361E+02
   0.12723E-01    0.86282E+00    0.97818E-01    0.53361E+02
   0.12723E-01    0.86282E+00    0.97818E-01    0.53361E+02
   0.12723E-01    0.86282E+00    0.97818E-01    0.53361E+02
   0.12723E-01    0.86282E+00    0.97818E-01    0.53361E+02
   0.29711E-01    0.84913E+00    0.97470E-01    0.53756E+02
   0.29711E-01    0.84913E+00    0.97470E-01    0.53756E+02
   0.29711E-01    0.84913E+00    0.97470E-01    0.53756E+02
   0.29711E-01    0.84913E+00    0.97470E-01    0.53756E+02
   0.29711E-01    0.84913E+00    0.97470E-01    0.53756E+02
   0.12196E-01    0.87993E+00    0.94987E-01    0.54353E+02
   0.12196E-01    0.87993E+00    0.94987E-01    0.54353E+02
   0.12196E-01    0.87993E+00    0.94987E-01    0.54353E+02
   0.12196E-01    0.87993E+00    0.94987E-01    0.54353E+02
   0.12196E-01    0.87993E+00    0.94987E-01    0.54353E+02
   0.20829E-01    0.87399E+00    0.88419E-01    0.53874E+02
   0.20829E-01    0.87399E+00    0.88419E-01    0.53874E+02
   0.20829E-01    0.87399E+00    0.88419E-01    0.53874E+02
   0.20829E-01    0.87399E+00    0.88419E-01    0.53874E+02
   0.20829E-01    0.87399E+00    0.88419E-01    0.53874E+02
   0.25417E-01    0.85356E+00    0.10204E+00    0.53966E+02
   0.25417E-01    0.85356E+00    0.10204E+00    0.53966E+02
   0.25417E-01    0.85356E+00    0.10204E+00    0.53966E+02
   0.25417E-01    0.85356E+00    0.10204E+00    0.53966E+02
   0.25417E-01    0.85356E+00    0.10204E+00    0.53966E+02
   0.23548E-01    0.85752E+00    0.87488E-01    0.53932E+02
   0.23548E-01    0.85752E+00    0.87488E-01    0.53932E+02
   0.23548E-01    0.85752E+00    0.87488E-01    0.53932E+02
   0.23548E-01    0.85752E+00    0.87488E-01    0.53932E+02
   0.23548E-01    0.85752E+00    0.87488E-01    0.53932E+02
   0.65039E-02    0.84802E+00    0.85659E-01    0.53692E+02
   0.65039E-02    0.84802E+00    0.85659E-01    0.53692E+02
   0.65039E-02    0.84802E+00    0.85659E-01    0.53692E+02
   0.65039E-02    0.84802E+00    0.85659E-01    0.53692E+02
   0.65039E-02    0.84802E+00    0.85659E-01    0.53692E+02
   0.18121E-01    0.87394E+00    0.11587E+00    0.53338E+02
   0.18121E-01    0.87394E+00    0.11587E+00    0.53338E+02
   0.18121E-01    0.87394E+00    0.11587E+00    0.53338E+02
   0.18121E-01    0.87394E+00    0.11587E+00    0.53338E+02
   0.18121E-01    0.87394E+00    0.11587E+00    0.53338E+02
   0.24304E-01    0.83027E+00    0.84748E-01    0.53761E+02
   0.24304E-01    0.83027E+00    0.84748E-01    0.53761E+02
   0.24304E-01    0.83027E+00    0.84748E-01    0.53761E+02
   0.24304E-01    0.83027E+00    0.84748E-01    0.53761E+02
   0.24304E-01    0.83027E+00    0.84748E-01    0.53761E+02
   0.14832E-01    0.83139E+00    0.94219E-01    0.52805E+02
   0.14832E-01    0.83139E+00    0.94219E-01    0.52805E+02
   0.14832E-01    0.83139E+00    0.94219E-01    0.52805E+02
   0.14832E-01    0.83139E+00    0.94219E-01    0.52805E+02
   0.14832E-01    0.83139E+00    0.94219E-01    0.52805E+02
   0.11046E-01    0.84634E+00    0.98537E-01    0.53552E+02
   0.11046E-01    0.84634E+00    0.98537E-01    0.53552E+02
   0.11046E-01    0.84634E+00    0.98537E-01    0.53552E+02
   0.11046E-01    0.84634E+00    0.98537E-01    0.53552E+02
   0.11046E-01    0.84634E+00    0.98537E-01    0.53552E+02
   0.51261E-02    0.82704E+00    0.99608E-01    0.54571E+02
   0.51261E-02    0.82704E+00    0.99608E-01    0.54571E+02
   0.51261E-02    0.82704E+00    0.99608E-01    0.54571E+02
   0.51261E-02    0.82704E+00    0.99608E-01    0.54571E+02
   0.51261E-02    0.82704E+00    0.99608E-01    0.54571E+02
   0.20295E-01    0.82477E+00    0.98293E-01    0.54362E+02
   0.20295E-01    0.82477E+00    0.98293E-01    0.54362E+02
   0.20295E-01    0.82477E+00    0.98293E-01    0.54362E+02
   0.20295E-01    0.82477E+00    0.98293E-01    0.54362E+02
   0.20295E-01    0.82477E+00    0.98293E-01    0.54362E+02
   0.40622E-01    0.82627E+00    0.96092E-01    0.53003E+02
   0.40622E-01    0.82627E+00    0.96092E-01    0.53003E+02
   0.40622E-01    0.82627E+00    0.96092E-01    0.53003E+02
   0.40622E-01    0.82627E+00    0.96092E-01    0.53003E+02
   0.40622E-01    0.82627E+00    0.96092E-01    0.53003E+02
   0.17482E-01    0.81348E+00    0.90319E-01    0.53020E+02
   0.17482E-01    0.81348E+00    0.90319E-01    0.53020E+02
   0.17482E-01    0.81348E+00    0.90319E-01    0.53020E+02
   0.17482E-01    0.81348E+00    0.90319E-01    0.53020E+02
   0.17482E-01    0.81348E+00    0.90319E-01    0.53020E+02
   0.18342E-01    0.83536E+00    0.95011E-01    0.53570E+02
   0.18342E-01    0.83536E+00    0.95011E-01    0.53570E+02
   0.18342E-01    0.83536E+00    0.95011E-01    0.53570E+02
   0.18342E-01    0.83536E+00    0.95011E-01    0.53570E+02
   0.18342E-01    0.83536E+00    0.95011E-01    0.53570E+02
   0.14591E-02    0.83082E+00    0.91463E-01    0.53247E+02
   0.14591E-02    0.83082E+00    0.91463E-01    0.53247E+02
   0.14591E-02    0.83082E+00    0.91463E-01    0.53247E+02
   0.14591E-02    0.83082E+00    0.91463E-01    0.53247E+02
   0.14591E-02    0.83082E+00    0.91463E-01    0.53247E+02
   0.87791E-02    0.83195E+00    0.10319E+00    0.53362E+02
   0.87791E-02    0.83195E+00    0.10319E+00    0.53362E+02
   0.87791E-02    0.83195E+00    0.10319E+00    0.53362E+02
   0.87791E-02    0.83195E+00    0.10319E+00    0.53362E+02
   0.87791E-02    0.83195E+00    0.10319E+00    0.53362E+02
   0.22064E-01    0.82467E+00    0.12262E+00    0.53363E+02
   0.22064E-01    0.82467E+00    0.12262E+00    0.53363E+02
   0.22064E-01    0.82467E+00    0.12262E+00    0.53363E+02
   0.22064E-01    0.82467E+00    0.12262E+00    0.53363E+02
   0.22064E-01    0.82467E+00    0.12262E+00    0.53363E+02
   0.17190E-01    0.83126E+00    0.92074E-01    0.53491E+02
   0.17190E-01    0.83126E+00    0.92074E-01    0.53491E+02
   0.17190E-01    0.83126E+00    0.92074E-01    0.53491E+02
   0.17190E-01    0.83126E+00    0.92074E-01    0.53491E+02
   0.17190E-01    0.83126E+00    0.92074E-01    0.53491E+02
   0.29750E-01    0.82440E+00    0.92538E-01    0.53973E+02
   0.29750E-01    0.82440E+00    0.92538E-01    0.53973E+02
   0.29750E-01    0.82440E+00    0.92538E-01    0.53973E+02
   0.29750E-01    0.82440E+00    0.92538E-01    0.53973E+02
   0.29750E-01    0.82440E+00    0.92538E-01    0.53973E+02
   0.24854E-01    0.82201E+00    0.10898E+00    0.53027E+02
   0.24854E-01    0.82201E+00    0.10898E+00    0.53027E+02
   0.24854E-01    0.82201E+00    0.10898E+00    0.53027E+02
   0.24854E-01    0.82201E+00    0.10898E+00    0.53027E+02
   0.24854E-01    0.82201E+00    0.10898E+00    0.53027E+02
   0.13202E-01    0.84534E+00    0.93648E-01    0.53476E+02
   0.13202E-01    0.84534E+00    0.93648E-01    0.53476E+02
   0.13202E-01    0.84534E+00    0.93648E-01    0.53476E+02
   0.13202E-01    0.84534E+00    0.93648E-01    0.53476E+02
   0.13202E-01    0.84534E+00    0.93648E-01    0.53476E+02
   0.14529E-01    0.82469E+00    0.88295E-01    0.53384E+02
   0.14529E-01    0.82469E+00    0.88295E-01    0.53384E+02
   0.14529E-01    0.82469E+00    0.88295E-01    0.53384E+02
   0.14529E-01    0.82469E+00    0.88295E-01    0.53384E+02
   0.14529E-01    0.82469E+00    0.88295E-01    0.53384E+02
   0.88523E-02    0.84869E+00    0.12239E+00    0.53704E+02
   0.88523E-02    0.84869E+00    0.12239E+00    0.53704E+02
   0.88523E-02    0.84869E+00    0.12239E+00    0.53704E+02
   0.88523E-02    0.84869E+00    0.12239E+00    0.53704E+02
   0.88523E-02    0.84869E+00    0.12239E+00    0.53704E+02
   0.18555E-01    0.83626E+00    0.93351E-01    0.53740E+02
   0.18555E-01    0.83626E+00    0.93351E-01    0.53740E+02
   0.18555E-01    0.83626E+00    0.93351E-01    0.53740E+02
   0.18555E-01    0.83626E+00    0.93351E-01    0.53740E+02
   0.18555E-01    0.83626E+00    0.93351E-01    0.53740E+02
   0.12012E-01    0.85751E+00    0.11058E+00    0.53847E+02
   0.12012E-01    0.85751E+00    0.11058E+00    0.53847E+02
   0.12012E-01    0.85751E+00    0.11058E+00    0.53847E+02
   0.12012E-01    0.85751E+00    0.11058E+00    0.53847E+02
   0.12012E-01    0.85751E+00    0.11058E+00    0.53847E+02
   0.10709E-01    0.82550E+00    0.11658E+00    0.53235E+02
   0.10709E-01    0.82550E+00    0.11658E+00    0.53235E+02
   0.10709E-01    0.82550E+00    0.11658E+00    0.53235E+02
   0.10709E-01    0.82550E+00    0.11658E+00    0.53235E+02
   0.10709E-01    0.82550E+00    0.11658E+00    0.53235E+02
   0.22904E-01    0.83837E+00    0.98770E-01    0.54612E+02
   0.22904E-01    0.83837E+00    0.98770E-01    0.54612E+02
   0.22904E-01    0.83837E+00    0.98770E-01    0.54612E+02
   0.22904E-01    0.83837E+00    0.98770E-01    0.54612E+02
   0.22904E-01    0.83837E+00    0.98770E-01    0.54612E+02
   0.21055E-01    0.83093E+00    0.10670E+00    0.53259E+02
   0.21055E-01    0.83093E+00    0.10670E+00    0.53259E+02
   0.21055E-01    0.83093E+00    0.10670E+00    0.53259E+02
   0.21055E-01    0.83093E+00    0.10670E+00    0.53259E+02
   0.21055E-01    0.83093E+00    0.10670E+00    0.53259E+02
   0.94174E-02    0.84159E+00    0.94953E-01    0.53422E+02
   0.94174E-02    0.84159E+00    0.94953E-01    0.53422E+02
   0.94174E-02    0.84159E+00    0.94953E-01    0.53422E+02
   0.94174E-02    0.84159E+00    0.94953E-01    0.53422E+02
   0.94174E-02    0.84159E+00    0.94953E-01    0.53422E+02
   0.93489E-02    0.83114E+00    0.90740E-01    0.53458E+02
   0.93489E-02    0.83114E+00    0.90740E-01    0.53458E+02
   0.93489E-02    0.83114E+00    0.90740E-01    0.53458E+02
   0.93489E-02    0.83114E+00    0.90740E-01    0.53458E+02
   0.93489E-02    0.83114E+00    0.90740E-01    0.53458E+02
   0.36585E-02    0.83982E+00    0.79015E-01    0.53550E+02
   0.36585E-02    0.83982E+00    0.79015E-01    0.53550E+02
   0.36585E-02    0.83982E+00    0.79015E-01    0.53550E+02
   0.36585E-02    0.83982E+00    0.79015E-01    0.53550E+02
   0.36585E-02    0.83982E+00    0.79015E-01    0.53550E+02
   0.25054E-01    0.83456E+00    0.81165E-01    0.53994E+02
   0.25054E-01    0.83456E+00    0.81165E-01    0.53994E+02
   0.25054E-01    0.83456E+00    0.81165E-01    0.53994E+02
   0.25054E-01    0.83456E+00    0.81165E-01    0.53994E+02
   0.25054E-01    0.83456E+00    0.81165E-01    0.53994E+02
   0.20749E-01    0.82881E+00    0.99583E-01    0.52640E+02
   0.20749E-01    0.82881E+00    0.99583E-01    0.52640E+02
   0.20749E-01    0.82881E+00    0.99583E-01    0.52640E+02
   0.20749E-01    0.82881E+00    0.99583E-01    0.52640E+02
   0.20749E-01    0.82881E+00    0.99583E-01    0.52640E+02
   0.38217E-01    0.83115E+00    0.10523E+00    0.53890E+02
   0.38217E-01    0.83115E+00    0.10523E+00    0.53890E+02
   0.38217E-01    0.83115E+00    0.10523E+00    0.53890E+02
   0.38217E-01    0.83115E+00    0.10523E+00    0.53890E+02
   0.38217E-01    0.83115E+00    0.10523E+00    0.53890E+02
   0.12281E-01    0.80697E+00    0.92461E-01    0.53225E+02
   0.12281E-01    0.80697E+00    0.92461E-01    0.53225E+02
   0.12281E-01    0.80697E+00    0.92461E-01    0.53225E+02
   0.12281E-01    0.80697E+00    0.92461E-01    0.53225E+02
   0.12281E-01    0.80697E+00    0.92461E-01    0.53225E+02
   0.10728E-01    0.82256E+00    0.10199E+00    0.53764E+02
   0.10728E-01    0.82256E+00    0.10199E+00    0.53764E+02
   0.10728E-01    0.82256E+00    0.10199E+00    0.53764E+02
   0.10728E-01    0.82256E+00    0.10199E+00    0.53764E+02
   0.10728E-01    0.82256E+00    0.10199E+00    0.53764E+02
   0.19055E-01    0.80771E+00    0.92041E-01    0.54466E+02
   0.19055E-01    0.80771E+00    0.92041E-01    0.54466E+02
   0.19055E-01    0.80771E+00    0.92041E-01    0.54466E+02
   0.19055E-01    0.80771E+00    0.92041E-01    0.54466E+02
   0.19055E-01    0.80771E+00    0.92041E-01    0.54466E+02
   0.32864E-02    0.82090E+00    0.10131E+00    0.54289E+02
   0.32864E-02    0.82090E+00    0.10131E+00    0.54289E+02
   0.32864E-02    0.82090E+00    0.10131E+00    0.54289E+02
   0.32864E-02    0.82090E+00    0.10131E+00    0.54289E+02
   0.32864E-02    0.82090E+00    0.10131E+00    0.54289E+02
   0.27304E-01    0.81011E+00    0.10572E+00    0.53757E+02
   0.27304E-01    0.81011E+00    0.10572E+00    0.53757E+02
   0.27304E-01    0.81011E+00    0.10572E+00    0.53757E+02
   0.27304E-01    0.81011E+00    0.10572E+00    0.53757E+02
   0.27304E-01    0.81011E+00    0.10572E+00    0.53757E+02
   0.13656E-01    0.84118E+00    0.10449E+00    0.53006E+02
   0.13656E-01    0.84118E+00    0.10449E+00    0.53006E+02
   0.13656E-01    0.84118E+00    0.10449E+00    0.53006E+02
   0.13656E-01    0.84118E+00    0.10449E+00    0.53006E+02
   0.13656E-01    0.84118E+00    0.10449E+00    0.53006E+02
   0.26898E-01    0.86160E+00    0.10949E+00    0.53722E+02
   0.26898E-01    0.86160E+00    0.10949E+00    0.53722E+02
   0.26898E-01    0.86160E+00    0.10949E+00    0.53722E+02
   0.26898E-01    0.86160E+00    0.10949E+00    0.53722E+02
   0.26898E-01    0.86160E+00    0.10949E+00    0.53722E+02
   0.21150E-01    0.85963E+00    0.97178E-01    0.54112E+02
   0.21150E-01    0.85963E+00    0.97178E-01    0.54112E+02
   0.21150E-01    0.85963E+00    0.97178E-01    0.54112E+02
   0.21150E-01    0.85963E+00    0.97178E-01    0.54112E+02
   0.21150E-01    0.85963E+00    0.97178E-01    0.54112E+02
   0.16332E-01    0.86277E+00    0.10891E+00    0.53258E+02
   0.16332E-01    0.86277E+00    0.10891E+00    0.53258E+02
   0.16332E-01    0.86277E+00    0.10891E+00    0.53258E+02
   0.16332E-01    0.86277E+00    0.10891E+00    0.53258E+02
   0.16332E-01    0.86277E+00    0.10891E+00    0.53258E+02
   0.48699E-02    0.86013E+00    0.10806E+00    0.54199E+02
   0.48699E-02    0.86013E+00    0.10806E+00    0.54199E+02
   0.48699E-02    0.86013E+00    0.10806E+00    0.54199E+02
   0.48699E-02    0.86013E+00    0.10806E+00    0.54199E+02
   0.48699E-02    0.86013E+00    0.10806E+00    0.54199E+02
   0.20990E-01    0.86020E+00    0.90080E-01    0.53383E+02
   0.20990E-01    0.86020E+00    0.90080E-01    0.53383E+02
   0.20990E-01    0.86020E+00    0.90080E-01    0.53383E+02
   0.20990E-01    0.86020E+00    0.90080E-01    0.53383E+02
   0.20990E-01    0.86020E+00    0.90080E-01    0.53383E+02
   0.12277E-01    0.83777E+00    0.97168E-01    0.53667E+02
   0.12277E-01    0.83777E+00    0.97168E-01    0.53667E+02
   0.12277E-01    0.83777E+00    0.97168E-01    0.53667E+02
   0.12277E-01    0.83777E+00    0.97168E-01    0.53667E+02
   0.12277E-01    0.83777E+00    0.97168E-01    0.53667E+02
   0.14196E-01    0.85314E+00    0.10092E+00    0.54548E+02
   0.14196E-01    0.85314E+00    0.10092E+00    0.54548E+02
   0.14196E-01    0.85314E+00    0.10092E+00    0.54548E+02
   0.14196E-01    0.85314E+00    0.10092E+00    0.54548E+02
   0.14196E-01    0.85314E+00    0.10092E+00    0.54548E+02
   0.14229E-01    0.82101E+00    0.87879E-01    0.53198E+02
   0.14229E-01    0.82101E+00    0.87879E-01    0.53198E+02
   0.14229E-01    0.82101E+00    0.87879E-01    0.53198E+02
   0.14229E-01    0.82101E+00    0.87879E-01    0.53198E+02
   0.14229E-01    0.82101E+00    0.87879E-01    0.53198E+02
   0.60377E-03    0.84322E+00    0.86440E-01    0.53228E+02
   0.60377E-03    0.84322E+00    0.86440E-01    0.53228E+02
   0.60377E-03    0.84322E+00    0.86440E-01    0.53228E+02
   0.60377E-03    0.84322E+00    0.86440E-01    0.53228E+02
   0.60377E-03    0.84322E+00    0.86440E-01    0.53228E+02
  -0.12442E-03    0.83827E+00    0.92668E-01    0.53516E+02
  -0.12442E-03    0.83827E+00    0.92668E-01    0.53516E+02
  -0.12442E-03    0.83827E+00    0.92668E-01    0.53516E+02
  -0.12442E-03    0.83827E+00    0.92668E-01    0.53516E+02
  -0.12442E-03    0.83827E+00    0.92668E-01    0.53516E+02
   0.92519E-03    0.83104E+00    0.10615E+00    0.54172E+02
   0.92519E-03    0.83104E+00    0.10615E+00    0.54172E+02
   0.92519E-03    0.83104E+00    0.10615E+00    0.54172E+02
   0.92519E-03    0.83104E+00    0.10615E+00    0.54172E+02
   0.92519E-03    0.83104E+00    0.10615E+00    0.54172E+02
   0.24410E-01    0.81695E+00    0.10574E+00    0.53135E+02
   0.24410E-01    0.81695E+00    0.10574E+00    0.53135E+02
   0.24410E-01    0.81695E+00    0.10574E+00    0.53135E+02
   0.24410E-01    0.81695E+00    0.10574E+00    0.53135E+02
   0.24410E-01    0.81695E+00    0.10574E+00    0.53135E+02
   0.28783E-02    0.81515E+00    0.10741E+00    0.53959E+02
   0.28783E-02    0.81515E+00    0.10741E+00    0.53959E+02
   0.28783E-02    0.81515E+00    0.10741E+00    0.53959E+02
   0.28783E-02    0.81515E+00    0.10741E+00    0.53959E+02
   0.28783E-02    0.81515E+00    0.10741E+00    0.53959E+02
   0.43550E-02    0.81240E+00    0.92709E-01    0.53360E+02
   0.43550E-02    0.81240E+00    0.92709E-01    0.53360E+02
   0.43550E-02    0.81240E+00    0.92709E-01    0.53360E+02
   0.43550E-02    0.81240E+00    0.92709E-01    0.53360E+02
   0.43550E-02    0.81240E+00    0.92709E-01    0.53360E+02
   0.34833E-03    0.82646E+00    0.88066E-01    0.53977E+02
   0.34833E-03    0.82646E+00    0.88066E-01    0.53977E+02
   0.34833E-03    0.82646E+00    0.88066E-01    0.53977E+02
   0.34833E-03    0.82646E+00    0.88066E-01    0.53977E+02
   0.34833E-03    0.82646E+00    0.88066E-01    0.53977E+02
   0.25882E-01    0.84480E+00    0.86766E-01    0.52891E+02
   0.25882E-01    0.84480E+00    0.86766E-01    0.52891E+02
   0.25882E-01    0.84480E+00    0.86766E-01    0.52891E+02
   0.25882E-01    0.84480E+00    0.86766E-01    0.52891E+02
   0.25882E-01    0.84480E+00    0.86766E-01    0.52891E+02
   0.26616E-01    0.86102E+00    0.11325E+00    0.53141E+02
   0.26616E-01    0.86102E+00    0.11325E+00    0.53141E+02
   0.26616E-01    0.86102E+00    0.11325E+00    0.53141E+02
   0.26616E-01    0.86102E+00    0.11325E+00    0.53141E+02
   0.26616E-01    0.86102E+00    0.11325E+00    0.53141E+02
   0.11594E-01    0.84499E+00    0.11002E+00    0.52756E+02
   0.11594E-01    0.84499E+00    0.11002E+00    0.52756E+02
   0.11594E-01    0.84499E+00    0.11002E+00    0.52756E+02
   0.11594E-01    0.84499E+00    0.11002E+00    0.52756E+02
   0.11594E-01    0.84499E+00    0.11002E+00    0.52756E+02
  -0.33036E-02    0.85473E+00    0.77703E-01    0.53744E+02
  -0.33036E-02    0.85473E+00    0.77703E-01    0.53744E+02
  -0.33036E-02    0.85473E+00    0.77703E-01    0.53744E+02
  -0.33036E-02    0.85473E+00    0.77703E-01    0.53744E+02
  -0.33036E-02    0.85473E+00    0.77703E-01    0.53744E+02
  -0.20552E-02    0.85611E+00    0.10364E+00    0.54052E+02
  -0.20552E-02    0.85611E+00    0.10364E+00    0.54052E+02
  -0.20552E-02    0.85611E+00    0.10364E+00    0.54052E+02
  -0.20552E-02    0.85611E+00    0.10364E+00    0.54052E+02
  -0.20552E-02    0.85611E+00    0.10364E+00    0.54052E+02
   0.77230E-02    0.84895E+00    0.86752E-01    0.55051E+02
   0.77230E-02    0.84895E+00    0.86752E-01    0.55051E+02
   0.77230E-02    0.84895E+00    0.86752E-01    0.55051E+02
   0.77230E-02    0.84895E+00    0.86752E-01    0.55051E+02
   0.77230E-02    0.84895E+00    0.86752E-01    0.55051E+02
   0.37563E-01    0.85601E+00    0.92357E-01    0.54545E+02
   0.37563E-01    0.85601E+00    0.92357E-01    0.54545E+02
   0.37563E-01    0.85601E+00    0.92357E-01    0.54545E+02
   0.37563E-01    0.85601E+00    0.92357E-01    0.54545E+02
   0.37563E-01    0.85601E+00    0.92357E-01    0.54545E+02
   0.51574E-02    0.85795E+00    0.89878E-01    0.54568E+02
   0.51574E-02    0.85795E+00    0.89878E-01    0.54568E+02
   0.51574E-02    0.85795E+00    0.89878E-01    0.54568E+02
   0.51574E-02    0.85795E+00    0.89878E-01    0.54568E+02
   0.51574E-02    0.85795E+00    0.89878E-01    0.54568E+02
   0.14477E-01    0.83586E+00    0.10005E+00    0.53266E+02
   0.14477E-01    0.83586E+00    0.10005E+00    0.53266E+02
   0.14477E-01    0.83586E+00    0.10005E+00    0.53266E+02
   0.14477E-01    0.83586E+00    0.10005E+00    0.53266E+02
   0.14477E-01    0.83586E+00    0.10005E+00    0.53266E+02
   0.17803E-01    0.81599E+00    0.91030E-01    0.53336E+02
   0.17803E-01    0.81599E+00    0.91030E-01    0.53336E+02
   0.17803E-01    0.81599E+00    0.91030E-01    0.53336E+02
   0.17803E-01    0.81599E+00    0.91030E-01    0.53336E+02
   0.17803E-01    0.81599E+00    0.91030E-01    0.53336E+02
   0.17088E-01    0.82059E+00    0.86160E-01    0.53327E+02
   0.17088E-01    0.82059E+00    0.86160E-01    0.53327E+02
   0.17088E-01    0.82059E+00    0.86160E-01    0.53327E+02
   0.17088E-01    0.82059E+00    0.86160E-01    0.53327E+02
   0.17088E-01    0.82059E+00    0.86160E-01    0.53327E+02
   0.62342E-02    0.80710E+00    0.82564E-01    0.53927E+02
   0.62342E-02    0.80710E+00    0.82564E-01    0.53927E+02
   0.62342E-02    0.80710E+00    0.82564E-01    0.53927E+02
   0.62342E-02    0.80710E+00    0.82564E-01    0.53927E+02
   0.62342E-02    0.80710E+00    0.82564E-01    0.53927E+02
   0.65039E-02    0.79719E+00    0.94350E-01    0.52780E+02
   0.65039E-02    0.79719E+00    0.94350E-01    0.52780E+02
   0.65039E-02    0.79719E+00    0.94350E-01    0.52780E+02
   0.65039E-02    0.79719E+00    0.94350E-01    0.52780E+02
   0.65039E-02    0.79719E+00    0.94350E-01    0.52780E+02
   0.16995E-01    0.78850E+00    0.94440E-01    0.54030E+02
   0.16995E-01    0.78850E+00    0.94440E-01    0.54030E+02
   0.16995E-01    0.78850E+00    0.94440E-01    0.54030E+02
   0.16995E-01    0.78850E+00    0.94440E-01    0.54030E+02
   0.16995E-01    0.78850E+00    0.94440E-01    0.54030E+02
   0.99486E-02    0.79737E+00    0.83263E-01    0.54794E+02
   0.99486E-02    0.79737E+00    0.83263E-01    0.54794E+02
   0.99486E-02    0.79737E+00    0.83263E-01    0.54794E+02
   0.99486E-02    0.79737E+00    0.83263E-01    0.54794E+02
   0.99486E-02    0.79737E+00    0.83263E-01    0.54794E+02
   0.87548E-02    0.81029E+00    0.10322E+00    0.53444E+02
   0.87548E-02    0.81029E+00    0.10322E+00    0.53444E+02
   0.87548E-02    0.81029E+00    0.10322E+00    0.53444E+02
   0.87548E-02    0.81029E+00    0.10322E+00    0.53444E+02
   0.87548E-02    0.81029E+00    0.10322E+00    0.53444E+02
   0.19066E-01    0.80085E+00    0.94482E-01    0.53592E+02
   0.19066E-01    0.80085E+00    0.94482E-01    0.53592E+02
   0.19066E-01    0.80085E+00    0.94482E-01    0.53592E+02
   0.19066E-01    0.80085E+00    0.94482E-01    0.53592E+02
   0.19066E-01    0.80085E+00    0.94482E-01    0.53592E+02
   0.28326E-01    0.82854E+00    0.10654E+00    0.53814E+02
   0.28326E-01    0.82854E+00    0.10654E+00    0.53814E+02
   0.28326E-01    0.82854E+00    0.10654E+00    0.53814E+02
   0.28326E-01    0.82854E+00    0.10654E+00    0.53814E+02
   0.28326E-01    0.82854E+00    0.10654E+00    0.53814E+02
   0.12957E-01    0.85392E+00    0.10618E+00    0.53111E+02
   0.12957E-01    0.85392E+00    0.10618E+00    0.53111E+02
   0.12957E-01    0.85392E+00    0.10618E+00    0.53111E+02
   0.12957E-01    0.85392E+00    0.10618E+00    0.53111E+02
   0.12957E-01    0.85392E+00    0.10618E+00    0.53111E+02
   0.17105E-01    0.86051E+00    0.10431E+00    0.54222E+02
   0.17105E-01    0.86051E+00    0.10431E+00    0.54222E+02
   0.17105E-01    0.86051E+00    0.10431E+00    0.54222E+02
   0.17105E-01    0.86051E+00    0.10431E+00    0.54222E+02
   0.17105E-01    0.86051E+00    0.10431E+00    0.54222E+02
   0.12324E-01    0.87946E+00    0.10630E+00    0.54888E+02
   0.12324E-01    0.87946E+00    0.10630E+00    0.54888E+02
   0.12324E-01    0.87946E+00    0.10630E+00    0.54888E+02
   0.12324E-01    0.87946E+00    0.10630E+00    0.54888E+02
   0.12324E-01    0.87946E+00    0.10630E+00    0.54888E+02
   0.14530E-01    0.86605E+00    0.10591E+00    0.53394E+02
   0.14530E-01    0.86605E+00    0.10591E+00    0.53394E+02
   0.14530E-01    0.86605E+00    0.10591E+00    0.53394E+02
   0.14530E-01    0.86605E+00    0.10591E+00    0.53394E+02
   0.14530E-01    0.86605E+00    0.10591E+00    0.53394E+02
   0.14551E-01    0.88512E+00    0.87431E-01    0.53404E+02
   0.14551E-01    0.88512E+00    0.87431E-01    0.53404E+02
   0.14551E-01    0.88512E+00    0.87431E-01    0.53404E+02
   0.14551E-01    0.88512E+00    0.87431E-01    0.53404E+02
   0.14551E-01    0.88512E+00    0.87431E-01    0.53404E+02
   0.11377E-01    0.86532E+00    0.97746E-01    0.52539E+02
   0.11377E-01    0.86532E+00    0.97746E-01    0.52539E+02
   0.11377E-01    0.86532E+00    0.97746E-01    0.52539E+02
   0.11377E-01    0.86532E+00    0.97746E-01    0.52539E+02
   0.11377E-01    0.86532E+00    0.97746E-01    0.52539E+02
   0.21518E-01    0.83975E+00    0.10224E+00    0.53944E+02
   0.21518E-01    0.83975E+00    0.10224E+00    0.53944E+02
   0.21518E-01    0.83975E+00    0.10224E+00    0.53944E+02
   0.21518E-01    0.83975E+00    0.10224E+00    0.53944E+02
   0.21518E-01    0.83975E+00    0.10224E+00    0.53944E+02
