   0.47287E+02    0.41102E+02    0.17540E+02    0.50000E+02
   0.47461E+02    0.40521E+02    0.19272E+02    0.50000E+02
   0.47610E+02    0.41014E+02    0.20188E+02    0.50000E+02
   0.47532E+02    0.41109E+02    0.17438E+02    0.50000E+02
   0.47291E+02    0.40984E+02    0.18027E+02    0.50000E+02
   0.47350E+02    0.41043E+02    0.17926E+02    0.50000E+02
   0.47532E+02    0.40744E+02    0.18682E+02    0.50000E+02
   0.47624E+02    0.41634E+02    0.20686E+02    0.50000E+02
   0.47306E+02    0.40763E+02    0.21196E+02    0.50000E+02
   0.47257E+02    0.40624E+02    0.19040E+02    0.50000E+02
   0.47352E+02    0.41318E+02    0.18139E+02    0.50000E+02
   0.47440E+02    0.40678E+02    0.17512E+02    0.50000E+02
   0.47414E+02    0.41313E+02    0.18172E+02    0.50000E+02
   0.47262E+02    0.40657E+02    0.17275E+02    0.50000E+02
   0.47378E+02    0.41123E+02    0.15032E+02    0.50000E+02
   0.47410E+02    0.41361E+02    0.18203E+02    0.50000E+02
   0.47257E+02    0.42136E+02    0.18123E+02    0.50000E+02
   0.47175E+02    0.41111E+02    0.16576E+02    0.50000E+02
   0.47463E+02    0.41561E+02    0.17715E+02    0.50000E+02
   0.47268E+02    0.41439E+02    0.17589E+02    0.50000E+02
   0.47460E+02    0.41239E+02    0.21663E+02    0.50000E+02
   0.47551E+02    0.41096E+02    0.18752E+02    0.50000E+02
   0.47536E+02    0.40912E+02    0.17814E+02    0.50000E+02
   0.47442E+02    0.40868E+02    0.18490E+02    0.50000E+02
   0.47609E+02    0.41724E+02    0.18366E+02    0.50000E+02
   0.48157E+02    0.40858E+02    0.19132E+02    0.50000E+02
   0.48269E+02    0.41512E+02    0.17925E+02    0.50000E+02
   0.48435E+02    0.40817E+02    0.18780E+02    0.50000E+02
   0.48626E+02    0.40857E+02    0.19294E+02    0.50000E+02
   0.48951E+02    0.41247E+02    0.16082E+02    0.50000E+02
   0.48484E+02    0.41645E+02    0.18576E+02    0.50000E+02
   0.48537E+02    0.41757E+02    0.21623E+02    0.50000E+02
   0.48810E+02    0.41899E+02    0.16707E+02    0.50000E+02
   0.48664E+02    0.42048E+02    0.18291E+02    0.50000E+02
   0.48705E+02    0.40969E+02    0.20138E+02    0.50000E+02
   0.48402E+02    0.41128E+02    0.15206E+02    0.50000E+02
   0.48550E+02    0.41104E+02    0.19565E+02    0.50000E+02
   0.48467E+02    0.40992E+02    0.16173E+02    0.50000E+02
   0.48403E+02    0.41334E+02    0.16892E+02    0.50000E+02
   0.48486E+02    0.41331E+02    0.21640E+02    0.50000E+02
   0.48692E+02    0.40717E+02    0.15550E+02    0.50000E+02
   0.48668E+02    0.41975E+02    0.16450E+02    0.50000E+02
   0.48677E+02    0.40139E+02    0.17502E+02    0.50000E+02
   0.48577E+02    0.40684E+02    0.21027E+02    0.50000E+02
   0.48694E+02    0.40314E+02    0.19044E+02    0.50000E+02
   0.48291E+02    0.41227E+02    0.15718E+02    0.50000E+02
   0.48271E+02    0.41395E+02    0.17080E+02    0.50000E+02
   0.48129E+02    0.40893E+02    0.18698E+02    0.50000E+02
   0.47934E+02    0.41064E+02    0.15826E+02    0.50000E+02
   0.47531E+02    0.41392E+02    0.15782E+02    0.50000E+02
   0.47538E+02    0.40926E+02    0.19239E+02    0.50000E+02
   0.47646E+02    0.41106E+02    0.18101E+02    0.50000E+02
   0.47427E+02    0.40752E+02    0.16191E+02    0.50000E+02
   0.47289E+02    0.41211E+02    0.16978E+02    0.50000E+02
   0.47286E+02    0.40946E+02    0.18710E+02    0.50000E+02
   0.47324E+02    0.40972E+02    0.17224E+02    0.50000E+02
   0.47469E+02    0.39939E+02    0.13529E+02    0.50000E+02
   0.47514E+02    0.41230E+02    0.17514E+02    0.50000E+02
   0.47404E+02    0.40190E+02    0.18421E+02    0.50000E+02
   0.47707E+02    0.40942E+02    0.17848E+02    0.50000E+02
   0.47398E+02    0.40842E+02    0.16150E+02    0.50000E+02
   0.47411E+02    0.40931E+02    0.18077E+02    0.50000E+02
   0.47624E+02    0.40919E+02    0.16425E+02    0.50000E+02
   0.47678E+02    0.41278E+02    0.20689E+02    0.50000E+02
   0.47603E+02    0.41073E+02    0.17788E+02    0.50000E+02
   0.47733E+02    0.40541E+02    0.20942E+02    0.50000E+02
   0.47780E+02    0.41071E+02    0.18752E+02    0.50000E+02
   0.47985E+02    0.40386E+02    0.19046E+02    0.50000E+02
   0.48158E+02    0.40919E+02    0.18112E+02    0.50000E+02
   0.47888E+02    0.40962E+02    0.18206E+02    0.50000E+02
   0.48206E+02    0.42033E+02    0.17348E+02    0.50000E+02
   0.48263E+02    0.41267E+02    0.17864E+02    0.50000E+02
   0.48055E+02    0.40951E+02    0.18254E+02    0.50000E+02
   0.48034E+02    0.40051E+02    0.13842E+02    0.50000E+02
   0.48380E+02    0.41153E+02    0.20273E+02    0.50000E+02
   0.48509E+02    0.40512E+02    0.17054E+02    0.50000E+02
   0.48705E+02    0.40805E+02    0.19867E+02    0.50000E+02
   0.49005E+02    0.41254E+02    0.15880E+02    0.50000E+02
   0.49105E+02    0.40693E+02    0.18882E+02    0.50000E+02
   0.49650E+02    0.40958E+02    0.19646E+02    0.50000E+02
   0.49103E+02    0.40519E+02    0.16752E+02    0.50000E+02
   0.49282E+02    0.41535E+02    0.18093E+02    0.50000E+02
   0.49076E+02    0.41406E+02    0.18456E+02    0.50000E+02
   0.49152E+02    0.41606E+02    0.17514E+02    0.50000E+02
   0.49228E+02    0.42078E+02    0.18610E+02    0.50000E+02
   0.49514E+02    0.41219E+02    0.16243E+02    0.50000E+02
   0.49832E+02    0.40524E+02    0.18572E+02    0.50000E+02
   0.49814E+02    0.41457E+02    0.17244E+02    0.50000E+02
   0.50058E+02    0.40552E+02    0.19080E+02    0.50000E+02
   0.50084E+02    0.42299E+02    0.14013E+02    0.50000E+02
   0.50117E+02    0.40015E+02    0.18976E+02    0.50000E+02
   0.50114E+02    0.41732E+02    0.17583E+02    0.50000E+02
   0.50099E+02    0.41089E+02    0.17061E+02    0.50000E+02
   0.50320E+02    0.42170E+02    0.17217E+02    0.50000E+02
   0.50488E+02    0.40846E+02    0.18380E+02    0.50000E+02
   0.50297E+02    0.41415E+02    0.17241E+02    0.50000E+02
   0.50392E+02    0.40910E+02    0.17630E+02    0.50000E+02
   0.50440E+02    0.42395E+02    0.18514E+02    0.50000E+02
   0.50314E+02    0.40784E+02    0.15929E+02    0.50000E+02
   0.50410E+02    0.41450E+02    0.16053E+02    0.50000E+02
   0.50501E+02    0.41222E+02    0.19504E+02    0.50000E+02
   0.50746E+02    0.41957E+02    0.18131E+02    0.50000E+02
   0.50684E+02    0.41265E+02    0.19548E+02    0.50000E+02
   0.50883E+02    0.41202E+02    0.18977E+02    0.50000E+02
   0.50902E+02    0.42035E+02    0.18398E+02    0.50000E+02
   0.50840E+02    0.40812E+02    0.17848E+02    0.50000E+02
   0.50896E+02    0.41315E+02    0.19502E+02    0.50000E+02
   0.51037E+02    0.41389E+02    0.23355E+02    0.50000E+02
   0.51129E+02    0.41321E+02    0.16822E+02    0.50000E+02
   0.50973E+02    0.40881E+02    0.18990E+02    0.50000E+02
   0.50873E+02    0.41367E+02    0.17882E+02    0.50000E+02
   0.51057E+02    0.40679E+02    0.17441E+02    0.50000E+02
   0.51271E+02    0.42055E+02    0.16539E+02    0.50000E+02
   0.51151E+02    0.40344E+02    0.16479E+02    0.50000E+02
   0.51314E+02    0.41501E+02    0.15859E+02    0.50000E+02
   0.50757E+02    0.39999E+02    0.18091E+02    0.50000E+02
   0.51028E+02    0.41539E+02    0.18142E+02    0.50000E+02
   0.50770E+02    0.40895E+02    0.18789E+02    0.50000E+02
   0.50912E+02    0.41210E+02    0.17045E+02    0.50000E+02
   0.50814E+02    0.41238E+02    0.18293E+02    0.50000E+02
   0.50772E+02    0.46948E+02    0.18948E+02    0.50000E+02
   0.50791E+02    0.43521E+02    0.17890E+02    0.50000E+02
   0.50971E+02    0.45567E+02    0.17657E+02    0.50000E+02
   0.50721E+02    0.45354E+02    0.18108E+02    0.50000E+02
   0.51077E+02    0.45721E+02    0.20827E+02    0.50000E+02
   0.50840E+02    0.44437E+02    0.19925E+02    0.50000E+02
   0.50831E+02    0.44194E+02    0.16635E+02    0.50000E+02
   0.50809E+02    0.45822E+02    0.17121E+02    0.50000E+02
   0.50555E+02    0.44445E+02    0.18517E+02    0.50000E+02
   0.50516E+02    0.45250E+02    0.16829E+02    0.50000E+02
   0.50313E+02    0.44272E+02    0.18143E+02    0.50000E+02
   0.49903E+02    0.44531E+02    0.17334E+02    0.50000E+02
   0.50010E+02    0.45070E+02    0.15492E+02    0.50000E+02
   0.49974E+02    0.44704E+02    0.15962E+02    0.50000E+02
   0.49881E+02    0.44595E+02    0.18406E+02    0.50000E+02
   0.49874E+02    0.45122E+02    0.18394E+02    0.50000E+02
   0.49697E+02    0.44576E+02    0.18006E+02    0.50000E+02
   0.49599E+02    0.44989E+02    0.16428E+02    0.50000E+02
   0.49295E+02    0.44506E+02    0.18826E+02    0.50000E+02
   0.49309E+02    0.45491E+02    0.18426E+02    0.50000E+02
   0.49068E+02    0.44389E+02    0.18140E+02    0.50000E+02
   0.48848E+02    0.44423E+02    0.17969E+02    0.50000E+02
   0.48599E+02    0.44568E+02    0.19125E+02    0.50000E+02
   0.48570E+02    0.44822E+02    0.16500E+02    0.50000E+02
   0.48300E+02    0.45038E+02    0.18228E+02    0.50000E+02
   0.48060E+02    0.44887E+02    0.19203E+02    0.50000E+02
   0.48089E+02    0.44139E+02    0.19959E+02    0.50000E+02
   0.48033E+02    0.44722E+02    0.16540E+02    0.50000E+02
   0.48087E+02    0.45197E+02    0.17765E+02    0.50000E+02
   0.48051E+02    0.44866E+02    0.15966E+02    0.50000E+02
   0.47788E+02    0.45293E+02    0.17710E+02    0.50000E+02
   0.47468E+02    0.44044E+02    0.16399E+02    0.50000E+02
   0.47232E+02    0.44586E+02    0.17658E+02    0.50000E+02
   0.46872E+02    0.44666E+02    0.18258E+02    0.50000E+02
   0.46863E+02    0.44586E+02    0.18616E+02    0.50000E+02
   0.46534E+02    0.44905E+02    0.18020E+02    0.50000E+02
   0.46236E+02    0.45414E+02    0.19918E+02    0.50000E+02
   0.46186E+02    0.45719E+02    0.16312E+02    0.50000E+02
   0.46043E+02    0.45226E+02    0.18290E+02    0.50000E+02
   0.45589E+02    0.46059E+02    0.15116E+02    0.50000E+02
   0.45418E+02    0.44617E+02    0.15924E+02    0.50000E+02
   0.45211E+02    0.44409E+02    0.19292E+02    0.50000E+02
   0.45001E+02    0.45633E+02    0.19072E+02    0.50000E+02
   0.45012E+02    0.45288E+02    0.16837E+02    0.50000E+02
   0.44955E+02    0.45426E+02    0.16568E+02    0.50000E+02
   0.44388E+02    0.45166E+02    0.18116E+02    0.50000E+02
   0.44066E+02    0.45806E+02    0.18529E+02    0.50000E+02
   0.43687E+02    0.45309E+02    0.20415E+02    0.50000E+02
   0.43475E+02    0.45316E+02    0.17051E+02    0.50000E+02
   0.43068E+02    0.44414E+02    0.17099E+02    0.50000E+02
   0.42767E+02    0.45596E+02    0.17917E+02    0.50000E+02
   0.42277E+02    0.44797E+02    0.18345E+02    0.50000E+02
   0.41857E+02    0.44992E+02    0.18000E+02    0.50000E+02
   0.41588E+02    0.45088E+02    0.18840E+02    0.50000E+02
   0.41433E+02    0.45265E+02    0.20415E+02    0.50000E+02
   0.41521E+02    0.44664E+02    0.14731E+02    0.50000E+02
   0.41266E+02    0.45790E+02    0.18531E+02    0.50000E+02
   0.41195E+02    0.45445E+02    0.18015E+02    0.50000E+02
   0.40998E+02    0.45614E+02    0.16687E+02    0.50000E+02
   0.40807E+02    0.45334E+02    0.19474E+02    0.50000E+02
   0.40392E+02    0.44201E+02    0.18082E+02    0.50000E+02
   0.40212E+02    0.43424E+02    0.17877E+02    0.50000E+02
   0.39965E+02    0.44737E+02    0.18071E+02    0.50000E+02
   0.39714E+02    0.44020E+02    0.19312E+02    0.50000E+02
   0.39484E+02    0.45609E+02    0.17394E+02    0.50000E+02
   0.39843E+02    0.44690E+02    0.20112E+02    0.50000E+02
   0.39902E+02    0.45009E+02    0.16498E+02    0.50000E+02
   0.39610E+02    0.45036E+02    0.17988E+02    0.50000E+02
   0.39778E+02    0.45217E+02    0.20359E+02    0.50000E+02
   0.39819E+02    0.43677E+02    0.19134E+02    0.50000E+02
   0.39581E+02    0.44417E+02    0.18246E+02    0.50000E+02
   0.39664E+02    0.45140E+02    0.19785E+02    0.50000E+02
   0.39680E+02    0.44426E+02    0.18780E+02    0.50000E+02
   0.39549E+02    0.45903E+02    0.17261E+02    0.50000E+02
   0.39421E+02    0.44314E+02    0.18471E+02    0.50000E+02
   0.39361E+02    0.45307E+02    0.18573E+02    0.50000E+02
   0.39717E+02    0.44277E+02    0.17761E+02    0.50000E+02
   0.39443E+02    0.45174E+02    0.18086E+02    0.50000E+02
   0.39459E+02    0.44763E+02    0.20670E+02    0.50000E+02
   0.39450E+02    0.44912E+02    0.17851E+02    0.50000E+02
   0.39979E+02    0.44049E+02    0.16022E+02    0.50000E+02
   0.40283E+02    0.44377E+02    0.20146E+02    0.50000E+02
   0.40502E+02    0.43853E+02    0.17515E+02    0.50000E+02
   0.40920E+02    0.45266E+02    0.16785E+02    0.50000E+02
   0.41013E+02    0.44356E+02    0.17970E+02    0.50000E+02
   0.41401E+02    0.44059E+02    0.18209E+02    0.50000E+02
   0.41838E+02    0.44506E+02    0.16565E+02    0.50000E+02
   0.42210E+02    0.44667E+02    0.17005E+02    0.50000E+02
   0.42560E+02    0.44178E+02    0.20186E+02    0.50000E+02
   0.42939E+02    0.45067E+02    0.19984E+02    0.50000E+02
   0.43371E+02    0.44016E+02    0.15922E+02    0.50000E+02
   0.43649E+02    0.45235E+02    0.18121E+02    0.50000E+02
   0.44139E+02    0.44475E+02    0.18695E+02    0.50000E+02
   0.44584E+02    0.45261E+02    0.19171E+02    0.50000E+02
   0.44816E+02    0.44402E+02    0.18976E+02    0.50000E+02
   0.45525E+02    0.45088E+02    0.18377E+02    0.50000E+02
   0.45998E+02    0.44292E+02    0.17819E+02    0.50000E+02
   0.46470E+02    0.45093E+02    0.17006E+02    0.50000E+02
   0.46777E+02    0.44959E+02    0.19557E+02    0.50000E+02
   0.47221E+02    0.44936E+02    0.17732E+02    0.50000E+02
   0.47777E+02    0.44799E+02    0.19352E+02    0.50000E+02
   0.48094E+02    0.44887E+02    0.18230E+02    0.50000E+02
   0.48634E+02    0.45469E+02    0.18305E+02    0.50000E+02
   0.49302E+02    0.45292E+02    0.17930E+02    0.50000E+02
   0.49659E+02    0.44656E+02    0.22497E+02    0.50000E+02
   0.49622E+02    0.44891E+02    0.18662E+02    0.50000E+02
   0.50303E+02    0.44862E+02    0.17099E+02    0.50000E+02
   0.50574E+02    0.45462E+02    0.16112E+02    0.50000E+02
   0.51178E+02    0.45011E+02    0.21985E+02    0.50000E+02
   0.51519E+02    0.44921E+02    0.20078E+02    0.50000E+02
   0.51159E+02    0.43934E+02    0.19202E+02    0.50000E+02
   0.50974E+02    0.44651E+02    0.18528E+02    0.50000E+02
   0.50975E+02    0.45136E+02    0.19954E+02    0.50000E+02
   0.51030E+02    0.44943E+02    0.18707E+02    0.50000E+02
   0.51178E+02    0.45395E+02    0.17113E+02    0.50000E+02
   0.51296E+02    0.45164E+02    0.18502E+02    0.50000E+02
   0.51349E+02    0.44726E+02    0.16673E+02    0.50000E+02
   0.51537E+02    0.45454E+02    0.16305E+02    0.50000E+02
   0.51625E+02    0.45183E+02    0.18010E+02    0.50000E+02
   0.51664E+02    0.44892E+02    0.17867E+02    0.50000E+02
   0.51357E+02    0.44670E+02    0.20468E+02    0.50000E+02
   0.51365E+02    0.45380E+02    0.20788E+02    0.50000E+02
   0.51430E+02    0.45491E+02    0.16836E+02    0.50000E+02
   0.51205E+02    0.44815E+02    0.18543E+02    0.50000E+02
   0.51269E+02    0.45169E+02    0.20044E+02    0.50000E+02
   0.51673E+02    0.44489E+02    0.19678E+02    0.50000E+02
   0.51578E+02    0.45083E+02    0.19615E+02    0.50000E+02
   0.51497E+02    0.45111E+02    0.19172E+02    0.50000E+02
   0.51444E+02    0.45174E+02    0.18301E+02    0.50000E+02
   0.51452E+02    0.45045E+02    0.17768E+02    0.50000E+02
   0.51260E+02    0.46028E+02    0.14725E+02    0.50000E+02
   0.50927E+02    0.45026E+02    0.16133E+02    0.50000E+02
   0.50756E+02    0.45442E+02    0.16435E+02    0.50000E+02
   0.50496E+02    0.45693E+02    0.19284E+02    0.50000E+02
   0.50540E+02    0.46035E+02    0.18672E+02    0.50000E+02
   0.50623E+02    0.44577E+02    0.20341E+02    0.50000E+02
   0.50556E+02    0.44843E+02    0.18074E+02    0.50000E+02
   0.50429E+02    0.45965E+02    0.17646E+02    0.50000E+02
   0.50449E+02    0.45027E+02    0.18586E+02    0.50000E+02
   0.50309E+02    0.44810E+02    0.17553E+02    0.50000E+02
   0.50562E+02    0.45422E+02    0.18630E+02    0.50000E+02
   0.50756E+02    0.45918E+02    0.17970E+02    0.50000E+02
   0.50755E+02    0.44790E+02    0.18298E+02    0.50000E+02
   0.50839E+02    0.44576E+02    0.17393E+02    0.50000E+02
   0.50728E+02    0.44763E+02    0.18200E+02    0.50000E+02
   0.50568E+02    0.45312E+02    0.15782E+02    0.50000E+02
   0.50426E+02    0.44792E+02    0.17879E+02    0.50000E+02
   0.50295E+02    0.44891E+02    0.16926E+02    0.50000E+02
   0.50243E+02    0.46360E+02    0.16401E+02    0.50000E+02
   0.49939E+02    0.44581E+02    0.18610E+02    0.50000E+02
   0.49304E+02    0.45021E+02    0.15953E+02    0.50000E+02
   0.48856E+02    0.45004E+02    0.17886E+02    0.50000E+02
   0.48525E+02    0.45337E+02    0.17285E+02    0.50000E+02
   0.48083E+02    0.45326E+02    0.19749E+02    0.50000E+02
   0.47725E+02    0.45182E+02    0.18654E+02    0.50000E+02
   0.47795E+02    0.45515E+02    0.17450E+02    0.50000E+02
   0.47622E+02    0.45016E+02    0.17817E+02    0.50000E+02
   0.47540E+02    0.43927E+02    0.19294E+02    0.50000E+02
   0.47136E+02    0.45427E+02    0.20820E+02    0.50000E+02
   0.47128E+02    0.45046E+02    0.16642E+02    0.50000E+02
   0.47199E+02    0.45452E+02    0.20675E+02    0.50000E+02
   0.47029E+02    0.45172E+02    0.17318E+02    0.50000E+02
   0.46950E+02    0.45251E+02    0.19066E+02    0.50000E+02
   0.46625E+02    0.44416E+02    0.20396E+02    0.50000E+02
   0.46675E+02    0.44581E+02    0.19519E+02    0.50000E+02
   0.46353E+02    0.44762E+02    0.18827E+02    0.50000E+02
   0.46186E+02    0.44776E+02    0.17358E+02    0.50000E+02
   0.45968E+02    0.44205E+02    0.18501E+02    0.50000E+02
   0.45795E+02    0.44329E+02    0.17459E+02    0.50000E+02
   0.45554E+02    0.44241E+02    0.17042E+02    0.50000E+02
   0.45467E+02    0.44532E+02    0.19364E+02    0.50000E+02
   0.45041E+02    0.45176E+02    0.17527E+02    0.50000E+02
   0.44884E+02    0.45144E+02    0.19281E+02    0.50000E+02
   0.44684E+02    0.44955E+02    0.15387E+02    0.50000E+02
   0.44734E+02    0.45252E+02    0.18040E+02    0.50000E+02
   0.44689E+02    0.44513E+02    0.19439E+02    0.50000E+02
   0.44776E+02    0.44727E+02    0.19799E+02    0.50000E+02
   0.44642E+02    0.44843E+02    0.17144E+02    0.50000E+02
   0.44712E+02    0.45487E+02    0.17906E+02    0.50000E+02
   0.44655E+02    0.44960E+02    0.18869E+02    0.50000E+02
   0.44042E+02    0.45055E+02    0.15596E+02    0.50000E+02
   0.43813E+02    0.44975E+02    0.20495E+02    0.50000E+02
   0.43637E+02    0.44863E+02    0.15533E+02    0.50000E+02
   0.43424E+02    0.45177E+02    0.17577E+02    0.50000E+02
   0.43216E+02    0.44659E+02    0.17861E+02    0.50000E+02
   0.43783E+02    0.44738E+02    0.16784E+02    0.50000E+02
   0.43792E+02    0.44931E+02    0.20289E+02    0.50000E+02
   0.43806E+02    0.44786E+02    0.19816E+02    0.50000E+02
   0.43958E+02    0.44832E+02    0.20294E+02    0.50000E+02
   0.43908E+02    0.45110E+02    0.17000E+02    0.50000E+02
   0.43980E+02    0.44585E+02    0.18495E+02    0.50000E+02
   0.44276E+02    0.44232E+02    0.19746E+02    0.50000E+02
   0.44251E+02    0.44328E+02    0.18992E+02    0.50000E+02
   0.44525E+02    0.44291E+02    0.21280E+02    0.50000E+02
   0.44492E+02    0.44493E+02    0.17740E+02    0.50000E+02
   0.44747E+02    0.44539E+02    0.16733E+02    0.50000E+02
   0.44638E+02    0.44895E+02    0.18377E+02    0.50000E+02
   0.44749E+02    0.44207E+02    0.18792E+02    0.50000E+02
   0.45096E+02    0.44076E+02    0.16359E+02    0.50000E+02
   0.44982E+02    0.44528E+02    0.19709E+02    0.50000E+02
   0.45256E+02    0.43657E+02    0.17736E+02    0.50000E+02
   0.45201E+02    0.44814E+02    0.18036E+02    0.50000E+02
   0.45040E+02    0.44256E+02    0.18230E+02    0.50000E+02
   0.44973E+02    0.44739E+02    0.15610E+02    0.50000E+02
   0.45076E+02    0.45130E+02    0.19178E+02    0.50000E+02
   0.45286E+02    0.43877E+02    0.18058E+02    0.50000E+02
   0.45429E+02    0.44637E+02    0.18440E+02    0.50000E+02
   0.45272E+02    0.44488E+02    0.18643E+02    0.50000E+02
   0.45498E+02    0.44500E+02    0.16736E+02    0.50000E+02
   0.45482E+02    0.45016E+02    0.20289E+02    0.50000E+02
   0.45114E+02    0.43891E+02    0.17335E+02    0.50000E+02
   0.45030E+02    0.44437E+02    0.19359E+02    0.50000E+02
   0.45098E+02    0.44433E+02    0.18667E+02    0.50000E+02
   0.44734E+02    0.45101E+02    0.19580E+02    0.50000E+02
   0.44875E+02    0.44883E+02    0.18316E+02    0.50000E+02
   0.45051E+02    0.44849E+02    0.17898E+02    0.50000E+02
   0.44994E+02    0.45372E+02    0.18935E+02    0.50000E+02
   0.44990E+02    0.44399E+02    0.19918E+02    0.50000E+02
   0.44795E+02    0.45421E+02    0.18846E+02    0.50000E+02
   0.44928E+02    0.44678E+02    0.17141E+02    0.50000E+02
   0.44893E+02    0.45981E+02    0.18330E+02    0.50000E+02
   0.45018E+02    0.44377E+02    0.17636E+02    0.50000E+02
   0.44899E+02    0.44175E+02    0.19077E+02    0.50000E+02
   0.44868E+02    0.45059E+02    0.17974E+02    0.50000E+02
   0.44820E+02    0.45158E+02    0.19934E+02    0.50000E+02
   0.44823E+02    0.44986E+02    0.16094E+02    0.50000E+02
   0.44806E+02    0.46208E+02    0.16291E+02    0.50000E+02
   0.45111E+02    0.45069E+02    0.17639E+02    0.50000E+02
   0.45101E+02    0.45422E+02    0.16806E+02    0.50000E+02
   0.44956E+02    0.45372E+02    0.20015E+02    0.50000E+02
   0.44698E+02    0.44430E+02    0.18367E+02    0.50000E+02
   0.44505E+02    0.45873E+02    0.20151E+02    0.50000E+02
   0.44472E+02    0.44952E+02    0.19961E+02    0.50000E+02
   0.44273E+02    0.45781E+02    0.18454E+02    0.50000E+02
   0.44221E+02    0.44852E+02    0.15328E+02    0.50000E+02
   0.43960E+02    0.45315E+02    0.17443E+02    0.50000E+02
   0.43972E+02    0.46000E+02    0.19310E+02    0.50000E+02
   0.43707E+02    0.44840E+02    0.17490E+02    0.50000E+02
   0.43483E+02    0.45417E+02    0.18415E+02    0.50000E+02
   0.43364E+02    0.44162E+02    0.21646E+02    0.50000E+02
   0.43172E+02    0.45487E+02    0.18209E+02    0.50000E+02
   0.42967E+02    0.45002E+02    0.18149E+02    0.50000E+02
   0.42786E+02    0.44261E+02    0.17570E+02    0.50000E+02
   0.42468E+02    0.44359E+02    0.18058E+02    0.50000E+02
   0.42702E+02    0.44965E+02    0.19283E+02    0.50000E+02
   0.42197E+02    0.44415E+02    0.17276E+02    0.50000E+02
   0.42149E+02    0.44544E+02    0.17329E+02    0.50000E+02
   0.41975E+02    0.43802E+02    0.15824E+02    0.50000E+02
   0.41946E+02    0.44761E+02    0.16331E+02    0.50000E+02
   0.41487E+02    0.44412E+02    0.17515E+02    0.50000E+02
   0.41676E+02    0.44898E+02    0.18869E+02    0.50000E+02
   0.41540E+02    0.44993E+02    0.16792E+02    0.50000E+02
   0.41661E+02    0.44983E+02    0.19629E+02    0.50000E+02
   0.41696E+02    0.44339E+02    0.18032E+02    0.50000E+02
   0.41725E+02    0.44735E+02    0.18570E+02    0.50000E+02
   0.41753E+02    0.45469E+02    0.16824E+02    0.50000E+02
   0.42046E+02    0.44471E+02    0.18740E+02    0.50000E+02
   0.42095E+02    0.45346E+02    0.20451E+02    0.50000E+02
   0.42123E+02    0.43734E+02    0.17911E+02    0.50000E+02
   0.41963E+02    0.43323E+02    0.16825E+02    0.50000E+02
   0.42564E+02    0.44153E+02    0.18108E+02    0.50000E+02
   0.42733E+02    0.44721E+02    0.17091E+02    0.50000E+02
   0.42768E+02    0.44537E+02    0.18841E+02    0.50000E+02
   0.42854E+02    0.44316E+02    0.15793E+02    0.50000E+02
   0.43235E+02    0.44737E+02    0.18074E+02    0.50000E+02
   0.43471E+02    0.44703E+02    0.19752E+02    0.50000E+02
   0.43900E+02    0.44844E+02    0.19068E+02    0.50000E+02
   0.43905E+02    0.44303E+02    0.18396E+02    0.50000E+02
   0.44418E+02    0.45058E+02    0.19869E+02    0.50000E+02
   0.44590E+02    0.45199E+02    0.18522E+02    0.50000E+02
   0.44689E+02    0.45556E+02    0.18802E+02    0.50000E+02
   0.44921E+02    0.44758E+02    0.20837E+02    0.50000E+02
   0.45277E+02    0.44223E+02    0.18731E+02    0.50000E+02
   0.45413E+02    0.44685E+02    0.17543E+02    0.50000E+02
   0.45663E+02    0.45091E+02    0.18365E+02    0.50000E+02
   0.45561E+02    0.44197E+02    0.17091E+02    0.50000E+02
   0.45822E+02    0.44673E+02    0.18719E+02    0.50000E+02
   0.45931E+02    0.43686E+02    0.16027E+02    0.50000E+02
   0.46198E+02    0.44713E+02    0.17799E+02    0.50000E+02
   0.46221E+02    0.43642E+02    0.16259E+02    0.50000E+02
   0.46834E+02    0.44901E+02    0.18115E+02    0.50000E+02
   0.47353E+02    0.44696E+02    0.18935E+02    0.50000E+02
   0.47881E+02    0.44586E+02    0.19319E+02    0.50000E+02
   0.48031E+02    0.44577E+02    0.21600E+02    0.50000E+02
   0.48375E+02    0.44841E+02    0.18502E+02    0.50000E+02
   0.48427E+02    0.44315E+02    0.20543E+02    0.50000E+02
   0.48973E+02    0.44876E+02    0.17210E+02    0.50000E+02
   0.49475E+02    0.45492E+02    0.18724E+02    0.50000E+02
   0.49619E+02    0.45262E+02    0.14846E+02    0.50000E+02
   0.50036E+02    0.44971E+02    0.18640E+02    0.50000E+02
   0.50095E+02    0.44888E+02    0.18705E+02    0.50000E+02
   0.50411E+02    0.43829E+02    0.19149E+02    0.50000E+02
   0.50628E+02    0.43577E+02    0.19021E+02    0.50000E+02
   0.50676E+02    0.43448E+02    0.18502E+02    0.50000E+02
   0.51245E+02    0.44740E+02    0.16345E+02    0.50000E+02
   0.51528E+02    0.44761E+02    0.16624E+02    0.50000E+02
   0.51521E+02    0.44893E+02    0.19059E+02    0.50000E+02
   0.51952E+02    0.45596E+02    0.19698E+02    0.50000E+02
   0.52123E+02    0.45131E+02    0.16467E+02    0.50000E+02
   0.52384E+02    0.44863E+02    0.18405E+02    0.50000E+02
   0.52624E+02    0.43994E+02    0.15538E+02    0.50000E+02
   0.53061E+02    0.45545E+02    0.14540E+02    0.50000E+02
   0.53447E+02    0.45870E+02    0.19829E+02    0.50000E+02
   0.53743E+02    0.45358E+02    0.18554E+02    0.50000E+02
   0.54108E+02    0.46090E+02    0.17717E+02    0.50000E+02
   0.53871E+02    0.44181E+02    0.19668E+02    0.50000E+02
   0.53854E+02    0.45473E+02    0.21651E+02    0.50000E+02
   0.54252E+02    0.45163E+02    0.18857E+02    0.50000E+02
   0.54319E+02    0.44668E+02    0.16156E+02    0.50000E+02
   0.54659E+02    0.45311E+02    0.17380E+02    0.50000E+02
   0.54093E+02    0.44750E+02    0.19473E+02    0.50000E+02
   0.53948E+02    0.44180E+02    0.17973E+02    0.50000E+02
   0.53743E+02    0.44827E+02    0.17923E+02    0.50000E+02
   0.53769E+02    0.45157E+02    0.18418E+02    0.50000E+02
   0.53608E+02    0.45571E+02    0.18694E+02    0.50000E+02
   0.53968E+02    0.45644E+02    0.19128E+02    0.50000E+02
   0.54187E+02    0.44647E+02    0.17599E+02    0.50000E+02
   0.53816E+02    0.45437E+02    0.20400E+02    0.50000E+02
   0.53851E+02    0.44651E+02    0.19726E+02    0.50000E+02
   0.54024E+02    0.44941E+02    0.18567E+02    0.50000E+02
   0.53982E+02    0.46062E+02    0.15606E+02    0.50000E+02
   0.53872E+02    0.45093E+02    0.20365E+02    0.50000E+02
   0.53732E+02    0.45868E+02    0.17745E+02    0.50000E+02
   0.53707E+02    0.44949E+02    0.16370E+02    0.50000E+02
   0.53905E+02    0.45234E+02    0.15401E+02    0.50000E+02
   0.53678E+02    0.45775E+02    0.16663E+02    0.50000E+02
   0.53688E+02    0.45067E+02    0.18442E+02    0.50000E+02
   0.53567E+02    0.45324E+02    0.17445E+02    0.50000E+02
   0.53398E+02    0.44999E+02    0.16847E+02    0.50000E+02
   0.53162E+02    0.45101E+02    0.18821E+02    0.50000E+02
   0.53275E+02    0.44924E+02    0.17864E+02    0.50000E+02
   0.53206E+02    0.44771E+02    0.17457E+02    0.50000E+02
   0.52876E+02    0.44014E+02    0.19379E+02    0.50000E+02
   0.52900E+02    0.44334E+02    0.17910E+02    0.50000E+02
   0.52767E+02    0.45256E+02    0.22128E+02    0.50000E+02
   0.52459E+02    0.44788E+02    0.15535E+02    0.50000E+02
   0.52594E+02    0.45336E+02    0.19580E+02    0.50000E+02
   0.52493E+02    0.45048E+02    0.20476E+02    0.50000E+02
   0.52312E+02    0.44336E+02    0.15979E+02    0.50000E+02
   0.52136E+02    0.44567E+02    0.18375E+02    0.50000E+02
   0.52157E+02    0.44644E+02    0.16724E+02    0.50000E+02
   0.51968E+02    0.44258E+02    0.20136E+02    0.50000E+02
   0.52040E+02    0.44673E+02    0.17724E+02    0.50000E+02
   0.51853E+02    0.44676E+02    0.21425E+02    0.50000E+02
   0.51950E+02    0.45092E+02    0.19406E+02    0.50000E+02
   0.52657E+02    0.44473E+02    0.15567E+02    0.50000E+02
   0.52809E+02    0.44708E+02    0.15861E+02    0.50000E+02
   0.53043E+02    0.44583E+02    0.16613E+02    0.50000E+02
   0.53039E+02    0.44463E+02    0.17844E+02    0.50000E+02
   0.53320E+02    0.44605E+02    0.18069E+02    0.50000E+02
   0.52726E+02    0.44548E+02    0.18857E+02    0.50000E+02
   0.52669E+02    0.44597E+02    0.18267E+02    0.50000E+02
   0.52373E+02    0.44193E+02    0.20625E+02    0.50000E+02
   0.52338E+02    0.45362E+02    0.14987E+02    0.50000E+02
   0.52446E+02    0.44860E+02    0.18382E+02    0.50000E+02
   0.52746E+02    0.44408E+02    0.19013E+02    0.50000E+02
   0.52723E+02    0.45424E+02    0.17230E+02    0.50000E+02
   0.53076E+02    0.44302E+02    0.18242E+02    0.50000E+02
   0.53067E+02    0.43964E+02    0.18705E+02    0.50000E+02
   0.53120E+02    0.44704E+02    0.17178E+02    0.50000E+02
   0.52760E+02    0.44124E+02    0.17886E+02    0.50000E+02
   0.52683E+02    0.44779E+02    0.16847E+02    0.50000E+02
   0.52506E+02    0.45571E+02    0.14785E+02    0.50000E+02
   0.52598E+02    0.45748E+02    0.16957E+02    0.50000E+02
   0.52451E+02    0.45639E+02    0.18178E+02    0.50000E+02
   0.52433E+02    0.44611E+02    0.19517E+02    0.50000E+02
   0.52790E+02    0.45647E+02    0.19241E+02    0.50000E+02
   0.52643E+02    0.44674E+02    0.18208E+02    0.50000E+02
   0.52743E+02    0.46160E+02    0.18846E+02    0.50000E+02
   0.52971E+02    0.45028E+02    0.17934E+02    0.50000E+02
   0.52544E+02    0.45017E+02    0.16980E+02    0.50000E+02
   0.52737E+02    0.44965E+02    0.19677E+02    0.50000E+02
   0.52780E+02    0.44744E+02    0.18254E+02    0.50000E+02
   0.52707E+02    0.44701E+02    0.17026E+02    0.50000E+02
   0.52721E+02    0.44229E+02    0.19147E+02    0.50000E+02
   0.52417E+02    0.44958E+02    0.19317E+02    0.50000E+02
   0.52485E+02    0.44761E+02    0.17736E+02    0.50000E+02
   0.52335E+02    0.45513E+02    0.18505E+02    0.50000E+02
   0.52185E+02    0.45643E+02    0.18623E+02    0.50000E+02
   0.52175E+02    0.45163E+02    0.19522E+02    0.50000E+02
   0.51907E+02    0.45275E+02    0.17387E+02    0.50000E+02
   0.51937E+02    0.45299E+02    0.16900E+02    0.50000E+02
   0.51784E+02    0.46187E+02    0.18632E+02    0.50000E+02
   0.51743E+02    0.45142E+02    0.18674E+02    0.50000E+02
   0.51535E+02    0.45554E+02    0.17812E+02    0.50000E+02
   0.51209E+02    0.44617E+02    0.18673E+02    0.50000E+02
   0.50877E+02    0.45528E+02    0.17653E+02    0.50000E+02
   0.50913E+02    0.45252E+02    0.17794E+02    0.50000E+02
   0.50587E+02    0.44900E+02    0.16251E+02    0.50000E+02
   0.50678E+02    0.45302E+02    0.19327E+02    0.50000E+02
   0.49914E+02    0.45227E+02    0.16968E+02    0.50000E+02
   0.49688E+02    0.45166E+02    0.17983E+02    0.50000E+02
   0.49306E+02    0.45153E+02    0.21129E+02    0.50000E+02
   0.49091E+02    0.46101E+02    0.18618E+02    0.50000E+02
   0.48665E+02    0.44840E+02    0.19236E+02    0.50000E+02
   0.48246E+02    0.45243E+02    0.17834E+02    0.50000E+02
   0.47771E+02    0.44837E+02    0.16205E+02    0.50000E+02
   0.47413E+02    0.44843E+02    0.16094E+02    0.50000E+02
   0.47018E+02    0.45183E+02    0.18230E+02    0.50000E+02
   0.46807E+02    0.44955E+02    0.18368E+02    0.50000E+02
   0.46170E+02    0.45614E+02    0.20261E+02    0.50000E+02
   0.45964E+02    0.44474E+02    0.19305E+02    0.50000E+02
   0.45609E+02    0.44664E+02    0.15035E+02    0.50000E+02
   0.45021E+02    0.45518E+02    0.16781E+02    0.50000E+02
   0.44501E+02    0.44684E+02    0.18995E+02    0.50000E+02
   0.44520E+02    0.44827E+02    0.16062E+02    0.50000E+02
   0.44077E+02    0.44965E+02    0.19192E+02    0.50000E+02
   0.43880E+02    0.45009E+02    0.19378E+02    0.50000E+02
   0.43292E+02    0.44498E+02    0.14936E+02    0.50000E+02
   0.42951E+02    0.45239E+02    0.17218E+02    0.50000E+02
   0.43096E+02    0.45018E+02    0.18604E+02    0.50000E+02
   0.42986E+02    0.44966E+02    0.21224E+02    0.50000E+02
   0.42874E+02    0.45276E+02    0.16392E+02    0.50000E+02
   0.42766E+02    0.45355E+02    0.18125E+02    0.50000E+02
   0.42705E+02    0.44807E+02    0.17395E+02    0.50000E+02
   0.42351E+02    0.44234E+02    0.16594E+02    0.50000E+02
   0.42539E+02    0.44859E+02    0.18150E+02    0.50000E+02
   0.42111E+02    0.44180E+02    0.18846E+02    0.50000E+02
   0.42199E+02    0.45162E+02    0.19532E+02    0.50000E+02
   0.41946E+02    0.44192E+02    0.17512E+02    0.50000E+02
   0.42226E+02    0.44949E+02    0.17312E+02    0.50000E+02
   0.41787E+02    0.43653E+02    0.18133E+02    0.50000E+02
   0.41996E+02    0.44259E+02    0.17728E+02    0.50000E+02
   0.41792E+02    0.44964E+02    0.17361E+02    0.50000E+02
   0.41811E+02    0.43422E+02    0.16650E+02    0.50000E+02
   0.42128E+02    0.44820E+02    0.18519E+02    0.50000E+02
   0.41857E+02    0.44155E+02    0.18687E+02    0.50000E+02
   0.42034E+02    0.44148E+02    0.15737E+02    0.50000E+02
   0.41972E+02    0.44921E+02    0.19455E+02    0.50000E+02
   0.42159E+02    0.44509E+02    0.16973E+02    0.50000E+02
   0.42090E+02    0.44534E+02    0.16114E+02    0.50000E+02
   0.42004E+02    0.45648E+02    0.18294E+02    0.50000E+02
   0.42088E+02    0.44449E+02    0.19626E+02    0.50000E+02
   0.42016E+02    0.44761E+02    0.18072E+02    0.50000E+02
   0.42175E+02    0.44278E+02    0.19590E+02    0.50000E+02
   0.42562E+02    0.44993E+02    0.18270E+02    0.50000E+02
   0.42680E+02    0.43825E+02    0.15877E+02    0.50000E+02
   0.42874E+02    0.45493E+02    0.19134E+02    0.50000E+02
   0.43130E+02    0.45525E+02    0.17749E+02    0.50000E+02
   0.43238E+02    0.44663E+02    0.18631E+02    0.50000E+02
   0.43141E+02    0.44277E+02    0.19472E+02    0.50000E+02
   0.43335E+02    0.45004E+02    0.18538E+02    0.50000E+02
   0.43406E+02    0.44684E+02    0.18119E+02    0.50000E+02
   0.43550E+02    0.44707E+02    0.18594E+02    0.50000E+02
   0.43597E+02    0.44817E+02    0.18325E+02    0.50000E+02
   0.44305E+02    0.44596E+02    0.15290E+02    0.50000E+02
   0.44649E+02    0.45492E+02    0.17835E+02    0.50000E+02
   0.44815E+02    0.44394E+02    0.19180E+02    0.50000E+02
   0.45363E+02    0.44645E+02    0.16849E+02    0.50000E+02
   0.45577E+02    0.44342E+02    0.17094E+02    0.50000E+02
   0.45798E+02    0.44390E+02    0.20967E+02    0.50000E+02
   0.46111E+02    0.45162E+02    0.17765E+02    0.50000E+02
   0.46571E+02    0.44484E+02    0.18201E+02    0.50000E+02
   0.46936E+02    0.45266E+02    0.20149E+02    0.50000E+02
   0.47255E+02    0.45295E+02    0.17220E+02    0.50000E+02
   0.46937E+02    0.46126E+02    0.20996E+02    0.50000E+02
   0.47130E+02    0.45151E+02    0.19271E+02    0.50000E+02
   0.47300E+02    0.44880E+02    0.20910E+02    0.50000E+02
   0.47557E+02    0.45062E+02    0.16486E+02    0.50000E+02
   0.47546E+02    0.44546E+02    0.17563E+02    0.50000E+02
   0.47981E+02    0.44445E+02    0.19903E+02    0.50000E+02
   0.48022E+02    0.44870E+02    0.17990E+02    0.50000E+02
   0.48305E+02    0.44685E+02    0.18018E+02    0.50000E+02
   0.48414E+02    0.44745E+02    0.19830E+02    0.50000E+02
   0.48591E+02    0.45284E+02    0.17993E+02    0.50000E+02
   0.48707E+02    0.44615E+02    0.18474E+02    0.50000E+02
   0.48898E+02    0.44888E+02    0.19443E+02    0.50000E+02
   0.48712E+02    0.44723E+02    0.19095E+02    0.50000E+02
   0.49185E+02    0.44470E+02    0.19810E+02    0.50000E+02
   0.49167E+02    0.44085E+02    0.18545E+02    0.50000E+02
   0.49790E+02    0.44533E+02    0.18576E+02    0.50000E+02
   0.50044E+02    0.44235E+02    0.16171E+02    0.50000E+02
   0.50175E+02    0.44986E+02    0.17719E+02    0.50000E+02
   0.50904E+02    0.44583E+02    0.16628E+02    0.50000E+02
   0.51053E+02    0.44410E+02    0.15014E+02    0.50000E+02
   0.50895E+02    0.44900E+02    0.19011E+02    0.50000E+02
   0.50664E+02    0.45092E+02    0.17527E+02    0.50000E+02
   0.50792E+02    0.44185E+02    0.18135E+02    0.50000E+02
   0.50825E+02    0.45015E+02    0.19172E+02    0.50000E+02
   0.50776E+02    0.44557E+02    0.19934E+02    0.50000E+02
   0.50662E+02    0.44560E+02    0.18242E+02    0.50000E+02
   0.50857E+02    0.44982E+02    0.19252E+02    0.50000E+02
   0.50547E+02    0.44467E+02    0.20141E+02    0.50000E+02
   0.50615E+02    0.44759E+02    0.17953E+02    0.50000E+02
   0.50542E+02    0.45187E+02    0.15988E+02    0.50000E+02
   0.50939E+02    0.44949E+02    0.17282E+02    0.50000E+02
   0.51066E+02    0.44630E+02    0.19110E+02    0.50000E+02
   0.51320E+02    0.45140E+02    0.17610E+02    0.50000E+02
   0.51298E+02    0.45769E+02    0.19450E+02    0.50000E+02
   0.51463E+02    0.44903E+02    0.19079E+02    0.50000E+02
   0.51124E+02    0.44490E+02    0.18514E+02    0.50000E+02
   0.51110E+02    0.45685E+02    0.18085E+02    0.50000E+02
   0.51026E+02    0.45489E+02    0.17975E+02    0.50000E+02
   0.50865E+02    0.45104E+02    0.18934E+02    0.50000E+02
   0.51076E+02    0.45721E+02    0.19073E+02    0.50000E+02
   0.50665E+02    0.44084E+02    0.15445E+02    0.50000E+02
   0.50954E+02    0.45182E+02    0.17701E+02    0.50000E+02
   0.50736E+02    0.45518E+02    0.17935E+02    0.50000E+02
   0.50648E+02    0.44976E+02    0.18735E+02    0.50000E+02
   0.50522E+02    0.44726E+02    0.19070E+02    0.50000E+02
   0.50589E+02    0.44685E+02    0.21252E+02    0.50000E+02
   0.50624E+02    0.44675E+02    0.15970E+02    0.50000E+02
   0.50543E+02    0.44573E+02    0.16388E+02    0.50000E+02
   0.50486E+02    0.45718E+02    0.17750E+02    0.50000E+02
   0.50468E+02    0.44145E+02    0.19761E+02    0.50000E+02
   0.50078E+02    0.45066E+02    0.16708E+02    0.50000E+02
   0.49757E+02    0.43514E+02    0.15386E+02    0.50000E+02
   0.49631E+02    0.43334E+02    0.19099E+02    0.50000E+02
   0.49539E+02    0.45094E+02    0.17547E+02    0.50000E+02
   0.49159E+02    0.44101E+02    0.18251E+02    0.50000E+02
   0.49582E+02    0.45078E+02    0.19987E+02    0.50000E+02
   0.49769E+02    0.45723E+02    0.18959E+02    0.50000E+02
   0.49411E+02    0.44479E+02    0.17647E+02    0.50000E+02
   0.49498E+02    0.45614E+02    0.17879E+02    0.50000E+02
   0.49579E+02    0.45267E+02    0.17330E+02    0.50000E+02
   0.49621E+02    0.45155E+02    0.19169E+02    0.50000E+02
   0.49451E+02    0.45249E+02    0.18881E+02    0.50000E+02
   0.49580E+02    0.45366E+02    0.14488E+02    0.50000E+02
   0.49441E+02    0.45539E+02    0.17535E+02    0.50000E+02
   0.49502E+02    0.45318E+02    0.18508E+02    0.50000E+02
   0.49429E+02    0.44804E+02    0.17902E+02    0.50000E+02
   0.49404E+02    0.45259E+02    0.19090E+02    0.50000E+02
   0.49206E+02    0.44717E+02    0.17662E+02    0.50000E+02
   0.49398E+02    0.45591E+02    0.17834E+02    0.50000E+02
   0.49292E+02    0.45405E+02    0.19124E+02    0.50000E+02
   0.48922E+02    0.45188E+02    0.18535E+02    0.50000E+02
   0.49118E+02    0.45084E+02    0.21337E+02    0.50000E+02
   0.49010E+02    0.45508E+02    0.17100E+02    0.50000E+02
   0.48789E+02    0.44700E+02    0.21938E+02    0.50000E+02
   0.48731E+02    0.44806E+02    0.17391E+02    0.50000E+02
   0.48762E+02    0.44695E+02    0.16747E+02    0.50000E+02
   0.48684E+02    0.44759E+02    0.17720E+02    0.50000E+02
   0.48487E+02    0.45565E+02    0.14556E+02    0.50000E+02
   0.48652E+02    0.45857E+02    0.21583E+02    0.50000E+02
   0.48539E+02    0.45742E+02    0.17827E+02    0.50000E+02
   0.48469E+02    0.45151E+02    0.20191E+02    0.50000E+02
   0.48374E+02    0.44814E+02    0.15638E+02    0.50000E+02
   0.48161E+02    0.43838E+02    0.18548E+02    0.50000E+02
   0.48068E+02    0.44905E+02    0.16248E+02    0.50000E+02
   0.48021E+02    0.44841E+02    0.15852E+02    0.50000E+02
   0.48041E+02    0.44719E+02    0.18165E+02    0.50000E+02
   0.47947E+02    0.44379E+02    0.17879E+02    0.50000E+02
   0.47712E+02    0.45276E+02    0.17588E+02    0.50000E+02
   0.47651E+02    0.44900E+02    0.19915E+02    0.50000E+02
   0.47528E+02    0.44633E+02    0.18595E+02    0.50000E+02
   0.47817E+02    0.44805E+02    0.17866E+02    0.50000E+02
   0.47902E+02    0.44134E+02    0.16896E+02    0.50000E+02
   0.47802E+02    0.44802E+02    0.16610E+02    0.50000E+02
   0.48111E+02    0.45193E+02    0.15514E+02    0.50000E+02
   0.47985E+02    0.44848E+02    0.16632E+02    0.50000E+02
   0.47843E+02    0.45101E+02    0.16354E+02    0.50000E+02
   0.47783E+02    0.44973E+02    0.20185E+02    0.50000E+02
   0.47500E+02    0.44674E+02    0.15410E+02    0.50000E+02
   0.47543E+02    0.44468E+02    0.13588E+02    0.50000E+02
   0.47277E+02    0.44378E+02    0.19904E+02    0.50000E+02
   0.47761E+02    0.44049E+02    0.18097E+02    0.50000E+02
   0.47968E+02    0.45220E+02    0.15956E+02    0.50000E+02
   0.47968E+02    0.44608E+02    0.19283E+02    0.50000E+02
   0.47868E+02    0.45158E+02    0.17223E+02    0.50000E+02
   0.48282E+02    0.44651E+02    0.17411E+02    0.50000E+02
   0.48036E+02    0.44408E+02    0.17192E+02    0.50000E+02
   0.48065E+02    0.45284E+02    0.20542E+02    0.50000E+02
   0.47974E+02    0.43494E+02    0.18445E+02    0.50000E+02
   0.47988E+02    0.44366E+02    0.16336E+02    0.50000E+02
   0.47877E+02    0.44364E+02    0.20403E+02    0.50000E+02
   0.48334E+02    0.44484E+02    0.16876E+02    0.50000E+02
   0.48889E+02    0.44913E+02    0.15269E+02    0.50000E+02
   0.48872E+02    0.44674E+02    0.18567E+02    0.50000E+02
   0.48922E+02    0.45057E+02    0.16360E+02    0.50000E+02
   0.49189E+02    0.45088E+02    0.18256E+02    0.50000E+02
   0.48611E+02    0.45498E+02    0.19667E+02    0.50000E+02
   0.48438E+02    0.45296E+02    0.17029E+02    0.50000E+02
   0.48503E+02    0.45102E+02    0.17763E+02    0.50000E+02
   0.48535E+02    0.45809E+02    0.18244E+02    0.50000E+02
   0.48619E+02    0.44771E+02    0.19032E+02    0.50000E+02
   0.48571E+02    0.44664E+02    0.16177E+02    0.50000E+02
   0.48470E+02    0.45304E+02    0.17818E+02    0.50000E+02
   0.48595E+02    0.44409E+02    0.19531E+02    0.50000E+02
   0.48288E+02    0.44440E+02    0.18421E+02    0.50000E+02
   0.48309E+02    0.45528E+02    0.17230E+02    0.50000E+02
   0.48410E+02    0.44937E+02    0.19175E+02    0.50000E+02
   0.48522E+02    0.44024E+02    0.15034E+02    0.50000E+02
   0.48346E+02    0.45245E+02    0.19366E+02    0.50000E+02
   0.48315E+02    0.44156E+02    0.16284E+02    0.50000E+02
   0.48306E+02    0.45860E+02    0.17253E+02    0.50000E+02
   0.48456E+02    0.44587E+02    0.19656E+02    0.50000E+02
   0.48392E+02    0.45165E+02    0.20218E+02    0.50000E+02
   0.48383E+02    0.45487E+02    0.19332E+02    0.50000E+02
   0.48568E+02    0.44878E+02    0.17644E+02    0.50000E+02
   0.48498E+02    0.44930E+02    0.19186E+02    0.50000E+02
   0.48521E+02    0.45108E+02    0.16694E+02    0.50000E+02
   0.48504E+02    0.44871E+02    0.17186E+02    0.50000E+02
   0.48359E+02    0.45263E+02    0.19179E+02    0.50000E+02
   0.48234E+02    0.43695E+02    0.18061E+02    0.50000E+02
   0.48482E+02    0.44669E+02    0.15573E+02    0.50000E+02
   0.48350E+02    0.44921E+02    0.17637E+02    0.50000E+02
   0.48531E+02    0.45200E+02    0.18054E+02    0.50000E+02
   0.48369E+02    0.44824E+02    0.17920E+02    0.50000E+02
   0.48466E+02    0.44434E+02    0.18213E+02    0.50000E+02
   0.48612E+02    0.45149E+02    0.18837E+02    0.50000E+02
   0.48523E+02    0.44663E+02    0.20917E+02    0.50000E+02
   0.48514E+02    0.45675E+02    0.19688E+02    0.50000E+02
   0.48380E+02    0.44564E+02    0.18533E+02    0.50000E+02
   0.48496E+02    0.45033E+02    0.18706E+02    0.50000E+02
   0.48518E+02    0.45192E+02    0.16710E+02    0.50000E+02
   0.48355E+02    0.45926E+02    0.17534E+02    0.50000E+02
   0.48340E+02    0.44700E+02    0.15408E+02    0.50000E+02
   0.48369E+02    0.44730E+02    0.19603E+02    0.50000E+02
   0.48321E+02    0.44477E+02    0.19473E+02    0.50000E+02
   0.48145E+02    0.44197E+02    0.17751E+02    0.50000E+02
   0.47827E+02    0.45174E+02    0.17681E+02    0.50000E+02
   0.48084E+02    0.45372E+02    0.19216E+02    0.50000E+02
   0.47864E+02    0.45005E+02    0.18141E+02    0.50000E+02
   0.47920E+02    0.44905E+02    0.17543E+02    0.50000E+02
   0.48010E+02    0.45410E+02    0.16924E+02    0.50000E+02
   0.47291E+02    0.45706E+02    0.17902E+02    0.50000E+02
   0.46988E+02    0.45625E+02    0.16894E+02    0.50000E+02
   0.46647E+02    0.44938E+02    0.17010E+02    0.50000E+02
   0.46587E+02    0.45459E+02    0.18412E+02    0.50000E+02
   0.46299E+02    0.45434E+02    0.20334E+02    0.50000E+02
   0.46191E+02    0.45247E+02    0.18130E+02    0.50000E+02
   0.46520E+02    0.44982E+02    0.16730E+02    0.50000E+02
   0.46184E+02    0.45297E+02    0.19008E+02    0.50000E+02
   0.46030E+02    0.45430E+02    0.17210E+02    0.50000E+02
   0.45921E+02    0.44739E+02    0.22614E+02    0.50000E+02
   0.45551E+02    0.44323E+02    0.19160E+02    0.50000E+02
   0.45060E+02    0.44696E+02    0.17834E+02    0.50000E+02
   0.44904E+02    0.44556E+02    0.16268E+02    0.50000E+02
   0.44804E+02    0.45090E+02    0.19145E+02    0.50000E+02
   0.44530E+02    0.44687E+02    0.20387E+02    0.50000E+02
   0.44452E+02    0.44892E+02    0.18827E+02    0.50000E+02
   0.44186E+02    0.44641E+02    0.17025E+02    0.50000E+02
   0.44150E+02    0.44917E+02    0.15254E+02    0.50000E+02
   0.44054E+02    0.44360E+02    0.16935E+02    0.50000E+02
   0.43890E+02    0.43969E+02    0.19131E+02    0.50000E+02
   0.43465E+02    0.44599E+02    0.18686E+02    0.50000E+02
   0.43220E+02    0.44941E+02    0.18749E+02    0.50000E+02
   0.43017E+02    0.44695E+02    0.18261E+02    0.50000E+02
   0.42814E+02    0.45423E+02    0.19194E+02    0.50000E+02
   0.42615E+02    0.45004E+02    0.19658E+02    0.50000E+02
   0.42896E+02    0.44150E+02    0.17451E+02    0.50000E+02
   0.43006E+02    0.44127E+02    0.17332E+02    0.50000E+02
   0.42981E+02    0.45650E+02    0.18764E+02    0.50000E+02
   0.42937E+02    0.44820E+02    0.18654E+02    0.50000E+02
   0.42905E+02    0.45572E+02    0.19016E+02    0.50000E+02
   0.43359E+02    0.44367E+02    0.17204E+02    0.50000E+02
   0.43475E+02    0.45439E+02    0.19274E+02    0.50000E+02
   0.43816E+02    0.44853E+02    0.19773E+02    0.50000E+02
   0.43931E+02    0.45165E+02    0.19209E+02    0.50000E+02
   0.43883E+02    0.44790E+02    0.19689E+02    0.50000E+02
   0.44003E+02    0.45045E+02    0.18189E+02    0.50000E+02
   0.44405E+02    0.44125E+02    0.17137E+02    0.50000E+02
   0.44565E+02    0.44293E+02    0.17972E+02    0.50000E+02
   0.44755E+02    0.43943E+02    0.18620E+02    0.50000E+02
   0.44994E+02    0.43926E+02    0.18521E+02    0.50000E+02
   0.45065E+02    0.43328E+02    0.15842E+02    0.50000E+02
   0.45346E+02    0.44969E+02    0.16911E+02    0.50000E+02
   0.45409E+02    0.43706E+02    0.17265E+02    0.50000E+02
   0.45636E+02    0.46188E+02    0.18638E+02    0.50000E+02
   0.45804E+02    0.44539E+02    0.19003E+02    0.50000E+02
   0.46115E+02    0.44664E+02    0.17510E+02    0.50000E+02
   0.46382E+02    0.45310E+02    0.16888E+02    0.50000E+02
   0.46405E+02    0.44213E+02    0.20429E+02    0.50000E+02
   0.46681E+02    0.44598E+02    0.21047E+02    0.50000E+02
   0.46824E+02    0.44831E+02    0.18508E+02    0.50000E+02
   0.46918E+02    0.45105E+02    0.17584E+02    0.50000E+02
   0.47386E+02    0.45564E+02    0.18955E+02    0.50000E+02
   0.47403E+02    0.44848E+02    0.16351E+02    0.50000E+02
   0.47776E+02    0.45880E+02    0.20447E+02    0.50000E+02
   0.47868E+02    0.44971E+02    0.18016E+02    0.50000E+02
   0.47707E+02    0.45127E+02    0.18607E+02    0.50000E+02
   0.47638E+02    0.44927E+02    0.17059E+02    0.50000E+02
   0.47816E+02    0.44458E+02    0.19230E+02    0.50000E+02
   0.47859E+02    0.45185E+02    0.17451E+02    0.50000E+02
   0.47865E+02    0.45342E+02    0.15671E+02    0.50000E+02
   0.48266E+02    0.45160E+02    0.18346E+02    0.50000E+02
   0.48367E+02    0.45020E+02    0.16705E+02    0.50000E+02
   0.48544E+02    0.44969E+02    0.16704E+02    0.50000E+02
   0.48366E+02    0.45227E+02    0.17156E+02    0.50000E+02
   0.48736E+02    0.44781E+02    0.18420E+02    0.50000E+02
   0.48168E+02    0.44182E+02    0.18712E+02    0.50000E+02
   0.48264E+02    0.45684E+02    0.17161E+02    0.50000E+02
   0.48154E+02    0.45095E+02    0.18330E+02    0.50000E+02
   0.48085E+02    0.45003E+02    0.19552E+02    0.50000E+02
   0.47972E+02    0.45328E+02    0.18547E+02    0.50000E+02
   0.48139E+02    0.45032E+02    0.17177E+02    0.50000E+02
   0.48263E+02    0.45658E+02    0.18358E+02    0.50000E+02
   0.48411E+02    0.44825E+02    0.18757E+02    0.50000E+02
   0.48403E+02    0.45180E+02    0.17639E+02    0.50000E+02
   0.48670E+02    0.45574E+02    0.15021E+02    0.50000E+02
   0.48554E+02    0.45289E+02    0.18784E+02    0.50000E+02
   0.48570E+02    0.44649E+02    0.19489E+02    0.50000E+02
   0.48638E+02    0.45112E+02    0.17499E+02    0.50000E+02
   0.48497E+02    0.44655E+02    0.16288E+02    0.50000E+02
   0.48667E+02    0.44669E+02    0.16356E+02    0.50000E+02
   0.48713E+02    0.44349E+02    0.18519E+02    0.50000E+02
   0.48391E+02    0.45579E+02    0.20465E+02    0.50000E+02
   0.48496E+02    0.44747E+02    0.17107E+02    0.50000E+02
   0.48646E+02    0.45131E+02    0.17903E+02    0.50000E+02
   0.48761E+02    0.45620E+02    0.15287E+02    0.50000E+02
   0.48271E+02    0.45434E+02    0.16528E+02    0.50000E+02
   0.48121E+02    0.44899E+02    0.19207E+02    0.50000E+02
   0.47982E+02    0.45356E+02    0.18835E+02    0.50000E+02
   0.47647E+02    0.45816E+02    0.18892E+02    0.50000E+02
   0.47541E+02    0.44576E+02    0.17105E+02    0.50000E+02
   0.47500E+02    0.44985E+02    0.16661E+02    0.50000E+02
   0.47153E+02    0.44553E+02    0.20360E+02    0.50000E+02
   0.47199E+02    0.43579E+02    0.16420E+02    0.50000E+02
   0.46873E+02    0.45022E+02    0.19451E+02    0.50000E+02
   0.46796E+02    0.44047E+02    0.18147E+02    0.50000E+02
   0.46460E+02    0.44991E+02    0.20233E+02    0.50000E+02
   0.46319E+02    0.44942E+02    0.18158E+02    0.50000E+02
   0.46109E+02    0.43897E+02    0.17949E+02    0.50000E+02
   0.46120E+02    0.44509E+02    0.17204E+02    0.50000E+02
   0.45565E+02    0.44834E+02    0.18289E+02    0.50000E+02
   0.45857E+02    0.45268E+02    0.16240E+02    0.50000E+02
   0.45777E+02    0.45227E+02    0.17654E+02    0.50000E+02
   0.45757E+02    0.45206E+02    0.19961E+02    0.50000E+02
   0.45550E+02    0.45573E+02    0.18859E+02    0.50000E+02
   0.45482E+02    0.45139E+02    0.18302E+02    0.50000E+02
   0.45658E+02    0.44933E+02    0.19766E+02    0.50000E+02
   0.45813E+02    0.44467E+02    0.17822E+02    0.50000E+02
   0.45864E+02    0.45034E+02    0.17595E+02    0.50000E+02
   0.45857E+02    0.45258E+02    0.18828E+02    0.50000E+02
   0.45811E+02    0.44947E+02    0.20228E+02    0.50000E+02
   0.46424E+02    0.44072E+02    0.18876E+02    0.50000E+02
   0.46616E+02    0.43807E+02    0.16358E+02    0.50000E+02
   0.46720E+02    0.44649E+02    0.18997E+02    0.50000E+02
   0.47142E+02    0.44627E+02    0.17948E+02    0.50000E+02
   0.47336E+02    0.44737E+02    0.17921E+02    0.50000E+02
   0.47206E+02    0.43903E+02    0.17858E+02    0.50000E+02
   0.47037E+02    0.45040E+02    0.19367E+02    0.50000E+02
   0.47197E+02    0.43894E+02    0.17042E+02    0.50000E+02
   0.47338E+02    0.44885E+02    0.14972E+02    0.50000E+02
   0.47506E+02    0.44701E+02    0.17319E+02    0.50000E+02
   0.47739E+02    0.43794E+02    0.20854E+02    0.50000E+02
   0.47844E+02    0.44478E+02    0.16861E+02    0.50000E+02
   0.47911E+02    0.43941E+02    0.16616E+02    0.50000E+02
   0.48254E+02    0.44701E+02    0.17823E+02    0.50000E+02
   0.48512E+02    0.44712E+02    0.15880E+02    0.50000E+02
   0.48601E+02    0.44774E+02    0.16597E+02    0.50000E+02
   0.48806E+02    0.44762E+02    0.17593E+02    0.50000E+02
   0.48853E+02    0.44737E+02    0.19434E+02    0.50000E+02
   0.49172E+02    0.44695E+02    0.18947E+02    0.50000E+02
   0.49325E+02    0.45249E+02    0.18781E+02    0.50000E+02
   0.49530E+02    0.44010E+02    0.17079E+02    0.50000E+02
   0.49551E+02    0.45020E+02    0.16865E+02    0.50000E+02
   0.49627E+02    0.45899E+02    0.18741E+02    0.50000E+02
   0.49721E+02    0.45470E+02    0.18779E+02    0.50000E+02
   0.49783E+02    0.44657E+02    0.17234E+02    0.50000E+02
   0.50257E+02    0.44977E+02    0.16843E+02    0.50000E+02
   0.50543E+02    0.44053E+02    0.17157E+02    0.50000E+02
   0.50723E+02    0.45086E+02    0.21381E+02    0.50000E+02
   0.50722E+02    0.43475E+02    0.17138E+02    0.50000E+02
   0.50865E+02    0.44476E+02    0.17083E+02    0.50000E+02
   0.51118E+02    0.45647E+02    0.18203E+02    0.50000E+02
   0.51247E+02    0.44466E+02    0.18280E+02    0.50000E+02
   0.51434E+02    0.45470E+02    0.16609E+02    0.50000E+02
   0.51636E+02    0.45479E+02    0.18197E+02    0.50000E+02
   0.51979E+02    0.45384E+02    0.18910E+02    0.50000E+02
   0.51757E+02    0.45470E+02    0.19064E+02    0.50000E+02
   0.51856E+02    0.45334E+02    0.17453E+02    0.50000E+02
   0.51979E+02    0.45650E+02    0.15516E+02    0.50000E+02
   0.51695E+02    0.45024E+02    0.16717E+02    0.50000E+02
   0.51748E+02    0.45064E+02    0.20387E+02    0.50000E+02
   0.51344E+02    0.44928E+02    0.19276E+02    0.50000E+02
   0.51297E+02    0.44744E+02    0.17611E+02    0.50000E+02
   0.51235E+02    0.44482E+02    0.18233E+02    0.50000E+02
   0.51233E+02    0.45719E+02    0.19278E+02    0.50000E+02
   0.50969E+02    0.44852E+02    0.17977E+02    0.50000E+02
   0.50883E+02    0.45712E+02    0.19915E+02    0.50000E+02
   0.50894E+02    0.45736E+02    0.16302E+02    0.50000E+02
   0.50845E+02    0.44512E+02    0.18049E+02    0.50000E+02
   0.50837E+02    0.45141E+02    0.16207E+02    0.50000E+02
   0.50616E+02    0.45186E+02    0.19592E+02    0.50000E+02
   0.50103E+02    0.45695E+02    0.18059E+02    0.50000E+02
   0.50151E+02    0.46444E+02    0.19752E+02    0.50000E+02
   0.49762E+02    0.45291E+02    0.17903E+02    0.50000E+02
   0.49717E+02    0.45225E+02    0.16814E+02    0.50000E+02
   0.49162E+02    0.45386E+02    0.16236E+02    0.50000E+02
   0.48667E+02    0.46333E+02    0.17117E+02    0.50000E+02
   0.48566E+02    0.44415E+02    0.17730E+02    0.50000E+02
   0.48205E+02    0.45313E+02    0.16549E+02    0.50000E+02
   0.47873E+02    0.44507E+02    0.18031E+02    0.50000E+02
   0.47280E+02    0.45150E+02    0.17089E+02    0.50000E+02
   0.46959E+02    0.45895E+02    0.18631E+02    0.50000E+02
   0.46646E+02    0.45281E+02    0.19727E+02    0.50000E+02
   0.46279E+02    0.44885E+02    0.18342E+02    0.50000E+02
   0.45848E+02    0.44385E+02    0.18068E+02    0.50000E+02
   0.45565E+02    0.45609E+02    0.19639E+02    0.50000E+02
   0.45182E+02    0.44243E+02    0.17407E+02    0.50000E+02
   0.45036E+02    0.44420E+02    0.19296E+02    0.50000E+02
   0.44579E+02    0.44845E+02    0.18361E+02    0.50000E+02
   0.44230E+02    0.45089E+02    0.17103E+02    0.50000E+02
   0.43851E+02    0.45546E+02    0.18701E+02    0.50000E+02
   0.43767E+02    0.44362E+02    0.18568E+02    0.50000E+02
   0.43427E+02    0.45092E+02    0.16934E+02    0.50000E+02
   0.43085E+02    0.45043E+02    0.19367E+02    0.50000E+02
   0.42982E+02    0.44460E+02    0.16435E+02    0.50000E+02
   0.42681E+02    0.44676E+02    0.18080E+02    0.50000E+02
   0.42297E+02    0.44886E+02    0.19207E+02    0.50000E+02
   0.41837E+02    0.45257E+02    0.18669E+02    0.50000E+02
   0.41630E+02    0.44352E+02    0.15893E+02    0.50000E+02
   0.40993E+02    0.44270E+02    0.18203E+02    0.50000E+02
   0.40885E+02    0.44679E+02    0.17696E+02    0.50000E+02
   0.41077E+02    0.44623E+02    0.17192E+02    0.50000E+02
   0.40915E+02    0.43710E+02    0.18573E+02    0.50000E+02
   0.40689E+02    0.44556E+02    0.19454E+02    0.50000E+02
   0.40706E+02    0.44520E+02    0.16150E+02    0.50000E+02
   0.40621E+02    0.45795E+02    0.19466E+02    0.50000E+02
   0.40919E+02    0.45280E+02    0.18213E+02    0.50000E+02
   0.41187E+02    0.44572E+02    0.18897E+02    0.50000E+02
   0.40964E+02    0.45220E+02    0.19788E+02    0.50000E+02
   0.41312E+02    0.44638E+02    0.18234E+02    0.50000E+02
   0.41237E+02    0.44624E+02    0.15637E+02    0.50000E+02
   0.41659E+02    0.44462E+02    0.18962E+02    0.50000E+02
   0.41720E+02    0.44988E+02    0.16811E+02    0.50000E+02
   0.42024E+02    0.45439E+02    0.19643E+02    0.50000E+02
   0.41882E+02    0.45087E+02    0.19594E+02    0.50000E+02
   0.42125E+02    0.45047E+02    0.17765E+02    0.50000E+02
   0.42787E+02    0.44991E+02    0.17269E+02    0.50000E+02
   0.43130E+02    0.45497E+02    0.17664E+02    0.50000E+02
   0.43570E+02    0.45294E+02    0.15014E+02    0.50000E+02
   0.43861E+02    0.44604E+02    0.16162E+02    0.50000E+02
   0.44086E+02    0.44447E+02    0.17712E+02    0.50000E+02
   0.44262E+02    0.44618E+02    0.17215E+02    0.50000E+02
   0.44376E+02    0.44270E+02    0.18647E+02    0.50000E+02
   0.44718E+02    0.44417E+02    0.19104E+02    0.50000E+02
   0.44975E+02    0.44639E+02    0.20635E+02    0.50000E+02
   0.45180E+02    0.44655E+02    0.17266E+02    0.50000E+02
   0.45743E+02    0.45059E+02    0.19632E+02    0.50000E+02
   0.46149E+02    0.45495E+02    0.17628E+02    0.50000E+02
   0.46458E+02    0.45308E+02    0.19210E+02    0.50000E+02
   0.47095E+02    0.45707E+02    0.16967E+02    0.50000E+02
   0.47488E+02    0.44489E+02    0.18051E+02    0.50000E+02
   0.47460E+02    0.45432E+02    0.15331E+02    0.50000E+02
   0.47734E+02    0.45112E+02    0.16788E+02    0.50000E+02
   0.48022E+02    0.45263E+02    0.16140E+02    0.50000E+02
   0.48139E+02    0.44437E+02    0.16046E+02    0.50000E+02
   0.48437E+02    0.44017E+02    0.18804E+02    0.50000E+02
