   0.94574E+02    0.76841E+02    0.32188E+02    0.88933E+01
   0.94718E+02    0.77145E+02    0.32188E+02    0.88933E+01
   0.94575E+02    0.77347E+02    0.32448E+02    0.89376E+01
   0.94593E+02    0.77695E+02    0.32448E+02    0.89376E+01
   0.94468E+02    0.77602E+02    0.31886E+02    0.88562E+01
   0.94762E+02    0.77267E+02    0.31886E+02    0.88562E+01
   0.94512E+02    0.77513E+02    0.32195E+02    0.90260E+01
   0.94571E+02    0.77100E+02    0.32195E+02    0.90260E+01
   0.94639E+02    0.76615E+02    0.32324E+02    0.89582E+01
   0.94754E+02    0.76706E+02    0.32324E+02    0.89582E+01
   0.94720E+02    0.77097E+02    0.31760E+02    0.88980E+01
   0.94796E+02    0.77514E+02    0.31760E+02    0.88980E+01
   0.94588E+02    0.77355E+02    0.32140E+02    0.88836E+01
   0.94801E+02    0.77467E+02    0.32140E+02    0.88836E+01
   0.94569E+02    0.77234E+02    0.32245E+02    0.88217E+01
   0.94675E+02    0.77367E+02    0.32245E+02    0.88217E+01
   0.94474E+02    0.77307E+02    0.32162E+02    0.88504E+01
   0.94436E+02    0.77647E+02    0.32162E+02    0.88504E+01
   0.94552E+02    0.77425E+02    0.32521E+02    0.88783E+01
   0.94426E+02    0.77425E+02    0.32521E+02    0.88783E+01
   0.94593E+02    0.77070E+02    0.32258E+02    0.87942E+01
   0.94673E+02    0.77573E+02    0.32258E+02    0.87942E+01
   0.94586E+02    0.77360E+02    0.32206E+02    0.88704E+01
   0.94750E+02    0.77247E+02    0.32206E+02    0.88704E+01
   0.94670E+02    0.77249E+02    0.32374E+02    0.90261E+01
   0.94718E+02    0.77376E+02    0.32374E+02    0.90261E+01
   0.94575E+02    0.77286E+02    0.32166E+02    0.89763E+01
   0.94588E+02    0.77113E+02    0.32166E+02    0.89763E+01
   0.94717E+02    0.77018E+02    0.32480E+02    0.87934E+01
   0.94721E+02    0.77187E+02    0.32480E+02    0.87934E+01
   0.94452E+02    0.77751E+02    0.31806E+02    0.87845E+01
   0.94464E+02    0.77715E+02    0.31806E+02    0.87845E+01
   0.94339E+02    0.77530E+02    0.32079E+02    0.90415E+01
   0.94547E+02    0.77062E+02    0.32079E+02    0.90415E+01
   0.94419E+02    0.76884E+02    0.31997E+02    0.87045E+01
   0.94788E+02    0.76945E+02    0.31997E+02    0.87045E+01
   0.94407E+02    0.77585E+02    0.31890E+02    0.87805E+01
   0.94516E+02    0.76787E+02    0.31890E+02    0.87805E+01
   0.94421E+02    0.77628E+02    0.32155E+02    0.88554E+01
   0.94440E+02    0.77279E+02    0.32155E+02    0.88554E+01
   0.94439E+02    0.76942E+02    0.32168E+02    0.87482E+01
   0.94740E+02    0.77151E+02    0.32168E+02    0.87482E+01
   0.94615E+02    0.77358E+02    0.32088E+02    0.89134E+01
   0.94796E+02    0.77173E+02    0.32088E+02    0.89134E+01
   0.94784E+02    0.77103E+02    0.32267E+02    0.90176E+01
   0.94472E+02    0.77364E+02    0.32267E+02    0.90176E+01
   0.94618E+02    0.77807E+02    0.31946E+02    0.88990E+01
   0.94467E+02    0.77474E+02    0.31946E+02    0.88990E+01
   0.94729E+02    0.76771E+02    0.32330E+02    0.88446E+01
   0.94648E+02    0.76842E+02    0.32330E+02    0.88446E+01
   0.94791E+02    0.76954E+02    0.32345E+02    0.89744E+01
   0.94622E+02    0.77090E+02    0.32345E+02    0.89744E+01
   0.94615E+02    0.77253E+02    0.32410E+02    0.89574E+01
   0.94664E+02    0.77212E+02    0.32410E+02    0.89574E+01
   0.94691E+02    0.76955E+02    0.32306E+02    0.88750E+01
   0.94804E+02    0.77236E+02    0.32306E+02    0.88750E+01
   0.94711E+02    0.77118E+02    0.32098E+02    0.90413E+01
   0.94810E+02    0.77208E+02    0.32098E+02    0.90413E+01
   0.94623E+02    0.76971E+02    0.32209E+02    0.88719E+01
   0.94697E+02    0.77211E+02    0.32209E+02    0.88719E+01
   0.94767E+02    0.77293E+02    0.32072E+02    0.90435E+01
   0.94575E+02    0.77532E+02    0.32072E+02    0.90435E+01
   0.94675E+02    0.77342E+02    0.32181E+02    0.89318E+01
   0.94581E+02    0.77401E+02    0.32181E+02    0.89318E+01
   0.94609E+02    0.77014E+02    0.32175E+02    0.87845E+01
   0.94652E+02    0.77289E+02    0.32175E+02    0.87845E+01
   0.94744E+02    0.77711E+02    0.31978E+02    0.88306E+01
   0.94594E+02    0.77725E+02    0.31978E+02    0.88306E+01
   0.94755E+02    0.77127E+02    0.31987E+02    0.89864E+01
   0.94633E+02    0.77182E+02    0.31987E+02    0.89864E+01
   0.94606E+02    0.77553E+02    0.31891E+02    0.89603E+01
   0.94578E+02    0.77088E+02    0.31891E+02    0.89603E+01
   0.94712E+02    0.77028E+02    0.32364E+02    0.87894E+01
   0.94802E+02    0.77024E+02    0.32364E+02    0.87894E+01
   0.94785E+02    0.77378E+02    0.32037E+02    0.91704E+01
   0.94596E+02    0.77344E+02    0.32037E+02    0.91704E+01
   0.94542E+02    0.77710E+02    0.32404E+02    0.89543E+01
   0.94350E+02    0.77341E+02    0.32404E+02    0.89543E+01
   0.94553E+02    0.77739E+02    0.31818E+02    0.88459E+01
   0.94541E+02    0.77239E+02    0.31818E+02    0.88459E+01
   0.94670E+02    0.77131E+02    0.32227E+02    0.90328E+01
   0.94571E+02    0.77350E+02    0.32227E+02    0.90328E+01
   0.94656E+02    0.77334E+02    0.31553E+02    0.90554E+01
   0.94438E+02    0.77618E+02    0.31553E+02    0.90554E+01
   0.94532E+02    0.77635E+02    0.32516E+02    0.89817E+01
   0.94281E+02    0.77218E+02    0.32516E+02    0.89817E+01
   0.94581E+02    0.77375E+02    0.32084E+02    0.87786E+01
   0.94579E+02    0.77326E+02    0.32084E+02    0.87786E+01
   0.94566E+02    0.77724E+02    0.32095E+02    0.90272E+01
   0.94490E+02    0.77589E+02    0.32095E+02    0.90272E+01
   0.94604E+02    0.77300E+02    0.32110E+02    0.87932E+01
   0.94613E+02    0.77235E+02    0.32110E+02    0.87932E+01
   0.94525E+02    0.77359E+02    0.32230E+02    0.88888E+01
   0.94472E+02    0.78088E+02    0.32230E+02    0.88888E+01
   0.94385E+02    0.77448E+02    0.32151E+02    0.89103E+01
   0.94461E+02    0.77208E+02    0.32151E+02    0.89103E+01
   0.94350E+02    0.77074E+02    0.32200E+02    0.90219E+01
   0.94394E+02    0.77559E+02    0.32200E+02    0.90219E+01
   0.94457E+02    0.77537E+02    0.32029E+02    0.88355E+01
   0.94469E+02    0.77184E+02    0.32029E+02    0.88355E+01
   0.94508E+02    0.77317E+02    0.32153E+02    0.89255E+01
   0.94412E+02    0.77485E+02    0.32153E+02    0.89255E+01
   0.94372E+02    0.77700E+02    0.32286E+02    0.90272E+01
   0.94548E+02    0.77449E+02    0.32286E+02    0.90272E+01
   0.94451E+02    0.77516E+02    0.32883E+02    0.89001E+01
   0.94491E+02    0.77635E+02    0.32883E+02    0.89001E+01
   0.94604E+02    0.77501E+02    0.32571E+02    0.87466E+01
   0.94452E+02    0.77199E+02    0.32571E+02    0.87466E+01
   0.94657E+02    0.77097E+02    0.32573E+02    0.89694E+01
   0.94681E+02    0.77210E+02    0.32573E+02    0.89694E+01
   0.94503E+02    0.77604E+02    0.31849E+02    0.88916E+01
   0.94507E+02    0.77284E+02    0.31849E+02    0.88916E+01
   0.94536E+02    0.77392E+02    0.32209E+02    0.89109E+01
   0.94586E+02    0.77335E+02    0.32209E+02    0.89109E+01
   0.94612E+02    0.77654E+02    0.32362E+02    0.88577E+01
   0.94663E+02    0.77153E+02    0.32362E+02    0.88577E+01
   0.94662E+02    0.77437E+02    0.32069E+02    0.89344E+01
   0.94603E+02    0.77187E+02    0.32069E+02    0.89344E+01
   0.94637E+02    0.77560E+02    0.32263E+02    0.88891E+01
   0.94620E+02    0.77718E+02    0.32263E+02    0.88891E+01
   0.94749E+02    0.77533E+02    0.31709E+02    0.89589E+01
   0.94267E+02    0.77189E+02    0.31709E+02    0.89589E+01
   0.94736E+02    0.77693E+02    0.32261E+02    0.86824E+01
   0.94294E+02    0.78022E+02    0.32261E+02    0.86824E+01
   0.94609E+02    0.77791E+02    0.31961E+02    0.88053E+01
   0.94554E+02    0.77643E+02    0.31961E+02    0.88053E+01
   0.94664E+02    0.77673E+02    0.32423E+02    0.89549E+01
   0.94561E+02    0.77272E+02    0.32423E+02    0.89549E+01
   0.94597E+02    0.77272E+02    0.32548E+02    0.88276E+01
   0.94820E+02    0.77274E+02    0.32548E+02    0.88276E+01
   0.94672E+02    0.77358E+02    0.32573E+02    0.88675E+01
   0.94760E+02    0.77542E+02    0.32573E+02    0.88675E+01
   0.94626E+02    0.77388E+02    0.32039E+02    0.88128E+01
   0.94628E+02    0.77750E+02    0.32039E+02    0.88128E+01
   0.94743E+02    0.77529E+02    0.32261E+02    0.88265E+01
   0.94703E+02    0.77466E+02    0.32261E+02    0.88265E+01
   0.94689E+02    0.77240E+02    0.31864E+02    0.86374E+01
   0.94473E+02    0.77690E+02    0.31864E+02    0.86374E+01
   0.94550E+02    0.77566E+02    0.32345E+02    0.91738E+01
   0.94500E+02    0.77613E+02    0.32345E+02    0.91738E+01
   0.94544E+02    0.77450E+02    0.32669E+02    0.89482E+01
   0.94584E+02    0.77586E+02    0.32669E+02    0.89482E+01
   0.94681E+02    0.77380E+02    0.32365E+02    0.89407E+01
   0.94617E+02    0.77583E+02    0.32365E+02    0.89407E+01
   0.94552E+02    0.77495E+02    0.32372E+02    0.90251E+01
   0.94539E+02    0.77409E+02    0.32372E+02    0.90251E+01
   0.94567E+02    0.77243E+02    0.32430E+02    0.89617E+01
   0.94693E+02    0.77715E+02    0.32430E+02    0.89617E+01
   0.94418E+02    0.77667E+02    0.32482E+02    0.88621E+01
   0.94407E+02    0.77507E+02    0.32482E+02    0.88621E+01
   0.94592E+02    0.77503E+02    0.32814E+02    0.88751E+01
   0.94689E+02    0.77726E+02    0.32814E+02    0.88751E+01
   0.94609E+02    0.77502E+02    0.32191E+02    0.88957E+01
   0.94684E+02    0.77211E+02    0.32191E+02    0.88957E+01
   0.94493E+02    0.77428E+02    0.32813E+02    0.88280E+01
   0.94521E+02    0.77425E+02    0.32813E+02    0.88280E+01
   0.94430E+02    0.77440E+02    0.32188E+02    0.87114E+01
   0.94362E+02    0.77612E+02    0.32188E+02    0.87114E+01
   0.94374E+02    0.77786E+02    0.32553E+02    0.87676E+01
   0.94339E+02    0.77456E+02    0.32553E+02    0.87676E+01
   0.94459E+02    0.77470E+02    0.31922E+02    0.87524E+01
   0.94612E+02    0.77537E+02    0.31922E+02    0.87524E+01
   0.94494E+02    0.77299E+02    0.32609E+02    0.87721E+01
   0.94386E+02    0.77297E+02    0.32609E+02    0.87721E+01
   0.94555E+02    0.77721E+02    0.32167E+02    0.89233E+01
   0.94539E+02    0.77986E+02    0.32167E+02    0.89233E+01
   0.94418E+02    0.77474E+02    0.32404E+02    0.86788E+01
   0.94439E+02    0.77092E+02    0.32404E+02    0.86788E+01
   0.94441E+02    0.77290E+02    0.32660E+02    0.87000E+01
   0.94535E+02    0.77580E+02    0.32660E+02    0.87000E+01
   0.94423E+02    0.77134E+02    0.32411E+02    0.87701E+01
   0.94363E+02    0.76635E+02    0.32411E+02    0.87701E+01
   0.94551E+02    0.76840E+02    0.32301E+02    0.87955E+01
   0.94574E+02    0.77531E+02    0.32301E+02    0.87955E+01
   0.94509E+02    0.77201E+02    0.31870E+02    0.88955E+01
   0.94400E+02    0.77501E+02    0.31870E+02    0.88955E+01
   0.94448E+02    0.77657E+02    0.32071E+02    0.87611E+01
   0.94533E+02    0.77594E+02    0.32071E+02    0.87611E+01
   0.94354E+02    0.77106E+02    0.32065E+02    0.87491E+01
   0.94521E+02    0.77058E+02    0.32065E+02    0.87491E+01
   0.94563E+02    0.77189E+02    0.32422E+02    0.87435E+01
   0.94776E+02    0.77389E+02    0.32422E+02    0.87435E+01
   0.94702E+02    0.76994E+02    0.31948E+02    0.88512E+01
   0.94605E+02    0.77227E+02    0.31948E+02    0.88512E+01
   0.94729E+02    0.77089E+02    0.32427E+02    0.87414E+01
   0.94555E+02    0.76883E+02    0.32427E+02    0.87414E+01
   0.94625E+02    0.77034E+02    0.31690E+02    0.87571E+01
   0.94633E+02    0.76960E+02    0.31690E+02    0.87571E+01
   0.94720E+02    0.76947E+02    0.31717E+02    0.89033E+01
   0.94827E+02    0.77399E+02    0.31717E+02    0.89033E+01
   0.94661E+02    0.76951E+02    0.31721E+02    0.88740E+01
   0.94575E+02    0.77527E+02    0.31721E+02    0.88740E+01
   0.94503E+02    0.77237E+02    0.31880E+02    0.90826E+01
   0.94473E+02    0.77168E+02    0.31880E+02    0.90826E+01
   0.94627E+02    0.76937E+02    0.31385E+02    0.87796E+01
   0.94633E+02    0.77172E+02    0.31385E+02    0.87796E+01
   0.94599E+02    0.77274E+02    0.31787E+02    0.88575E+01
   0.94516E+02    0.77313E+02    0.31787E+02    0.88575E+01
   0.94650E+02    0.76729E+02    0.31665E+02    0.86418E+01
   0.94861E+02    0.77047E+02    0.31665E+02    0.86418E+01
   0.94737E+02    0.77078E+02    0.31678E+02    0.89127E+01
   0.94835E+02    0.77200E+02    0.31678E+02    0.89127E+01
   0.94648E+02    0.77350E+02    0.31752E+02    0.88309E+01
   0.94666E+02    0.77448E+02    0.31752E+02    0.88309E+01
   0.94693E+02    0.77002E+02    0.32089E+02    0.89297E+01
   0.94817E+02    0.77543E+02    0.32089E+02    0.89297E+01
   0.94696E+02    0.77158E+02    0.31810E+02    0.88531E+01
   0.94670E+02    0.77028E+02    0.31810E+02    0.88531E+01
   0.94757E+02    0.77079E+02    0.31700E+02    0.88275E+01
   0.94795E+02    0.77480E+02    0.31700E+02    0.88275E+01
   0.94791E+02    0.77296E+02    0.31864E+02    0.90017E+01
   0.94457E+02    0.77476E+02    0.31864E+02    0.90017E+01
   0.94596E+02    0.77241E+02    0.31900E+02    0.90128E+01
   0.94719E+02    0.77194E+02    0.31900E+02    0.90128E+01
   0.94595E+02    0.77245E+02    0.32084E+02    0.90365E+01
   0.94558E+02    0.77492E+02    0.32084E+02    0.90365E+01
   0.94729E+02    0.77532E+02    0.31879E+02    0.88703E+01
   0.94628E+02    0.77752E+02    0.31879E+02    0.88703E+01
   0.94520E+02    0.77428E+02    0.32600E+02    0.90797E+01
   0.94615E+02    0.77162E+02    0.32600E+02    0.90797E+01
   0.94539E+02    0.77203E+02    0.32001E+02    0.88619E+01
   0.94544E+02    0.77199E+02    0.32001E+02    0.88619E+01
   0.94487E+02    0.77600E+02    0.32114E+02    0.90759E+01
   0.94483E+02    0.77477E+02    0.32114E+02    0.90759E+01
   0.94589E+02    0.77173E+02    0.32171E+02    0.89813E+01
   0.94707E+02    0.76837E+02    0.32171E+02    0.89813E+01
   0.94719E+02    0.77189E+02    0.32476E+02    0.88455E+01
   0.94606E+02    0.77884E+02    0.32476E+02    0.88455E+01
   0.94613E+02    0.77978E+02    0.32584E+02    0.88800E+01
   0.94624E+02    0.77577E+02    0.32584E+02    0.88800E+01
   0.94631E+02    0.77425E+02    0.32740E+02    0.89474E+01
   0.94564E+02    0.77053E+02    0.32740E+02    0.89474E+01
   0.94537E+02    0.77368E+02    0.32514E+02    0.90321E+01
   0.94605E+02    0.77507E+02    0.32514E+02    0.90321E+01
   0.94440E+02    0.77458E+02    0.32356E+02    0.90451E+01
   0.94550E+02    0.77467E+02    0.32356E+02    0.90451E+01
   0.94344E+02    0.77523E+02    0.32510E+02    0.89537E+01
   0.94561E+02    0.77610E+02    0.32510E+02    0.89537E+01
   0.94546E+02    0.77021E+02    0.32405E+02    0.89279E+01
   0.94774E+02    0.77677E+02    0.32405E+02    0.89279E+01
   0.94569E+02    0.77675E+02    0.31733E+02    0.89141E+01
   0.94551E+02    0.77662E+02    0.31733E+02    0.89141E+01
   0.94348E+02    0.77741E+02    0.32219E+02    0.87333E+01
   0.94448E+02    0.77496E+02    0.32219E+02    0.87333E+01
   0.94436E+02    0.77439E+02    0.32524E+02    0.89837E+01
   0.94570E+02    0.77336E+02    0.32524E+02    0.89837E+01
   0.94465E+02    0.77547E+02    0.32247E+02    0.87522E+01
   0.94661E+02    0.77018E+02    0.32247E+02    0.87522E+01
   0.94558E+02    0.77273E+02    0.32570E+02    0.88670E+01
   0.94462E+02    0.77635E+02    0.32570E+02    0.88670E+01
   0.94562E+02    0.77764E+02    0.32091E+02    0.89748E+01
   0.94451E+02    0.77718E+02    0.32091E+02    0.89748E+01
   0.94486E+02    0.77518E+02    0.31871E+02    0.88560E+01
   0.94323E+02    0.77172E+02    0.31871E+02    0.88560E+01
   0.94453E+02    0.77406E+02    0.32356E+02    0.86019E+01
   0.94380E+02    0.77043E+02    0.32356E+02    0.86019E+01
   0.94624E+02    0.76979E+02    0.32165E+02    0.88857E+01
   0.94522E+02    0.77928E+02    0.32165E+02    0.88857E+01
   0.94593E+02    0.77594E+02    0.32220E+02    0.88489E+01
   0.94594E+02    0.77364E+02    0.32220E+02    0.88489E+01
   0.94429E+02    0.77580E+02    0.32629E+02    0.87429E+01
   0.94332E+02    0.77758E+02    0.32629E+02    0.87429E+01
   0.94504E+02    0.77812E+02    0.32313E+02    0.88178E+01
   0.94502E+02    0.77297E+02    0.32313E+02    0.88178E+01
   0.94520E+02    0.77318E+02    0.31824E+02    0.89250E+01
   0.94560E+02    0.77374E+02    0.31824E+02    0.89250E+01
   0.94447E+02    0.77331E+02    0.32078E+02    0.88323E+01
   0.94500E+02    0.77341E+02    0.32078E+02    0.88323E+01
   0.94440E+02    0.77441E+02    0.32448E+02    0.89990E+01
   0.94468E+02    0.77430E+02    0.32448E+02    0.89990E+01
   0.94523E+02    0.77662E+02    0.32475E+02    0.88392E+01
   0.94510E+02    0.77142E+02    0.32475E+02    0.88392E+01
   0.94385E+02    0.77335E+02    0.32122E+02    0.90733E+01
   0.94440E+02    0.76928E+02    0.32122E+02    0.90733E+01
   0.94518E+02    0.77645E+02    0.32307E+02    0.89150E+01
   0.94455E+02    0.77856E+02    0.32307E+02    0.89150E+01
   0.94593E+02    0.77106E+02    0.32200E+02    0.88110E+01
   0.94755E+02    0.77009E+02    0.32200E+02    0.88110E+01
   0.94639E+02    0.77052E+02    0.32219E+02    0.86373E+01
   0.94487E+02    0.77172E+02    0.32219E+02    0.86373E+01
   0.94575E+02    0.77798E+02    0.32808E+02    0.88766E+01
   0.94515E+02    0.77701E+02    0.32808E+02    0.88766E+01
   0.94604E+02    0.77141E+02    0.32025E+02    0.90086E+01
   0.94618E+02    0.77207E+02    0.32025E+02    0.90086E+01
   0.94744E+02    0.77482E+02    0.32331E+02    0.87965E+01
   0.94810E+02    0.77415E+02    0.32331E+02    0.87965E+01
   0.94714E+02    0.77501E+02    0.32502E+02    0.89088E+01
   0.94711E+02    0.77473E+02    0.32502E+02    0.89088E+01
   0.94779E+02    0.77320E+02    0.32066E+02    0.89243E+01
   0.94774E+02    0.77119E+02    0.32066E+02    0.89243E+01
   0.94605E+02    0.77376E+02    0.32271E+02    0.89902E+01
   0.94568E+02    0.77218E+02    0.32271E+02    0.89902E+01
   0.94558E+02    0.77591E+02    0.31979E+02    0.88266E+01
   0.94562E+02    0.77582E+02    0.31979E+02    0.88266E+01
   0.94482E+02    0.77569E+02    0.32006E+02    0.89012E+01
   0.94521E+02    0.77353E+02    0.32006E+02    0.89012E+01
   0.94556E+02    0.77192E+02    0.31942E+02    0.89895E+01
   0.94579E+02    0.77524E+02    0.31942E+02    0.89895E+01
   0.94518E+02    0.77404E+02    0.32090E+02    0.89547E+01
   0.94649E+02    0.77247E+02    0.32090E+02    0.89547E+01
   0.94618E+02    0.77169E+02    0.31557E+02    0.88935E+01
   0.94562E+02    0.77376E+02    0.31557E+02    0.88935E+01
   0.94500E+02    0.76979E+02    0.32538E+02    0.88465E+01
   0.94555E+02    0.77032E+02    0.32538E+02    0.88465E+01
   0.94499E+02    0.76984E+02    0.31959E+02    0.86977E+01
   0.94600E+02    0.77162E+02    0.31959E+02    0.86977E+01
   0.94555E+02    0.77568E+02    0.32063E+02    0.88311E+01
   0.94486E+02    0.77578E+02    0.32063E+02    0.88311E+01
   0.94636E+02    0.77448E+02    0.32065E+02    0.87225E+01
   0.94664E+02    0.77206E+02    0.32065E+02    0.87225E+01
   0.94592E+02    0.77557E+02    0.32162E+02    0.88555E+01
   0.94621E+02    0.77701E+02    0.32162E+02    0.88555E+01
   0.94761E+02    0.76949E+02    0.31814E+02    0.89499E+01
   0.94709E+02    0.76929E+02    0.31814E+02    0.89499E+01
   0.94736E+02    0.77397E+02    0.32475E+02    0.89644E+01
   0.94589E+02    0.77650E+02    0.32475E+02    0.89644E+01
   0.94470E+02    0.77740E+02    0.32496E+02    0.90452E+01
   0.94624E+02    0.77608E+02    0.32496E+02    0.90452E+01
   0.94669E+02    0.76970E+02    0.32082E+02    0.88012E+01
   0.94724E+02    0.77383E+02    0.32082E+02    0.88012E+01
   0.94636E+02    0.77596E+02    0.31931E+02    0.88177E+01
   0.94683E+02    0.77473E+02    0.31931E+02    0.88177E+01
   0.94671E+02    0.77166E+02    0.32188E+02    0.88195E+01
   0.94720E+02    0.77393E+02    0.32188E+02    0.88195E+01
   0.94708E+02    0.77154E+02    0.32556E+02    0.86940E+01
   0.94813E+02    0.77100E+02    0.32556E+02    0.86940E+01
   0.94827E+02    0.77233E+02    0.32326E+02    0.90121E+01
   0.94620E+02    0.77499E+02    0.32326E+02    0.90121E+01
   0.94664E+02    0.77538E+02    0.32070E+02    0.90376E+01
   0.94599E+02    0.77537E+02    0.32070E+02    0.90376E+01
   0.94566E+02    0.77715E+02    0.32363E+02    0.90497E+01
   0.94715E+02    0.76919E+02    0.32363E+02    0.90497E+01
   0.94625E+02    0.77192E+02    0.32246E+02    0.87592E+01
   0.94581E+02    0.77897E+02    0.32246E+02    0.87592E+01
   0.94439E+02    0.77372E+02    0.32651E+02    0.88525E+01
   0.94544E+02    0.77101E+02    0.32651E+02    0.88525E+01
   0.94467E+02    0.77227E+02    0.32186E+02    0.87334E+01
   0.94500E+02    0.77779E+02    0.32186E+02    0.87334E+01
   0.94444E+02    0.77506E+02    0.32550E+02    0.88298E+01
   0.94453E+02    0.77454E+02    0.32550E+02    0.88298E+01
   0.94558E+02    0.77673E+02    0.32207E+02    0.86639E+01
   0.94437E+02    0.77357E+02    0.32207E+02    0.86639E+01
   0.94679E+02    0.77455E+02    0.32339E+02    0.89549E+01
   0.94655E+02    0.77497E+02    0.32339E+02    0.89549E+01
   0.94526E+02    0.77364E+02    0.32345E+02    0.86882E+01
   0.94586E+02    0.77397E+02    0.32345E+02    0.86882E+01
   0.94386E+02    0.77605E+02    0.32193E+02    0.87112E+01
   0.94336E+02    0.77402E+02    0.32193E+02    0.87112E+01
   0.94413E+02    0.77440E+02    0.32539E+02    0.88488E+01
   0.94417E+02    0.76854E+02    0.32539E+02    0.88488E+01
   0.94519E+02    0.77004E+02    0.32009E+02    0.89258E+01
   0.94451E+02    0.76997E+02    0.32009E+02    0.89258E+01
   0.94411E+02    0.77120E+02    0.32351E+02    0.89317E+01
   0.94476E+02    0.77172E+02    0.32351E+02    0.89317E+01
   0.94382E+02    0.77409E+02    0.31635E+02    0.89710E+01
   0.94486E+02    0.77098E+02    0.31635E+02    0.89710E+01
   0.94385E+02    0.77330E+02    0.32273E+02    0.88171E+01
   0.94479E+02    0.77167E+02    0.32273E+02    0.88171E+01
   0.94529E+02    0.77447E+02    0.32316E+02    0.88004E+01
   0.94504E+02    0.77051E+02    0.32316E+02    0.88004E+01
   0.94683E+02    0.76690E+02    0.32507E+02    0.87527E+01
   0.94614E+02    0.77180E+02    0.32507E+02    0.87527E+01
   0.94718E+02    0.77226E+02    0.31755E+02    0.87171E+01
   0.94743E+02    0.77376E+02    0.31755E+02    0.87171E+01
   0.94603E+02    0.77489E+02    0.32551E+02    0.90182E+01
   0.94535E+02    0.77113E+02    0.32551E+02    0.90182E+01
   0.94683E+02    0.76782E+02    0.32518E+02    0.90083E+01
   0.94824E+02    0.76758E+02    0.32518E+02    0.90083E+01
   0.94660E+02    0.77087E+02    0.32159E+02    0.90739E+01
   0.94651E+02    0.77352E+02    0.32159E+02    0.90739E+01
   0.94755E+02    0.77170E+02    0.32487E+02    0.89443E+01
   0.94822E+02    0.76809E+02    0.32487E+02    0.89443E+01
   0.94779E+02    0.77041E+02    0.32205E+02    0.88112E+01
   0.94769E+02    0.77479E+02    0.32205E+02    0.88112E+01
   0.94606E+02    0.77724E+02    0.32960E+02    0.88071E+01
   0.94631E+02    0.77283E+02    0.32960E+02    0.88071E+01
   0.94695E+02    0.76531E+02    0.31961E+02    0.90438E+01
   0.94799E+02    0.76917E+02    0.31961E+02    0.90438E+01
   0.94820E+02    0.76428E+02    0.32017E+02    0.87711E+01
   0.95047E+02    0.77119E+02    0.32017E+02    0.87711E+01
   0.94839E+02    0.77190E+02    0.32109E+02    0.89486E+01
   0.94740E+02    0.77628E+02    0.32109E+02    0.89486E+01
   0.94762E+02    0.77015E+02    0.31977E+02    0.87170E+01
   0.94897E+02    0.77185E+02    0.31977E+02    0.87170E+01
   0.94661E+02    0.77546E+02    0.31920E+02    0.88946E+01
   0.94586E+02    0.77242E+02    0.31920E+02    0.88946E+01
   0.94591E+02    0.76753E+02    0.32126E+02    0.88722E+01
   0.94563E+02    0.76931E+02    0.32126E+02    0.88722E+01
   0.94571E+02    0.76968E+02    0.31617E+02    0.88848E+01
   0.94479E+02    0.77178E+02    0.31617E+02    0.88848E+01
   0.94583E+02    0.77554E+02    0.31919E+02    0.88272E+01
   0.94387E+02    0.77714E+02    0.31919E+02    0.88272E+01
   0.94577E+02    0.77307E+02    0.32299E+02    0.89213E+01
   0.94740E+02    0.77017E+02    0.32299E+02    0.89213E+01
   0.94630E+02    0.76785E+02    0.31837E+02    0.90143E+01
   0.94733E+02    0.76936E+02    0.31837E+02    0.90143E+01
   0.94722E+02    0.76708E+02    0.31890E+02    0.90352E+01
   0.94870E+02    0.77203E+02    0.31890E+02    0.90352E+01
   0.94881E+02    0.77435E+02    0.31544E+02    0.88350E+01
   0.94798E+02    0.77064E+02    0.31544E+02    0.88350E+01
   0.94833E+02    0.77339E+02    0.31761E+02    0.89683E+01
   0.94704E+02    0.77447E+02    0.31761E+02    0.89683E+01
   0.94807E+02    0.77169E+02    0.31829E+02    0.88095E+01
   0.94792E+02    0.76569E+02    0.31829E+02    0.88095E+01
   0.94716E+02    0.77195E+02    0.31729E+02    0.87046E+01
   0.94665E+02    0.77280E+02    0.31729E+02    0.87046E+01
   0.94569E+02    0.77725E+02    0.32079E+02    0.88831E+01
   0.94412E+02    0.77438E+02    0.32079E+02    0.88831E+01
   0.94502E+02    0.77185E+02    0.32408E+02    0.91288E+01
   0.94475E+02    0.76918E+02    0.32408E+02    0.91288E+01
   0.94773E+02    0.77023E+02    0.32447E+02    0.88010E+01
   0.94764E+02    0.76673E+02    0.32447E+02    0.88010E+01
   0.94931E+02    0.77239E+02    0.31891E+02    0.90532E+01
   0.94870E+02    0.77407E+02    0.31891E+02    0.90532E+01
   0.94808E+02    0.77408E+02    0.31971E+02    0.90422E+01
   0.94563E+02    0.77253E+02    0.31971E+02    0.90422E+01
   0.94562E+02    0.77405E+02    0.31966E+02    0.89159E+01
   0.94544E+02    0.77258E+02    0.31966E+02    0.89159E+01
   0.94639E+02    0.77054E+02    0.32273E+02    0.88225E+01
   0.94596E+02    0.77071E+02    0.32273E+02    0.88225E+01
   0.94660E+02    0.76990E+02    0.31823E+02    0.88164E+01
   0.94583E+02    0.77638E+02    0.31823E+02    0.88164E+01
   0.94368E+02    0.77756E+02    0.32577E+02    0.91044E+01
   0.94369E+02    0.77618E+02    0.32577E+02    0.91044E+01
   0.94361E+02    0.77300E+02    0.32453E+02    0.89279E+01
   0.94471E+02    0.76934E+02    0.32453E+02    0.89279E+01
   0.94736E+02    0.77043E+02    0.32028E+02    0.87498E+01
   0.94549E+02    0.77359E+02    0.32028E+02    0.87498E+01
   0.94668E+02    0.77219E+02    0.32247E+02    0.89190E+01
   0.94540E+02    0.77548E+02    0.32247E+02    0.89190E+01
   0.94624E+02    0.77072E+02    0.31915E+02    0.88962E+01
   0.94638E+02    0.77354E+02    0.31915E+02    0.88962E+01
   0.94701E+02    0.77479E+02    0.32302E+02    0.89374E+01
   0.94640E+02    0.77537E+02    0.32302E+02    0.89374E+01
   0.94565E+02    0.77268E+02    0.32161E+02    0.88084E+01
   0.94531E+02    0.77403E+02    0.32161E+02    0.88084E+01
   0.94546E+02    0.77295E+02    0.32610E+02    0.87820E+01
   0.94509E+02    0.77205E+02    0.32610E+02    0.87820E+01
   0.94485E+02    0.77066E+02    0.32568E+02    0.89175E+01
   0.94677E+02    0.77171E+02    0.32568E+02    0.89175E+01
   0.94422E+02    0.77491E+02    0.32416E+02    0.88735E+01
   0.94405E+02    0.77401E+02    0.32416E+02    0.88735E+01
   0.94355E+02    0.77305E+02    0.32057E+02    0.89971E+01
   0.94376E+02    0.77513E+02    0.32057E+02    0.89971E+01
   0.94324E+02    0.77513E+02    0.31899E+02    0.90412E+01
   0.94298E+02    0.77006E+02    0.31899E+02    0.90412E+01
   0.94501E+02    0.76636E+02    0.32377E+02    0.88895E+01
   0.94487E+02    0.77410E+02    0.32377E+02    0.88895E+01
   0.94479E+02    0.77911E+02    0.32396E+02    0.89068E+01
   0.94541E+02    0.77358E+02    0.32396E+02    0.89068E+01
   0.94598E+02    0.77314E+02    0.32214E+02    0.89859E+01
   0.94769E+02    0.76845E+02    0.32214E+02    0.89859E+01
   0.94809E+02    0.76583E+02    0.31912E+02    0.89856E+01
   0.94884E+02    0.77162E+02    0.31912E+02    0.89856E+01
   0.94679E+02    0.77350E+02    0.31826E+02    0.89055E+01
   0.94585E+02    0.77676E+02    0.31826E+02    0.89055E+01
   0.94574E+02    0.77340E+02    0.32214E+02    0.88409E+01
   0.94564E+02    0.77341E+02    0.32214E+02    0.88409E+01
   0.94754E+02    0.77122E+02    0.32108E+02    0.89994E+01
   0.94750E+02    0.77547E+02    0.32108E+02    0.89994E+01
   0.94754E+02    0.77300E+02    0.32341E+02    0.87670E+01
   0.94836E+02    0.77327E+02    0.32341E+02    0.87670E+01
   0.94622E+02    0.77576E+02    0.31971E+02    0.90372E+01
   0.94593E+02    0.77303E+02    0.31971E+02    0.90372E+01
   0.94614E+02    0.77143E+02    0.31615E+02    0.88995E+01
   0.94644E+02    0.77666E+02    0.31615E+02    0.88995E+01
   0.94596E+02    0.77663E+02    0.32244E+02    0.88975E+01
   0.94680E+02    0.77117E+02    0.32244E+02    0.88975E+01
   0.94689E+02    0.77152E+02    0.32107E+02    0.88483E+01
   0.94606E+02    0.77177E+02    0.32107E+02    0.88483E+01
   0.94755E+02    0.77508E+02    0.32510E+02    0.89158E+01
   0.94573E+02    0.77163E+02    0.32510E+02    0.89158E+01
   0.94634E+02    0.77636E+02    0.32259E+02    0.88658E+01
   0.94664E+02    0.77267E+02    0.32259E+02    0.88658E+01
   0.94405E+02    0.77574E+02    0.32661E+02    0.89643E+01
   0.94586E+02    0.77314E+02    0.32661E+02    0.89643E+01
   0.94522E+02    0.77653E+02    0.32290E+02    0.89451E+01
   0.94639E+02    0.77672E+02    0.32290E+02    0.89451E+01
   0.94841E+02    0.76965E+02    0.32103E+02    0.88977E+01
   0.94780E+02    0.77152E+02    0.32103E+02    0.88977E+01
   0.94774E+02    0.77581E+02    0.32125E+02    0.89582E+01
   0.94840E+02    0.77588E+02    0.32125E+02    0.89582E+01
   0.94529E+02    0.77693E+02    0.32453E+02    0.90224E+01
   0.94520E+02    0.77786E+02    0.32453E+02    0.90224E+01
   0.94475E+02    0.77343E+02    0.32531E+02    0.89011E+01
   0.94645E+02    0.77353E+02    0.32531E+02    0.89011E+01
   0.94455E+02    0.76961E+02    0.31853E+02    0.87977E+01
   0.94455E+02    0.77316E+02    0.31853E+02    0.87977E+01
   0.94545E+02    0.77664E+02    0.32618E+02    0.90185E+01
   0.94404E+02    0.77386E+02    0.32618E+02    0.90185E+01
   0.94548E+02    0.77755E+02    0.32283E+02    0.89919E+01
   0.94514E+02    0.77570E+02    0.32283E+02    0.89919E+01
   0.94614E+02    0.77167E+02    0.32000E+02    0.88354E+01
   0.94821E+02    0.77583E+02    0.32000E+02    0.88354E+01
   0.94713E+02    0.77779E+02    0.32278E+02    0.89043E+01
   0.94597E+02    0.77530E+02    0.32278E+02    0.89043E+01
   0.94706E+02    0.77171E+02    0.32575E+02    0.89401E+01
   0.94563E+02    0.77524E+02    0.32575E+02    0.89401E+01
   0.94430E+02    0.77632E+02    0.32217E+02    0.88126E+01
   0.94457E+02    0.77558E+02    0.32217E+02    0.88126E+01
   0.94252E+02    0.77721E+02    0.32377E+02    0.87502E+01
   0.94380E+02    0.77230E+02    0.32377E+02    0.87502E+01
   0.94390E+02    0.77521E+02    0.32317E+02    0.88149E+01
   0.94418E+02    0.77493E+02    0.32317E+02    0.88149E+01
   0.94438E+02    0.77120E+02    0.32378E+02    0.87812E+01
   0.94446E+02    0.77235E+02    0.32378E+02    0.87812E+01
   0.94510E+02    0.77361E+02    0.31813E+02    0.87773E+01
   0.94452E+02    0.77895E+02    0.31813E+02    0.87773E+01
   0.94527E+02    0.77794E+02    0.32796E+02    0.85796E+01
   0.94466E+02    0.77472E+02    0.32796E+02    0.85796E+01
   0.94571E+02    0.77362E+02    0.32293E+02    0.88390E+01
   0.94480E+02    0.77265E+02    0.32293E+02    0.88390E+01
   0.94485E+02    0.77224E+02    0.32746E+02    0.85779E+01
   0.94204E+02    0.77386E+02    0.32746E+02    0.85779E+01
   0.94459E+02    0.77130E+02    0.32273E+02    0.89600E+01
   0.94655E+02    0.77074E+02    0.32273E+02    0.89600E+01
   0.94538E+02    0.77185E+02    0.32345E+02    0.88797E+01
   0.94662E+02    0.77295E+02    0.32345E+02    0.88797E+01
   0.94515E+02    0.77517E+02    0.32337E+02    0.87812E+01
   0.94552E+02    0.77378E+02    0.32337E+02    0.87812E+01
   0.94630E+02    0.77208E+02    0.32169E+02    0.88389E+01
   0.94592E+02    0.77540E+02    0.32169E+02    0.88389E+01
   0.94613E+02    0.77051E+02    0.32268E+02    0.90167E+01
   0.94351E+02    0.77310E+02    0.32268E+02    0.90167E+01
   0.94729E+02    0.76993E+02    0.31745E+02    0.88536E+01
   0.94637E+02    0.77178E+02    0.31745E+02    0.88536E+01
   0.94723E+02    0.77444E+02    0.32175E+02    0.88965E+01
   0.94643E+02    0.76914E+02    0.32175E+02    0.88965E+01
   0.94722E+02    0.77326E+02    0.32533E+02    0.88376E+01
   0.94685E+02    0.77269E+02    0.32533E+02    0.88376E+01
   0.94593E+02    0.76963E+02    0.32455E+02    0.88084E+01
   0.94469E+02    0.77300E+02    0.32455E+02    0.88084E+01
   0.94564E+02    0.77772E+02    0.31863E+02    0.89414E+01
   0.94468E+02    0.77098E+02    0.31863E+02    0.89414E+01
   0.94601E+02    0.77026E+02    0.31799E+02    0.89750E+01
   0.94756E+02    0.76923E+02    0.31799E+02    0.89750E+01
   0.94696E+02    0.77279E+02    0.32350E+02    0.88974E+01
   0.94736E+02    0.77541E+02    0.32350E+02    0.88974E+01
   0.94525E+02    0.77207E+02    0.32269E+02    0.89496E+01
   0.94600E+02    0.77159E+02    0.32269E+02    0.89496E+01
   0.94714E+02    0.77154E+02    0.32360E+02    0.87814E+01
   0.94676E+02    0.76760E+02    0.32360E+02    0.87814E+01
   0.94961E+02    0.76927E+02    0.32293E+02    0.87562E+01
   0.94769E+02    0.77669E+02    0.32293E+02    0.87562E+01
   0.94727E+02    0.77604E+02    0.32042E+02    0.88906E+01
   0.94917E+02    0.77672E+02    0.32042E+02    0.88906E+01
   0.94646E+02    0.76993E+02    0.32086E+02    0.88780E+01
   0.94846E+02    0.77126E+02    0.32086E+02    0.88780E+01
   0.94691E+02    0.77539E+02    0.31675E+02    0.88306E+01
   0.94625E+02    0.76833E+02    0.31675E+02    0.88306E+01
   0.94715E+02    0.77356E+02    0.32017E+02    0.89626E+01
   0.94425E+02    0.77418E+02    0.32017E+02    0.89626E+01
   0.94692E+02    0.77039E+02    0.31869E+02    0.89183E+01
   0.94491E+02    0.76956E+02    0.31869E+02    0.89183E+01
   0.94707E+02    0.77401E+02    0.31953E+02    0.88982E+01
   0.94650E+02    0.77178E+02    0.31953E+02    0.88982E+01
   0.94626E+02    0.77605E+02    0.31626E+02    0.89320E+01
   0.94709E+02    0.77321E+02    0.31626E+02    0.89320E+01
   0.94555E+02    0.77141E+02    0.32530E+02    0.89719E+01
   0.94637E+02    0.76854E+02    0.32530E+02    0.89719E+01
   0.94693E+02    0.77284E+02    0.32101E+02    0.88509E+01
   0.94734E+02    0.77485E+02    0.32101E+02    0.88509E+01
   0.94553E+02    0.77117E+02    0.32329E+02    0.90098E+01
   0.94570E+02    0.77390E+02    0.32329E+02    0.90098E+01
   0.94563E+02    0.77546E+02    0.32199E+02    0.89553E+01
   0.94614E+02    0.77515E+02    0.32199E+02    0.89553E+01
   0.94534E+02    0.77388E+02    0.32359E+02    0.88251E+01
   0.94552E+02    0.77223E+02    0.32359E+02    0.88251E+01
   0.94666E+02    0.76670E+02    0.32128E+02    0.87918E+01
   0.94622E+02    0.76840E+02    0.32128E+02    0.87918E+01
   0.94758E+02    0.77078E+02    0.32331E+02    0.87124E+01
   0.94614E+02    0.77381E+02    0.32331E+02    0.87124E+01
   0.94529E+02    0.77489E+02    0.31617E+02    0.88803E+01
   0.94407E+02    0.77491E+02    0.31617E+02    0.88803E+01
   0.94403E+02    0.77316E+02    0.32118E+02    0.87957E+01
   0.94315E+02    0.76701E+02    0.32118E+02    0.87957E+01
   0.94494E+02    0.76850E+02    0.31746E+02    0.90008E+01
   0.94688E+02    0.77186E+02    0.31746E+02    0.90008E+01
   0.94552E+02    0.77483E+02    0.32396E+02    0.88305E+01
   0.94566E+02    0.77306E+02    0.32396E+02    0.88305E+01
   0.94655E+02    0.77361E+02    0.32251E+02    0.86905E+01
   0.94668E+02    0.77255E+02    0.32251E+02    0.86905E+01
   0.94716E+02    0.76870E+02    0.32045E+02    0.89479E+01
   0.94653E+02    0.76475E+02    0.32045E+02    0.89479E+01
   0.94610E+02    0.77744E+02    0.32540E+02    0.89861E+01
   0.94555E+02    0.76920E+02    0.32540E+02    0.89861E+01
   0.94651E+02    0.77073E+02    0.32093E+02    0.89082E+01
   0.94579E+02    0.77185E+02    0.32093E+02    0.89082E+01
   0.94751E+02    0.77394E+02    0.31880E+02    0.89138E+01
   0.94629E+02    0.77290E+02    0.31880E+02    0.89138E+01
   0.94757E+02    0.76865E+02    0.32078E+02    0.89000E+01
   0.94851E+02    0.76982E+02    0.32078E+02    0.89000E+01
   0.94738E+02    0.77809E+02    0.31962E+02    0.90233E+01
   0.94836E+02    0.77231E+02    0.31962E+02    0.90233E+01
   0.94688E+02    0.77380E+02    0.31958E+02    0.88424E+01
   0.94738E+02    0.77786E+02    0.31958E+02    0.88424E+01
   0.94588E+02    0.77437E+02    0.31876E+02    0.87967E+01
   0.94685E+02    0.77381E+02    0.31876E+02    0.87967E+01
   0.94648E+02    0.77265E+02    0.32316E+02    0.88092E+01
   0.94577E+02    0.77598E+02    0.32316E+02    0.88092E+01
   0.94535E+02    0.77532E+02    0.31923E+02    0.90922E+01
   0.94567E+02    0.77184E+02    0.31923E+02    0.90922E+01
   0.94570E+02    0.77374E+02    0.32164E+02    0.88637E+01
   0.94518E+02    0.77135E+02    0.32164E+02    0.88637E+01
   0.94512E+02    0.77077E+02    0.32477E+02    0.87384E+01
   0.94487E+02    0.77254E+02    0.32477E+02    0.87384E+01
   0.94614E+02    0.77570E+02    0.32105E+02    0.88429E+01
   0.94559E+02    0.77560E+02    0.32105E+02    0.88429E+01
   0.94458E+02    0.77197E+02    0.32295E+02    0.88283E+01
   0.94381E+02    0.77192E+02    0.32295E+02    0.88283E+01
   0.94462E+02    0.77098E+02    0.32699E+02    0.88543E+01
   0.94514E+02    0.77270E+02    0.32699E+02    0.88543E+01
   0.94386E+02    0.77018E+02    0.32071E+02    0.88677E+01
   0.94510E+02    0.77050E+02    0.32071E+02    0.88677E+01
   0.94495E+02    0.77495E+02    0.32433E+02    0.87459E+01
   0.94636E+02    0.77707E+02    0.32433E+02    0.87459E+01
   0.94500E+02    0.77427E+02    0.32355E+02    0.89348E+01
   0.94509E+02    0.77565E+02    0.32355E+02    0.89348E+01
   0.94694E+02    0.77350E+02    0.32289E+02    0.87729E+01
   0.94778E+02    0.77257E+02    0.32289E+02    0.87729E+01
   0.94784E+02    0.77556E+02    0.32310E+02    0.88539E+01
   0.94729E+02    0.77827E+02    0.32310E+02    0.88539E+01
   0.94701E+02    0.77595E+02    0.32280E+02    0.88320E+01
   0.94496E+02    0.77841E+02    0.32280E+02    0.88320E+01
   0.94673E+02    0.77022E+02    0.32665E+02    0.90572E+01
   0.94866E+02    0.77310E+02    0.32665E+02    0.90572E+01
   0.94692E+02    0.77025E+02    0.31770E+02    0.88756E+01
   0.94920E+02    0.77085E+02    0.31770E+02    0.88756E+01
   0.94780E+02    0.77346E+02    0.32695E+02    0.89909E+01
   0.94680E+02    0.77412E+02    0.32695E+02    0.89909E+01
   0.94653E+02    0.77799E+02    0.32262E+02    0.88755E+01
   0.94489E+02    0.77429E+02    0.32262E+02    0.88755E+01
   0.94545E+02    0.77295E+02    0.32044E+02    0.87872E+01
   0.94576E+02    0.77404E+02    0.32044E+02    0.87872E+01
   0.94392E+02    0.77406E+02    0.32123E+02    0.89262E+01
   0.94544E+02    0.77422E+02    0.32123E+02    0.89262E+01
   0.94672E+02    0.76790E+02    0.32767E+02    0.90560E+01
   0.94542E+02    0.77329E+02    0.32767E+02    0.90560E+01
   0.94492E+02    0.77232E+02    0.32013E+02    0.89942E+01
   0.94509E+02    0.77354E+02    0.32013E+02    0.89942E+01
   0.94480E+02    0.77188E+02    0.32599E+02    0.87635E+01
   0.94537E+02    0.77240E+02    0.32599E+02    0.87635E+01
   0.94528E+02    0.77232E+02    0.32030E+02    0.89119E+01
   0.94516E+02    0.77639E+02    0.32030E+02    0.89119E+01
   0.94551E+02    0.77493E+02    0.31871E+02    0.88942E+01
   0.94436E+02    0.77324E+02    0.31871E+02    0.88942E+01
   0.94557E+02    0.77082E+02    0.31882E+02    0.88792E+01
   0.94651E+02    0.77155E+02    0.31882E+02    0.88792E+01
   0.94461E+02    0.77297E+02    0.32402E+02    0.89775E+01
   0.94646E+02    0.77189E+02    0.32402E+02    0.89775E+01
   0.94609E+02    0.77122E+02    0.32021E+02    0.89466E+01
   0.94666E+02    0.76776E+02    0.32021E+02    0.89466E+01
   0.94504E+02    0.77557E+02    0.32279E+02    0.90147E+01
   0.94396E+02    0.77763E+02    0.32279E+02    0.90147E+01
   0.94425E+02    0.77204E+02    0.32066E+02    0.88453E+01
   0.94527E+02    0.77460E+02    0.32066E+02    0.88453E+01
   0.94542E+02    0.76636E+02    0.32171E+02    0.87973E+01
   0.94757E+02    0.76984E+02    0.32171E+02    0.87973E+01
   0.94567E+02    0.76938E+02    0.32127E+02    0.90279E+01
   0.94683E+02    0.76976E+02    0.32127E+02    0.90279E+01
   0.94718E+02    0.76999E+02    0.32275E+02    0.89481E+01
   0.94738E+02    0.77263E+02    0.32275E+02    0.89481E+01
   0.94667E+02    0.77354E+02    0.32425E+02    0.88148E+01
   0.94612E+02    0.77131E+02    0.32425E+02    0.88148E+01
   0.94705E+02    0.76966E+02    0.32126E+02    0.88202E+01
   0.94615E+02    0.77040E+02    0.32126E+02    0.88202E+01
   0.94784E+02    0.76748E+02    0.32006E+02    0.89622E+01
   0.94723E+02    0.77324E+02    0.32006E+02    0.89622E+01
   0.94689E+02    0.77395E+02    0.31626E+02    0.89888E+01
   0.94570E+02    0.77161E+02    0.31626E+02    0.89888E+01
   0.94735E+02    0.77149E+02    0.31895E+02    0.89098E+01
   0.94549E+02    0.77455E+02    0.31895E+02    0.89098E+01
   0.94608E+02    0.76836E+02    0.31949E+02    0.87948E+01
   0.94583E+02    0.77370E+02    0.31949E+02    0.87948E+01
   0.94736E+02    0.77294E+02    0.32230E+02    0.89993E+01
   0.94850E+02    0.77397E+02    0.32230E+02    0.89993E+01
   0.94707E+02    0.77293E+02    0.31910E+02    0.89685E+01
   0.94733E+02    0.77191E+02    0.31910E+02    0.89685E+01
   0.94623E+02    0.77016E+02    0.32058E+02    0.88868E+01
   0.94585E+02    0.76784E+02    0.32058E+02    0.88868E+01
   0.94745E+02    0.77011E+02    0.32355E+02    0.89103E+01
   0.94649E+02    0.77603E+02    0.32355E+02    0.89103E+01
   0.94755E+02    0.77455E+02    0.32277E+02    0.88367E+01
   0.94818E+02    0.77162E+02    0.32277E+02    0.88367E+01
   0.94874E+02    0.77256E+02    0.32439E+02    0.89259E+01
   0.94682E+02    0.77106E+02    0.32439E+02    0.89259E+01
   0.94709E+02    0.77903E+02    0.32054E+02    0.89545E+01
   0.94819E+02    0.77587E+02    0.32054E+02    0.89545E+01
   0.94609E+02    0.76919E+02    0.32537E+02    0.89509E+01
   0.94620E+02    0.77267E+02    0.32537E+02    0.89509E+01
   0.94485E+02    0.76912E+02    0.31420E+02    0.88642E+01
   0.94532E+02    0.77616E+02    0.31420E+02    0.88642E+01
   0.94352E+02    0.77836E+02    0.31542E+02    0.89572E+01
   0.94426E+02    0.77504E+02    0.31542E+02    0.89572E+01
   0.94483E+02    0.77288E+02    0.31441E+02    0.88426E+01
   0.94578E+02    0.77230E+02    0.31441E+02    0.88426E+01
   0.94624E+02    0.77434E+02    0.32347E+02    0.88187E+01
   0.94661E+02    0.77015E+02    0.32347E+02    0.88187E+01
   0.94667E+02    0.77680E+02    0.32200E+02    0.87053E+01
   0.94591E+02    0.77512E+02    0.32200E+02    0.87053E+01
   0.94595E+02    0.77439E+02    0.32332E+02    0.87594E+01
   0.94756E+02    0.77253E+02    0.32332E+02    0.87594E+01
   0.94775E+02    0.77278E+02    0.32166E+02    0.88448E+01
   0.94808E+02    0.77619E+02    0.32166E+02    0.88448E+01
   0.94590E+02    0.77295E+02    0.32562E+02    0.88731E+01
   0.94370E+02    0.77152E+02    0.32562E+02    0.88731E+01
   0.94452E+02    0.77362E+02    0.32198E+02    0.89518E+01
   0.94337E+02    0.77121E+02    0.32198E+02    0.89518E+01
   0.94490E+02    0.77341E+02    0.32737E+02    0.89115E+01
   0.94522E+02    0.77482E+02    0.32737E+02    0.89115E+01
   0.94608E+02    0.77215E+02    0.32458E+02    0.88045E+01
   0.94633E+02    0.77579E+02    0.32458E+02    0.88045E+01
   0.94601E+02    0.77137E+02    0.32560E+02    0.89758E+01
   0.94739E+02    0.77212E+02    0.32560E+02    0.89758E+01
   0.94659E+02    0.77261E+02    0.32558E+02    0.89763E+01
   0.94560E+02    0.77642E+02    0.32558E+02    0.89763E+01
   0.94481E+02    0.77365E+02    0.32674E+02    0.88995E+01
   0.94448E+02    0.76989E+02    0.32674E+02    0.88995E+01
   0.94616E+02    0.77516E+02    0.32715E+02    0.88716E+01
   0.94622E+02    0.77553E+02    0.32715E+02    0.88716E+01
   0.94662E+02    0.77426E+02    0.32710E+02    0.88316E+01
   0.94590E+02    0.77122E+02    0.32710E+02    0.88316E+01
   0.94693E+02    0.77153E+02    0.32402E+02    0.87802E+01
   0.94594E+02    0.77588E+02    0.32402E+02    0.87802E+01
   0.94514E+02    0.77616E+02    0.32519E+02    0.89236E+01
   0.94554E+02    0.77224E+02    0.32519E+02    0.89236E+01
   0.94411E+02    0.77424E+02    0.32772E+02    0.89910E+01
   0.94390E+02    0.77667E+02    0.32772E+02    0.89910E+01
   0.94589E+02    0.77471E+02    0.32047E+02    0.89953E+01
   0.94768E+02    0.77050E+02    0.32047E+02    0.89953E+01
   0.94748E+02    0.77540E+02    0.32030E+02    0.89016E+01
   0.94504E+02    0.77496E+02    0.32030E+02    0.89016E+01
   0.94535E+02    0.77463E+02    0.32415E+02    0.89166E+01
   0.94589E+02    0.77498E+02    0.32415E+02    0.89166E+01
   0.94361E+02    0.77296E+02    0.32668E+02    0.88403E+01
   0.94426E+02    0.77302E+02    0.32668E+02    0.88403E+01
   0.94504E+02    0.77160E+02    0.32043E+02    0.88478E+01
   0.94509E+02    0.77197E+02    0.32043E+02    0.88478E+01
   0.94460E+02    0.77144E+02    0.32111E+02    0.87654E+01
   0.94519E+02    0.77525E+02    0.32111E+02    0.87654E+01
   0.94393E+02    0.77213E+02    0.31728E+02    0.89984E+01
   0.94441E+02    0.77083E+02    0.31728E+02    0.89984E+01
   0.94511E+02    0.77248E+02    0.32419E+02    0.87168E+01
   0.94477E+02    0.77367E+02    0.32419E+02    0.87168E+01
   0.94659E+02    0.76701E+02    0.31892E+02    0.89051E+01
   0.94739E+02    0.77033E+02    0.31892E+02    0.89051E+01
   0.94765E+02    0.77367E+02    0.32099E+02    0.90493E+01
   0.94596E+02    0.78212E+02    0.32099E+02    0.90493E+01
   0.94517E+02    0.77925E+02    0.32680E+02    0.87269E+01
   0.94591E+02    0.77178E+02    0.32680E+02    0.87269E+01
   0.94529E+02    0.76413E+02    0.31801E+02    0.90579E+01
   0.94640E+02    0.76877E+02    0.31801E+02    0.90579E+01
   0.94745E+02    0.77008E+02    0.32203E+02    0.90758E+01
   0.94743E+02    0.77230E+02    0.32203E+02    0.90758E+01
   0.94701E+02    0.77243E+02    0.32110E+02    0.88909E+01
   0.94799E+02    0.77309E+02    0.32110E+02    0.88909E+01
   0.94601E+02    0.77758E+02    0.31965E+02    0.89609E+01
   0.94641E+02    0.77398E+02    0.31965E+02    0.89609E+01
   0.94624E+02    0.77235E+02    0.31946E+02    0.88745E+01
   0.94737E+02    0.77113E+02    0.31946E+02    0.88745E+01
   0.94681E+02    0.76917E+02    0.31672E+02    0.90411E+01
   0.94918E+02    0.77534E+02    0.31672E+02    0.90411E+01
   0.94614E+02    0.77168E+02    0.32333E+02    0.89324E+01
   0.94447E+02    0.77442E+02    0.32333E+02    0.89324E+01
   0.94589E+02    0.77131E+02    0.31718E+02    0.88180E+01
   0.94749E+02    0.76966E+02    0.31718E+02    0.88180E+01
   0.94669E+02    0.77214E+02    0.31617E+02    0.89040E+01
   0.94502E+02    0.77291E+02    0.31617E+02    0.89040E+01
   0.94560E+02    0.77577E+02    0.31719E+02    0.87988E+01
   0.94534E+02    0.77307E+02    0.31719E+02    0.87988E+01
   0.94575E+02    0.77395E+02    0.31937E+02    0.87694E+01
   0.94728E+02    0.77493E+02    0.31937E+02    0.87694E+01
   0.94734E+02    0.77086E+02    0.32546E+02    0.89086E+01
   0.95064E+02    0.77073E+02    0.32546E+02    0.89086E+01
   0.94747E+02    0.77008E+02    0.31910E+02    0.89146E+01
   0.95159E+02    0.77207E+02    0.31910E+02    0.89146E+01
   0.94730E+02    0.77630E+02    0.32644E+02    0.90344E+01
   0.94684E+02    0.77624E+02    0.32644E+02    0.90344E+01
   0.94696E+02    0.77858E+02    0.32026E+02    0.89469E+01
   0.94592E+02    0.77314E+02    0.32026E+02    0.89469E+01
   0.94867E+02    0.77049E+02    0.31914E+02    0.90000E+01
   0.94719E+02    0.77307E+02    0.31914E+02    0.90000E+01
   0.94682E+02    0.76954E+02    0.32138E+02    0.88681E+01
   0.94874E+02    0.77139E+02    0.32138E+02    0.88681E+01
   0.94468E+02    0.77165E+02    0.32382E+02    0.90812E+01
   0.94605E+02    0.77336E+02    0.32382E+02    0.90812E+01
   0.94473E+02    0.77714E+02    0.32286E+02    0.90596E+01
   0.94391E+02    0.77450E+02    0.32286E+02    0.90596E+01
   0.94516E+02    0.77310E+02    0.32606E+02    0.90027E+01
   0.94452E+02    0.77128E+02    0.32606E+02    0.90027E+01
   0.94664E+02    0.77125E+02    0.31963E+02    0.88260E+01
   0.94601E+02    0.77260E+02    0.31963E+02    0.88260E+01
   0.94532E+02    0.77535E+02    0.31890E+02    0.89454E+01
   0.94525E+02    0.77088E+02    0.31890E+02    0.89454E+01
   0.94465E+02    0.77462E+02    0.32088E+02    0.90306E+01
   0.94494E+02    0.77415E+02    0.32088E+02    0.90306E+01
   0.94590E+02    0.77292E+02    0.31803E+02    0.87822E+01
   0.94629E+02    0.77290E+02    0.31803E+02    0.87822E+01
   0.94570E+02    0.76689E+02    0.31848E+02    0.88029E+01
   0.94527E+02    0.77380E+02    0.31848E+02    0.88029E+01
   0.94576E+02    0.77613E+02    0.32338E+02    0.88726E+01
   0.94488E+02    0.77763E+02    0.32338E+02    0.88726E+01
   0.94457E+02    0.77576E+02    0.31886E+02    0.89110E+01
   0.94365E+02    0.76961E+02    0.31886E+02    0.89110E+01
   0.94490E+02    0.76880E+02    0.32845E+02    0.88139E+01
   0.94559E+02    0.76994E+02    0.32845E+02    0.88139E+01
   0.94451E+02    0.77735E+02    0.32257E+02    0.85884E+01
   0.94371E+02    0.77415E+02    0.32257E+02    0.85884E+01
   0.94469E+02    0.76961E+02    0.32474E+02    0.88988E+01
   0.94383E+02    0.77247E+02    0.32474E+02    0.88988E+01
   0.94611E+02    0.77072E+02    0.32763E+02    0.87940E+01
   0.94567E+02    0.77225E+02    0.32763E+02    0.87940E+01
   0.94585E+02    0.77360E+02    0.32452E+02    0.89392E+01
   0.94689E+02    0.77412E+02    0.32452E+02    0.89392E+01
   0.94536E+02    0.77361E+02    0.32468E+02    0.89653E+01
   0.94708E+02    0.77227E+02    0.32468E+02    0.89653E+01
   0.94722E+02    0.77462E+02    0.32163E+02    0.86428E+01
   0.94457E+02    0.76919E+02    0.32163E+02    0.86428E+01
   0.94587E+02    0.77349E+02    0.32415E+02    0.88001E+01
   0.94476E+02    0.77572E+02    0.32415E+02    0.88001E+01
   0.94434E+02    0.77016E+02    0.32205E+02    0.88529E+01
   0.94439E+02    0.77007E+02    0.32205E+02    0.88529E+01
   0.94336E+02    0.77018E+02    0.32365E+02    0.88382E+01
   0.94310E+02    0.76797E+02    0.32365E+02    0.88382E+01
   0.94435E+02    0.77295E+02    0.32161E+02    0.89990E+01
   0.94669E+02    0.76975E+02    0.32161E+02    0.89990E+01
   0.94588E+02    0.77017E+02    0.32229E+02    0.89582E+01
   0.94798E+02    0.77181E+02    0.32229E+02    0.89582E+01
   0.94611E+02    0.77659E+02    0.31782E+02    0.89216E+01
   0.94498E+02    0.76905E+02    0.31782E+02    0.89216E+01
   0.94662E+02    0.77171E+02    0.32088E+02    0.86454E+01
   0.94532E+02    0.77085E+02    0.32088E+02    0.86454E+01
   0.94677E+02    0.76973E+02    0.32238E+02    0.88493E+01
   0.94742E+02    0.76975E+02    0.32238E+02    0.88493E+01
   0.94642E+02    0.77176E+02    0.32640E+02    0.88892E+01
   0.94647E+02    0.77566E+02    0.32640E+02    0.88892E+01
   0.94472E+02    0.77633E+02    0.32075E+02    0.88819E+01
   0.94564E+02    0.77395E+02    0.32075E+02    0.88819E+01
   0.94557E+02    0.76543E+02    0.32477E+02    0.88584E+01
   0.94523E+02    0.76993E+02    0.32477E+02    0.88584E+01
   0.94779E+02    0.77036E+02    0.32206E+02    0.90952E+01
   0.94725E+02    0.77173E+02    0.32206E+02    0.90952E+01
   0.94702E+02    0.77202E+02    0.31879E+02    0.88914E+01
   0.94594E+02    0.77012E+02    0.31879E+02    0.88914E+01
   0.94628E+02    0.77011E+02    0.31916E+02    0.89696E+01
   0.94694E+02    0.76596E+02    0.31916E+02    0.89696E+01
   0.94880E+02    0.77029E+02    0.32085E+02    0.87203E+01
   0.94674E+02    0.77228E+02    0.32085E+02    0.87203E+01
   0.94708E+02    0.77216E+02    0.31488E+02    0.89993E+01
   0.94784E+02    0.77209E+02    0.31488E+02    0.89993E+01
   0.94571E+02    0.77862E+02    0.32407E+02    0.90612E+01
   0.94679E+02    0.77253E+02    0.32407E+02    0.90612E+01
   0.94583E+02    0.77355E+02    0.31912E+02    0.89575E+01
   0.94875E+02    0.77337E+02    0.31912E+02    0.89575E+01
   0.94682E+02    0.76862E+02    0.31860E+02    0.89300E+01
   0.94763E+02    0.77129E+02    0.31860E+02    0.89300E+01
   0.94733E+02    0.77295E+02    0.32491E+02    0.90584E+01
   0.94576E+02    0.77558E+02    0.32491E+02    0.90584E+01
   0.94686E+02    0.77450E+02    0.31708E+02    0.91896E+01
   0.94638E+02    0.77201E+02    0.31708E+02    0.91896E+01
   0.94724E+02    0.76835E+02    0.31876E+02    0.90557E+01
   0.94631E+02    0.77138E+02    0.31876E+02    0.90557E+01
   0.94686E+02    0.77579E+02    0.32505E+02    0.90429E+01
   0.94776E+02    0.77101E+02    0.32505E+02    0.90429E+01
   0.94653E+02    0.77561E+02    0.32019E+02    0.89874E+01
   0.94697E+02    0.77211E+02    0.32019E+02    0.89874E+01
   0.94510E+02    0.77617E+02    0.31969E+02    0.89499E+01
   0.94571E+02    0.77392E+02    0.31969E+02    0.89499E+01
   0.94453E+02    0.77468E+02    0.31619E+02    0.90640E+01
   0.94492E+02    0.77692E+02    0.31619E+02    0.90640E+01
   0.94649E+02    0.77513E+02    0.32462E+02    0.90228E+01
   0.94845E+02    0.77246E+02    0.32462E+02    0.90228E+01
   0.94787E+02    0.76983E+02    0.32029E+02    0.88210E+01
   0.94782E+02    0.77120E+02    0.32029E+02    0.88210E+01
   0.94763E+02    0.77335E+02    0.32344E+02    0.90175E+01
   0.94574E+02    0.77727E+02    0.32344E+02    0.90175E+01
   0.94433E+02    0.77686E+02    0.32063E+02    0.87862E+01
   0.94574E+02    0.77026E+02    0.32063E+02    0.87862E+01
   0.94422E+02    0.77436E+02    0.32313E+02    0.88724E+01
   0.94612E+02    0.77389E+02    0.32313E+02    0.88724E+01
   0.94418E+02    0.77737E+02    0.31847E+02    0.90388E+01
   0.94361E+02    0.77450E+02    0.31847E+02    0.90388E+01
   0.94436E+02    0.77297E+02    0.32476E+02    0.89318E+01
   0.94522E+02    0.77391E+02    0.32476E+02    0.89318E+01
   0.94512E+02    0.77376E+02    0.32594E+02    0.88980E+01
   0.94606E+02    0.77199E+02    0.32594E+02    0.88980E+01
   0.94592E+02    0.77339E+02    0.32642E+02    0.89431E+01
   0.94610E+02    0.77370E+02    0.32642E+02    0.89431E+01
   0.94448E+02    0.77472E+02    0.32176E+02    0.88425E+01
   0.94473E+02    0.77484E+02    0.32176E+02    0.88425E+01
   0.94362E+02    0.77613E+02    0.32366E+02    0.87781E+01
   0.94324E+02    0.77323E+02    0.32366E+02    0.87781E+01
   0.94500E+02    0.77187E+02    0.32323E+02    0.90783E+01
   0.94620E+02    0.77272E+02    0.32323E+02    0.90783E+01
   0.94372E+02    0.77127E+02    0.32953E+02    0.88191E+01
   0.94423E+02    0.77604E+02    0.32953E+02    0.88191E+01
   0.94155E+02    0.77595E+02    0.32674E+02    0.88093E+01
   0.94213E+02    0.77091E+02    0.32674E+02    0.88093E+01
   0.94390E+02    0.77178E+02    0.32656E+02    0.86620E+01
   0.94386E+02    0.77563E+02    0.32656E+02    0.86620E+01
   0.94478E+02    0.77322E+02    0.32739E+02    0.87659E+01
   0.94542E+02    0.76868E+02    0.32739E+02    0.87659E+01
   0.94737E+02    0.77090E+02    0.32044E+02    0.88421E+01
   0.94705E+02    0.76745E+02    0.32044E+02    0.88421E+01
   0.94794E+02    0.77522E+02    0.32208E+02    0.89050E+01
   0.94440E+02    0.77941E+02    0.32208E+02    0.89050E+01
   0.94649E+02    0.77476E+02    0.32523E+02    0.89772E+01
   0.94644E+02    0.77019E+02    0.32523E+02    0.89772E+01
   0.94641E+02    0.77022E+02    0.32666E+02    0.87245E+01
   0.94562E+02    0.77506E+02    0.32666E+02    0.87245E+01
   0.94422E+02    0.77372E+02    0.32130E+02    0.88342E+01
   0.94714E+02    0.76905E+02    0.32130E+02    0.88342E+01
   0.94465E+02    0.77104E+02    0.31650E+02    0.88455E+01
   0.94603E+02    0.77221E+02    0.31650E+02    0.88455E+01
   0.94482E+02    0.76857E+02    0.32230E+02    0.87486E+01
   0.94605E+02    0.77514E+02    0.32230E+02    0.87486E+01
   0.94565E+02    0.77130E+02    0.31776E+02    0.88088E+01
   0.94572E+02    0.77038E+02    0.31776E+02    0.88088E+01
   0.94574E+02    0.76796E+02    0.31716E+02    0.89293E+01
   0.94670E+02    0.77648E+02    0.31716E+02    0.89293E+01
   0.94552E+02    0.77503E+02    0.32268E+02    0.89497E+01
   0.94762E+02    0.77342E+02    0.32268E+02    0.89497E+01
   0.94679E+02    0.76908E+02    0.32135E+02    0.88665E+01
   0.94801E+02    0.77710E+02    0.32135E+02    0.88665E+01
   0.94653E+02    0.77066E+02    0.32141E+02    0.87429E+01
   0.94782E+02    0.76783E+02    0.32141E+02    0.87429E+01
   0.94795E+02    0.77018E+02    0.31746E+02    0.87916E+01
   0.94705E+02    0.77261E+02    0.31746E+02    0.87916E+01
   0.94688E+02    0.77289E+02    0.31481E+02    0.89314E+01
   0.94724E+02    0.77367E+02    0.31481E+02    0.89314E+01
   0.94513E+02    0.77386E+02    0.31912E+02    0.89794E+01
   0.94522E+02    0.77112E+02    0.31912E+02    0.89794E+01
   0.94647E+02    0.76799E+02    0.31913E+02    0.90248E+01
   0.94723E+02    0.77613E+02    0.31913E+02    0.90248E+01
   0.94608E+02    0.77662E+02    0.31680E+02    0.86943E+01
   0.94696E+02    0.77575E+02    0.31680E+02    0.86943E+01
   0.94475E+02    0.77540E+02    0.31975E+02    0.88812E+01
   0.94570E+02    0.76993E+02    0.31975E+02    0.88812E+01
   0.94575E+02    0.76678E+02    0.32221E+02    0.87545E+01
   0.94593E+02    0.77100E+02    0.32221E+02    0.87545E+01
   0.94485E+02    0.77370E+02    0.32246E+02    0.88471E+01
   0.94399E+02    0.77233E+02    0.32246E+02    0.88471E+01
   0.94529E+02    0.77375E+02    0.31927E+02    0.87889E+01
   0.94600E+02    0.77334E+02    0.31927E+02    0.87889E+01
   0.94614E+02    0.77390E+02    0.32312E+02    0.89838E+01
   0.94628E+02    0.77100E+02    0.32312E+02    0.89838E+01
   0.94711E+02    0.77192E+02    0.32123E+02    0.87935E+01
   0.94743E+02    0.77595E+02    0.32123E+02    0.87935E+01
   0.94733E+02    0.77548E+02    0.32003E+02    0.88189E+01
   0.94580E+02    0.77732E+02    0.32003E+02    0.88189E+01
   0.94570E+02    0.77045E+02    0.32067E+02    0.89106E+01
   0.94443E+02    0.77234E+02    0.32067E+02    0.89106E+01
   0.94595E+02    0.77515E+02    0.32398E+02    0.88868E+01
   0.94468E+02    0.77152E+02    0.32398E+02    0.88868E+01
   0.94627E+02    0.77165E+02    0.32004E+02    0.88705E+01
   0.94502E+02    0.77332E+02    0.32004E+02    0.88705E+01
   0.94575E+02    0.77046E+02    0.31650E+02    0.89567E+01
   0.94636E+02    0.77379E+02    0.31650E+02    0.89567E+01
   0.94576E+02    0.77172E+02    0.32155E+02    0.87138E+01
   0.94602E+02    0.76994E+02    0.32155E+02    0.87138E+01
