   0.43828E+02
   0.43828E+02
   0.43828E+02
   0.43828E+02
   0.43828E+02
   0.44492E+02
   0.44492E+02
   0.44492E+02
   0.44492E+02
   0.44492E+02
   0.43642E+02
   0.43642E+02
   0.43642E+02
   0.43642E+02
   0.43642E+02
   0.44791E+02
   0.44791E+02
   0.44791E+02
   0.44791E+02
   0.44791E+02
   0.44599E+02
   0.44599E+02
   0.44599E+02
   0.44599E+02
   0.44599E+02
   0.43714E+02
   0.43714E+02
   0.43714E+02
   0.43714E+02
   0.43714E+02
   0.44528E+02
   0.44528E+02
   0.44528E+02
   0.44528E+02
   0.44528E+02
   0.43709E+02
   0.43709E+02
   0.43709E+02
   0.43709E+02
   0.43709E+02
   0.43717E+02
   0.43717E+02
   0.43717E+02
   0.43717E+02
   0.43717E+02
   0.43567E+02
   0.43567E+02
   0.43567E+02
   0.43567E+02
   0.43567E+02
   0.44104E+02
   0.44104E+02
   0.44104E+02
   0.44104E+02
   0.44104E+02
   0.43519E+02
   0.43519E+02
   0.43519E+02
   0.43519E+02
   0.43519E+02
   0.43967E+02
   0.43967E+02
   0.43967E+02
   0.43967E+02
   0.43967E+02
   0.44282E+02
   0.44282E+02
   0.44282E+02
   0.44282E+02
   0.44282E+02
   0.43740E+02
   0.43740E+02
   0.43740E+02
   0.43740E+02
   0.43740E+02
   0.43724E+02
   0.43724E+02
   0.43724E+02
   0.43724E+02
   0.43724E+02
   0.43333E+02
   0.43333E+02
   0.43333E+02
   0.43333E+02
   0.43333E+02
   0.43984E+02
   0.43984E+02
   0.43984E+02
   0.43984E+02
   0.43984E+02
   0.44464E+02
   0.44464E+02
   0.44464E+02
   0.44464E+02
   0.44464E+02
   0.44514E+02
   0.44514E+02
   0.44514E+02
   0.44514E+02
   0.44514E+02
   0.43811E+02
   0.43811E+02
   0.43811E+02
   0.43811E+02
   0.43811E+02
   0.43520E+02
   0.43520E+02
   0.43520E+02
   0.43520E+02
   0.43520E+02
   0.44758E+02
   0.44758E+02
   0.44758E+02
   0.44758E+02
   0.44758E+02
   0.44535E+02
   0.44535E+02
   0.44535E+02
   0.44535E+02
   0.44535E+02
   0.43614E+02
   0.43614E+02
   0.43614E+02
   0.43614E+02
   0.43614E+02
   0.42941E+02
   0.42941E+02
   0.42941E+02
   0.42941E+02
   0.42941E+02
   0.43244E+02
   0.43244E+02
   0.43244E+02
   0.43244E+02
   0.43244E+02
   0.44441E+02
   0.44441E+02
   0.44441E+02
   0.44441E+02
   0.44441E+02
   0.43609E+02
   0.43609E+02
   0.43609E+02
   0.43609E+02
   0.43609E+02
   0.43144E+02
   0.43144E+02
   0.43144E+02
   0.43144E+02
   0.43144E+02
   0.43376E+02
   0.43376E+02
   0.43376E+02
   0.43376E+02
   0.43376E+02
   0.44461E+02
   0.44461E+02
   0.44461E+02
   0.44461E+02
   0.44461E+02
   0.44098E+02
   0.44098E+02
   0.44098E+02
   0.44098E+02
   0.44098E+02
   0.43541E+02
   0.43541E+02
   0.43541E+02
   0.43541E+02
   0.43541E+02
   0.42759E+02
   0.42759E+02
   0.42759E+02
   0.42759E+02
   0.42759E+02
   0.44118E+02
   0.44118E+02
   0.44118E+02
   0.44118E+02
   0.44118E+02
   0.43284E+02
   0.43284E+02
   0.43284E+02
   0.43284E+02
   0.43284E+02
   0.42513E+02
   0.42513E+02
   0.42513E+02
   0.42513E+02
   0.42513E+02
   0.43445E+02
   0.43445E+02
   0.43445E+02
   0.43445E+02
   0.43445E+02
   0.43637E+02
   0.43637E+02
   0.43637E+02
   0.43637E+02
   0.43637E+02
   0.43183E+02
   0.43183E+02
   0.43183E+02
   0.43183E+02
   0.43183E+02
   0.42941E+02
   0.42941E+02
   0.42941E+02
   0.42941E+02
   0.42941E+02
   0.43488E+02
   0.43488E+02
   0.43488E+02
   0.43488E+02
   0.43488E+02
   0.42459E+02
   0.42459E+02
   0.42459E+02
   0.42459E+02
   0.42459E+02
   0.43794E+02
   0.43794E+02
   0.43794E+02
   0.43794E+02
   0.43794E+02
   0.43268E+02
   0.43268E+02
   0.43268E+02
   0.43268E+02
   0.43268E+02
   0.43700E+02
   0.43700E+02
   0.43700E+02
   0.43700E+02
   0.43700E+02
   0.43905E+02
   0.43905E+02
   0.43905E+02
   0.43905E+02
   0.43905E+02
   0.43577E+02
   0.43577E+02
   0.43577E+02
   0.43577E+02
   0.43577E+02
   0.42632E+02
   0.42632E+02
   0.42632E+02
   0.42632E+02
   0.42632E+02
   0.44299E+02
   0.44299E+02
   0.44299E+02
   0.44299E+02
   0.44299E+02
   0.43787E+02
   0.43787E+02
   0.43787E+02
   0.43787E+02
   0.43787E+02
   0.43815E+02
   0.43815E+02
   0.43815E+02
   0.43815E+02
   0.43815E+02
   0.44264E+02
   0.44264E+02
   0.44264E+02
   0.44264E+02
   0.44264E+02
   0.43330E+02
   0.43330E+02
   0.43330E+02
   0.43330E+02
   0.43330E+02
   0.43110E+02
   0.43110E+02
   0.43110E+02
   0.43110E+02
   0.43110E+02
   0.42683E+02
   0.42683E+02
   0.42683E+02
   0.42683E+02
   0.42683E+02
   0.43864E+02
   0.43864E+02
   0.43864E+02
   0.43864E+02
   0.43864E+02
   0.42968E+02
   0.42968E+02
   0.42968E+02
   0.42968E+02
   0.42968E+02
   0.42826E+02
   0.42826E+02
   0.42826E+02
   0.42826E+02
   0.42826E+02
   0.43756E+02
   0.43756E+02
   0.43756E+02
   0.43756E+02
   0.43756E+02
   0.44117E+02
   0.44117E+02
   0.44117E+02
   0.44117E+02
   0.44117E+02
   0.44269E+02
   0.44269E+02
   0.44269E+02
   0.44269E+02
   0.44269E+02
   0.44332E+02
   0.44332E+02
   0.44332E+02
   0.44332E+02
   0.44332E+02
   0.43977E+02
   0.43977E+02
   0.43977E+02
   0.43977E+02
   0.43977E+02
   0.43827E+02
   0.43827E+02
   0.43827E+02
   0.43827E+02
   0.43827E+02
   0.44697E+02
   0.44697E+02
   0.44697E+02
   0.44697E+02
   0.44697E+02
   0.43329E+02
   0.43329E+02
   0.43329E+02
   0.43329E+02
   0.43329E+02
   0.44238E+02
   0.44238E+02
   0.44238E+02
   0.44238E+02
   0.44238E+02
   0.43795E+02
   0.43795E+02
   0.43795E+02
   0.43795E+02
   0.43795E+02
   0.43175E+02
   0.43175E+02
   0.43175E+02
   0.43175E+02
   0.43175E+02
   0.45548E+02
   0.45548E+02
   0.45548E+02
   0.45548E+02
   0.45548E+02
   0.43632E+02
   0.43632E+02
   0.43632E+02
   0.43632E+02
   0.43632E+02
   0.44160E+02
   0.44160E+02
   0.44160E+02
   0.44160E+02
   0.44160E+02
   0.43733E+02
   0.43733E+02
   0.43733E+02
   0.43733E+02
   0.43733E+02
   0.43996E+02
   0.43996E+02
   0.43996E+02
   0.43996E+02
   0.43996E+02
   0.43658E+02
   0.43658E+02
   0.43658E+02
   0.43658E+02
   0.43658E+02
   0.43505E+02
   0.43505E+02
   0.43505E+02
   0.43505E+02
   0.43505E+02
   0.43190E+02
   0.43190E+02
   0.43190E+02
   0.43190E+02
   0.43190E+02
   0.44437E+02
   0.44437E+02
   0.44437E+02
   0.44437E+02
   0.44437E+02
   0.43684E+02
   0.43684E+02
   0.43684E+02
   0.43684E+02
   0.43684E+02
   0.44266E+02
   0.44266E+02
   0.44266E+02
   0.44266E+02
   0.44266E+02
   0.43528E+02
   0.43528E+02
   0.43528E+02
   0.43528E+02
   0.43528E+02
   0.43845E+02
   0.43845E+02
   0.43845E+02
   0.43845E+02
   0.43845E+02
   0.43508E+02
   0.43508E+02
   0.43508E+02
   0.43508E+02
   0.43508E+02
   0.44237E+02
   0.44237E+02
   0.44237E+02
   0.44237E+02
   0.44237E+02
   0.43563E+02
   0.43563E+02
   0.43563E+02
   0.43563E+02
   0.43563E+02
   0.44020E+02
   0.44020E+02
   0.44020E+02
   0.44020E+02
   0.44020E+02
   0.43909E+02
   0.43909E+02
   0.43909E+02
   0.43909E+02
   0.43909E+02
   0.43569E+02
   0.43569E+02
   0.43569E+02
   0.43569E+02
   0.43569E+02
   0.44049E+02
   0.44049E+02
   0.44049E+02
   0.44049E+02
   0.44049E+02
   0.43204E+02
   0.43204E+02
   0.43204E+02
   0.43204E+02
   0.43204E+02
   0.44346E+02
   0.44346E+02
   0.44346E+02
   0.44346E+02
   0.44346E+02
   0.44309E+02
   0.44309E+02
   0.44309E+02
   0.44309E+02
   0.44309E+02
   0.44494E+02
   0.44494E+02
   0.44494E+02
   0.44494E+02
   0.44494E+02
   0.43907E+02
   0.43907E+02
   0.43907E+02
   0.43907E+02
   0.43907E+02
   0.43531E+02
   0.43531E+02
   0.43531E+02
   0.43531E+02
   0.43531E+02
   0.43739E+02
   0.43739E+02
   0.43739E+02
   0.43739E+02
   0.43739E+02
   0.44793E+02
   0.44793E+02
   0.44793E+02
   0.44793E+02
   0.44793E+02
   0.42825E+02
   0.42825E+02
   0.42825E+02
   0.42825E+02
   0.42825E+02
   0.43986E+02
   0.43986E+02
   0.43986E+02
   0.43986E+02
   0.43986E+02
   0.44079E+02
   0.44079E+02
   0.44079E+02
   0.44079E+02
   0.44079E+02
   0.44343E+02
   0.44343E+02
   0.44343E+02
   0.44343E+02
   0.44343E+02
   0.43948E+02
   0.43948E+02
   0.43948E+02
   0.43948E+02
   0.43948E+02
   0.44077E+02
   0.44077E+02
   0.44077E+02
   0.44077E+02
   0.44077E+02
   0.43910E+02
   0.43910E+02
   0.43910E+02
   0.43910E+02
   0.43910E+02
   0.43359E+02
   0.43359E+02
   0.43359E+02
   0.43359E+02
   0.43359E+02
   0.43512E+02
   0.43512E+02
   0.43512E+02
   0.43512E+02
   0.43512E+02
   0.43545E+02
   0.43545E+02
   0.43545E+02
   0.43545E+02
   0.43545E+02
   0.43097E+02
   0.43097E+02
   0.43097E+02
   0.43097E+02
   0.43097E+02
   0.44039E+02
   0.44039E+02
   0.44039E+02
   0.44039E+02
   0.44039E+02
   0.44077E+02
   0.44077E+02
   0.44077E+02
   0.44077E+02
   0.44077E+02
   0.43731E+02
   0.43731E+02
   0.43731E+02
   0.43731E+02
   0.43731E+02
   0.45162E+02
   0.45162E+02
   0.45162E+02
   0.45162E+02
   0.45162E+02
   0.44307E+02
   0.44307E+02
   0.44307E+02
   0.44307E+02
   0.44307E+02
   0.43970E+02
   0.43970E+02
   0.43970E+02
   0.43970E+02
   0.43970E+02
   0.43745E+02
   0.43745E+02
   0.43745E+02
   0.43745E+02
   0.43745E+02
   0.43380E+02
   0.43380E+02
   0.43380E+02
   0.43380E+02
   0.43380E+02
   0.44065E+02
   0.44065E+02
   0.44065E+02
   0.44065E+02
   0.44065E+02
   0.43564E+02
   0.43564E+02
   0.43564E+02
   0.43564E+02
   0.43564E+02
   0.43848E+02
   0.43848E+02
   0.43848E+02
   0.43848E+02
   0.43848E+02
   0.43401E+02
   0.43401E+02
   0.43401E+02
   0.43401E+02
   0.43401E+02
   0.43540E+02
   0.43540E+02
   0.43540E+02
   0.43540E+02
   0.43540E+02
   0.44282E+02
   0.44282E+02
   0.44282E+02
   0.44282E+02
   0.44282E+02
   0.45213E+02
   0.45213E+02
   0.45213E+02
   0.45213E+02
   0.45213E+02
   0.43899E+02
   0.43899E+02
   0.43899E+02
   0.43899E+02
   0.43899E+02
   0.43437E+02
   0.43437E+02
   0.43437E+02
   0.43437E+02
   0.43437E+02
   0.44299E+02
   0.44299E+02
   0.44299E+02
   0.44299E+02
   0.44299E+02
   0.42695E+02
   0.42695E+02
   0.42695E+02
   0.42695E+02
   0.42695E+02
   0.44541E+02
   0.44541E+02
   0.44541E+02
   0.44541E+02
   0.44541E+02
   0.43426E+02
   0.43426E+02
   0.43426E+02
   0.43426E+02
   0.43426E+02
   0.43847E+02
   0.43847E+02
   0.43847E+02
   0.43847E+02
   0.43847E+02
   0.44125E+02
   0.44125E+02
   0.44125E+02
   0.44125E+02
   0.44125E+02
   0.43505E+02
   0.43505E+02
   0.43505E+02
   0.43505E+02
   0.43505E+02
   0.44899E+02
   0.44899E+02
   0.44899E+02
   0.44899E+02
   0.44899E+02
   0.45001E+02
   0.45001E+02
   0.45001E+02
   0.45001E+02
   0.45001E+02
   0.43928E+02
   0.43928E+02
   0.43928E+02
   0.43928E+02
   0.43928E+02
   0.44500E+02
   0.44500E+02
   0.44500E+02
   0.44500E+02
   0.44500E+02
   0.43832E+02
   0.43832E+02
   0.43832E+02
   0.43832E+02
   0.43832E+02
   0.43331E+02
   0.43331E+02
   0.43331E+02
   0.43331E+02
   0.43331E+02
   0.44277E+02
   0.44277E+02
   0.44277E+02
   0.44277E+02
   0.44277E+02
   0.44057E+02
   0.44057E+02
   0.44057E+02
   0.44057E+02
   0.44057E+02
   0.43969E+02
   0.43969E+02
   0.43969E+02
   0.43969E+02
   0.43969E+02
   0.44085E+02
   0.44085E+02
   0.44085E+02
   0.44085E+02
   0.44085E+02
   0.43916E+02
   0.43916E+02
   0.43916E+02
   0.43916E+02
   0.43916E+02
   0.43377E+02
   0.43377E+02
   0.43377E+02
   0.43377E+02
   0.43377E+02
   0.43951E+02
   0.43951E+02
   0.43951E+02
   0.43951E+02
   0.43951E+02
   0.43244E+02
   0.43244E+02
   0.43244E+02
   0.43244E+02
   0.43244E+02
   0.43442E+02
   0.43442E+02
   0.43442E+02
   0.43442E+02
   0.43442E+02
   0.44127E+02
   0.44127E+02
   0.44127E+02
   0.44127E+02
   0.44127E+02
   0.43444E+02
   0.43444E+02
   0.43444E+02
   0.43444E+02
   0.43444E+02
   0.43651E+02
   0.43651E+02
   0.43651E+02
   0.43651E+02
   0.43651E+02
   0.43335E+02
   0.43335E+02
   0.43335E+02
   0.43335E+02
   0.43335E+02
   0.44449E+02
   0.44449E+02
   0.44449E+02
   0.44449E+02
   0.44449E+02
   0.43461E+02
   0.43461E+02
   0.43461E+02
   0.43461E+02
   0.43461E+02
   0.43422E+02
   0.43422E+02
   0.43422E+02
   0.43422E+02
   0.43422E+02
   0.43360E+02
   0.43360E+02
   0.43360E+02
   0.43360E+02
   0.43360E+02
   0.43594E+02
   0.43594E+02
   0.43594E+02
   0.43594E+02
   0.43594E+02
   0.43971E+02
   0.43971E+02
   0.43971E+02
   0.43971E+02
   0.43971E+02
   0.43321E+02
   0.43321E+02
   0.43321E+02
   0.43321E+02
   0.43321E+02
   0.43090E+02
   0.43090E+02
   0.43090E+02
   0.43090E+02
   0.43090E+02
   0.43917E+02
   0.43917E+02
   0.43917E+02
   0.43917E+02
   0.43917E+02
   0.43842E+02
   0.43842E+02
   0.43842E+02
   0.43842E+02
   0.43842E+02
   0.45427E+02
   0.45427E+02
   0.45427E+02
   0.45427E+02
   0.45427E+02
   0.43530E+02
   0.43530E+02
   0.43530E+02
   0.43530E+02
   0.43530E+02
   0.44122E+02
   0.44122E+02
   0.44122E+02
   0.44122E+02
   0.44122E+02
   0.43729E+02
   0.43729E+02
   0.43729E+02
   0.43729E+02
   0.43729E+02
   0.43929E+02
   0.43929E+02
   0.43929E+02
   0.43929E+02
   0.43929E+02
   0.43751E+02
   0.43751E+02
   0.43751E+02
   0.43751E+02
   0.43751E+02
   0.44729E+02
   0.44729E+02
   0.44729E+02
   0.44729E+02
   0.44729E+02
   0.44267E+02
   0.44267E+02
   0.44267E+02
   0.44267E+02
   0.44267E+02
   0.44295E+02
   0.44295E+02
   0.44295E+02
   0.44295E+02
   0.44295E+02
   0.44472E+02
   0.44472E+02
   0.44472E+02
   0.44472E+02
   0.44472E+02
   0.42678E+02
   0.42678E+02
   0.42678E+02
   0.42678E+02
   0.42678E+02
   0.44653E+02
   0.44653E+02
   0.44653E+02
   0.44653E+02
   0.44653E+02
   0.43313E+02
   0.43313E+02
   0.43313E+02
   0.43313E+02
   0.43313E+02
   0.44616E+02
   0.44616E+02
   0.44616E+02
   0.44616E+02
   0.44616E+02
   0.43278E+02
   0.43278E+02
   0.43278E+02
   0.43278E+02
   0.43278E+02
   0.43748E+02
   0.43748E+02
   0.43748E+02
   0.43748E+02
   0.43748E+02
   0.43446E+02
   0.43446E+02
   0.43446E+02
   0.43446E+02
   0.43446E+02
   0.43929E+02
   0.43929E+02
   0.43929E+02
   0.43929E+02
   0.43929E+02
   0.43685E+02
   0.43685E+02
   0.43685E+02
   0.43685E+02
   0.43685E+02
   0.44049E+02
   0.44049E+02
   0.44049E+02
   0.44049E+02
   0.44049E+02
   0.43006E+02
   0.43006E+02
   0.43006E+02
   0.43006E+02
   0.43006E+02
   0.42914E+02
   0.42914E+02
   0.42914E+02
   0.42914E+02
   0.42914E+02
   0.43682E+02
   0.43682E+02
   0.43682E+02
   0.43682E+02
   0.43682E+02
   0.43465E+02
   0.43465E+02
   0.43465E+02
   0.43465E+02
   0.43465E+02
   0.44681E+02
   0.44681E+02
   0.44681E+02
   0.44681E+02
   0.44681E+02
   0.43272E+02
   0.43272E+02
   0.43272E+02
   0.43272E+02
   0.43272E+02
   0.44071E+02
   0.44071E+02
   0.44071E+02
   0.44071E+02
   0.44071E+02
   0.43715E+02
   0.43715E+02
   0.43715E+02
   0.43715E+02
   0.43715E+02
   0.44343E+02
   0.44343E+02
   0.44343E+02
   0.44343E+02
   0.44343E+02
