   0.26333E+04    0.25438E+02    0.48900E+02    0.31008E+04
   0.26325E+04    0.26061E+02    0.49879E+02    0.31007E+04
   0.26341E+04    0.23924E+02    0.50259E+02    0.31016E+04
   0.26352E+04    0.25534E+02    0.50559E+02    0.31030E+04
   0.26360E+04    0.25596E+02    0.49181E+02    0.31048E+04
   0.26347E+04    0.25140E+02    0.49282E+02    0.31041E+04
   0.26361E+04    0.23102E+02    0.48843E+02    0.31049E+04
   0.26344E+04    0.24776E+02    0.51059E+02    0.31054E+04
   0.26331E+04    0.24526E+02    0.51691E+02    0.31009E+04
   0.26310E+04    0.25216E+02    0.50059E+02    0.30977E+04
   0.26352E+04    0.26783E+02    0.49833E+02    0.31003E+04
   0.26378E+04    0.23430E+02    0.50603E+02    0.31039E+04
   0.26400E+04    0.25935E+02    0.50233E+02    0.31061E+04
   0.26416E+04    0.24457E+02    0.49404E+02    0.31075E+04
   0.26396E+04    0.25368E+02    0.50525E+02    0.31074E+04
   0.26393E+04    0.23998E+02    0.49182E+02    0.31066E+04
   0.26367E+04    0.25354E+02    0.49875E+02    0.31066E+04
   0.26377E+04    0.24062E+02    0.50007E+02    0.31050E+04
   0.26387E+04    0.24017E+02    0.49203E+02    0.31050E+04
   0.26360E+04    0.25770E+02    0.49329E+02    0.31034E+04
   0.26332E+04    0.24533E+02    0.48915E+02    0.31016E+04
   0.26358E+04    0.25315E+02    0.50113E+02    0.31001E+04
   0.26368E+04    0.26017E+02    0.49306E+02    0.31019E+04
   0.26350E+04    0.25225E+02    0.49433E+02    0.31031E+04
   0.26366E+04    0.24631E+02    0.50030E+02    0.31038E+04
   0.26395E+04    0.23796E+02    0.50698E+02    0.31051E+04
   0.26391E+04    0.23376E+02    0.48942E+02    0.31083E+04
   0.26388E+04    0.26695E+02    0.51183E+02    0.31071E+04
   0.26383E+04    0.25400E+02    0.49977E+02    0.31058E+04
   0.26378E+04    0.26479E+02    0.49439E+02    0.31059E+04
   0.26438E+04    0.26672E+02    0.50239E+02    0.31093E+04
   0.26467E+04    0.23879E+02    0.49828E+02    0.31128E+04
   0.26446E+04    0.23166E+02    0.50984E+02    0.31136E+04
   0.26451E+04    0.23065E+02    0.48047E+02    0.31106E+04
   0.26388E+04    0.25148E+02    0.49864E+02    0.31074E+04
   0.26376E+04    0.25972E+02    0.51210E+02    0.31063E+04
   0.26415E+04    0.24049E+02    0.47865E+02    0.31077E+04
   0.26387E+04    0.26332E+02    0.50663E+02    0.31071E+04
   0.26402E+04    0.23963E+02    0.49739E+02    0.31069E+04
   0.26410E+04    0.24604E+02    0.49443E+02    0.31077E+04
   0.26379E+04    0.25562E+02    0.49908E+02    0.31037E+04
   0.26392E+04    0.25887E+02    0.50993E+02    0.31048E+04
   0.26393E+04    0.25213E+02    0.50163E+02    0.31046E+04
   0.26388E+04    0.24861E+02    0.49733E+02    0.31041E+04
   0.26390E+04    0.25041E+02    0.50021E+02    0.31055E+04
   0.26372E+04    0.26228E+02    0.48285E+02    0.31053E+04
   0.26416E+04    0.25540E+02    0.50199E+02    0.31062E+04
   0.26394E+04    0.25984E+02    0.48141E+02    0.31064E+04
   0.26351E+04    0.23868E+02    0.51549E+02    0.31044E+04
   0.26350E+04    0.23958E+02    0.49796E+02    0.31023E+04
   0.26343E+04    0.26864E+02    0.49517E+02    0.30998E+04
   0.26339E+04    0.26389E+02    0.50516E+02    0.30993E+04
   0.26340E+04    0.25748E+02    0.49146E+02    0.30984E+04
   0.26318E+04    0.25176E+02    0.50594E+02    0.30993E+04
   0.26286E+04    0.26910E+02    0.49599E+02    0.30982E+04
   0.26294E+04    0.24282E+02    0.49348E+02    0.30958E+04
   0.26285E+04    0.25016E+02    0.50987E+02    0.30961E+04
   0.26282E+04    0.25546E+02    0.50871E+02    0.30976E+04
   0.26283E+04    0.23615E+02    0.50041E+02    0.30978E+04
   0.26281E+04    0.26080E+02    0.49180E+02    0.30981E+04
   0.26292E+04    0.24183E+02    0.47782E+02    0.30984E+04
   0.26294E+04    0.26121E+02    0.49633E+02    0.30987E+04
   0.26293E+04    0.25276E+02    0.50866E+02    0.31004E+04
   0.26299E+04    0.25260E+02    0.50069E+02    0.30986E+04
   0.26257E+04    0.25634E+02    0.50426E+02    0.30959E+04
   0.26240E+04    0.25263E+02    0.50907E+02    0.30945E+04
   0.26242E+04    0.25930E+02    0.48416E+02    0.30944E+04
   0.26282E+04    0.25615E+02    0.49383E+02    0.30951E+04
   0.26253E+04    0.27196E+02    0.49413E+02    0.30952E+04
   0.26245E+04    0.24994E+02    0.49370E+02    0.30951E+04
   0.26251E+04    0.25977E+02    0.50840E+02    0.30952E+04
   0.26224E+04    0.26497E+02    0.49502E+02    0.30940E+04
   0.26210E+04    0.24253E+02    0.48376E+02    0.30924E+04
   0.26203E+04    0.27702E+02    0.50031E+02    0.30913E+04
   0.26224E+04    0.23701E+02    0.49735E+02    0.30912E+04
   0.26230E+04    0.25372E+02    0.50676E+02    0.30928E+04
   0.26256E+04    0.26876E+02    0.49472E+02    0.30954E+04
   0.26247E+04    0.25921E+02    0.48557E+02    0.30957E+04
   0.26251E+04    0.27651E+02    0.48890E+02    0.30940E+04
   0.26222E+04    0.23371E+02    0.48741E+02    0.30936E+04
   0.26212E+04    0.24740E+02    0.52205E+02    0.30927E+04
   0.26233E+04    0.26450E+02    0.49968E+02    0.30940E+04
   0.26248E+04    0.26371E+02    0.48102E+02    0.30933E+04
   0.26238E+04    0.25051E+02    0.52202E+02    0.30950E+04
   0.26286E+04    0.25415E+02    0.49689E+02    0.30988E+04
   0.26291E+04    0.25345E+02    0.47901E+02    0.30984E+04
   0.26256E+04    0.25909E+02    0.51035E+02    0.30963E+04
   0.26269E+04    0.26389E+02    0.50952E+02    0.30949E+04
   0.26293E+04    0.25723E+02    0.50724E+02    0.30981E+04
   0.26319E+04    0.25986E+02    0.49749E+02    0.30992E+04
   0.26287E+04    0.25845E+02    0.49083E+02    0.30982E+04
   0.26265E+04    0.25238E+02    0.48359E+02    0.30954E+04
   0.26281E+04    0.25620E+02    0.49168E+02    0.30956E+04
   0.26304E+04    0.25051E+02    0.50416E+02    0.30986E+04
   0.26306E+04    0.25728E+02    0.49317E+02    0.30997E+04
   0.26281E+04    0.25422E+02    0.48874E+02    0.30972E+04
   0.26269E+04    0.24747E+02    0.50911E+02    0.30951E+04
   0.26254E+04    0.24248E+02    0.49476E+02    0.30956E+04
   0.26259E+04    0.25011E+02    0.49392E+02    0.30934E+04
   0.26254E+04    0.24973E+02    0.50291E+02    0.30930E+04
   0.26253E+04    0.24705E+02    0.50311E+02    0.30924E+04
   0.26249E+04    0.23894E+02    0.49393E+02    0.30933E+04
   0.26276E+04    0.26492E+02    0.49650E+02    0.30920E+04
   0.26252E+04    0.26095E+02    0.50811E+02    0.30925E+04
   0.26234E+04    0.25445E+02    0.50107E+02    0.30918E+04
   0.26247E+04    0.24820E+02    0.48972E+02    0.30923E+04
   0.26228E+04    0.26302E+02    0.51068E+02    0.30892E+04
   0.26190E+04    0.25641E+02    0.49730E+02    0.30879E+04
   0.26156E+04    0.25741E+02    0.49410E+02    0.30838E+04
   0.26152E+04    0.28057E+02    0.50489E+02    0.30844E+04
   0.26157E+04    0.26054E+02    0.49035E+02    0.30871E+04
   0.26163E+04    0.24913E+02    0.50760E+02    0.30847E+04
   0.26145E+04    0.25877E+02    0.49628E+02    0.30852E+04
   0.26159E+04    0.24672E+02    0.49380E+02    0.30864E+04
   0.26179E+04    0.25402E+02    0.50803E+02    0.30859E+04
   0.26163E+04    0.25005E+02    0.50082E+02    0.30875E+04
   0.26178E+04    0.25311E+02    0.49953E+02    0.30874E+04
   0.26181E+04    0.26521E+02    0.50780E+02    0.30870E+04
   0.26157E+04    0.25114E+02    0.49939E+02    0.30881E+04
   0.26158E+04    0.26175E+02    0.50317E+02    0.30882E+04
   0.26154E+04    0.23546E+02    0.48139E+02    0.30867E+04
   0.26133E+04    0.23601E+02    0.50590E+02    0.30843E+04
   0.26129E+04    0.25294E+02    0.50082E+02    0.30848E+04
   0.26160E+04    0.24506E+02    0.50422E+02    0.30857E+04
   0.26146E+04    0.26230E+02    0.51038E+02    0.30836E+04
   0.26125E+04    0.25719E+02    0.49374E+02    0.30842E+04
   0.26101E+04    0.26160E+02    0.50396E+02    0.30834E+04
   0.26120E+04    0.26127E+02    0.50811E+02    0.30836E+04
   0.26104E+04    0.25475E+02    0.49692E+02    0.30810E+04
   0.26083E+04    0.25299E+02    0.51237E+02    0.30795E+04
   0.26086E+04    0.25909E+02    0.50414E+02    0.30808E+04
   0.26084E+04    0.25146E+02    0.49921E+02    0.30793E+04
   0.26100E+04    0.26864E+02    0.50419E+02    0.30805E+04
   0.26115E+04    0.27147E+02    0.49895E+02    0.30814E+04
   0.26128E+04    0.24502E+02    0.50365E+02    0.30832E+04
   0.26130E+04    0.26446E+02    0.49781E+02    0.30827E+04
   0.26145E+04    0.23685E+02    0.49959E+02    0.30857E+04
   0.26179E+04    0.25024E+02    0.51260E+02    0.30869E+04
   0.26162E+04    0.24375E+02    0.48527E+02    0.30885E+04
   0.26178E+04    0.25416E+02    0.49229E+02    0.30883E+04
   0.26182E+04    0.25656E+02    0.52113E+02    0.30870E+04
   0.26163E+04    0.25012E+02    0.49720E+02    0.30872E+04
   0.26158E+04    0.26403E+02    0.51437E+02    0.30858E+04
   0.26175E+04    0.26162E+02    0.49397E+02    0.30854E+04
   0.26219E+04    0.26692E+02    0.50134E+02    0.30900E+04
   0.26227E+04    0.25637E+02    0.47806E+02    0.30927E+04
   0.26215E+04    0.25768E+02    0.50947E+02    0.30908E+04
   0.26230E+04    0.25753E+02    0.49101E+02    0.30918E+04
   0.26263E+04    0.26183E+02    0.51420E+02    0.30948E+04
   0.26274E+04    0.26175E+02    0.50179E+02    0.30970E+04
   0.26278E+04    0.26324E+02    0.51201E+02    0.30957E+04
   0.26292E+04    0.24236E+02    0.51750E+02    0.30976E+04
   0.26306E+04    0.24482E+02    0.49996E+02    0.30984E+04
   0.26319E+04    0.25256E+02    0.50071E+02    0.30981E+04
   0.26329E+04    0.23613E+02    0.50587E+02    0.31022E+04
   0.26369E+04    0.25066E+02    0.50260E+02    0.31025E+04
   0.26361E+04    0.25855E+02    0.49994E+02    0.31020E+04
   0.26354E+04    0.24277E+02    0.48016E+02    0.31033E+04
   0.26367E+04    0.25699E+02    0.49963E+02    0.31057E+04
   0.26383E+04    0.26953E+02    0.50425E+02    0.31063E+04
   0.26398E+04    0.24680E+02    0.49325E+02    0.31063E+04
   0.26421E+04    0.26426E+02    0.51015E+02    0.31084E+04
   0.26440E+04    0.26871E+02    0.49247E+02    0.31093E+04
   0.26425E+04    0.23914E+02    0.50385E+02    0.31113E+04
   0.26456E+04    0.25217E+02    0.51095E+02    0.31119E+04
   0.26501E+04    0.25499E+02    0.51443E+02    0.31148E+04
   0.26534E+04    0.22395E+02    0.48302E+02    0.31184E+04
   0.26495E+04    0.24686E+02    0.49864E+02    0.31164E+04
   0.26514E+04    0.25134E+02    0.49260E+02    0.31143E+04
   0.26518E+04    0.24236E+02    0.50981E+02    0.31154E+04
   0.26501E+04    0.24437E+02    0.48747E+02    0.31173E+04
   0.26481E+04    0.25081E+02    0.50813E+02    0.31150E+04
   0.26451E+04    0.25554E+02    0.49525E+02    0.31112E+04
   0.26476E+04    0.24663E+02    0.50095E+02    0.31118E+04
   0.26490E+04    0.24179E+02    0.50595E+02    0.31137E+04
   0.26494E+04    0.24568E+02    0.51752E+02    0.31148E+04
   0.26511E+04    0.24326E+02    0.49997E+02    0.31182E+04
   0.26514E+04    0.24607E+02    0.50109E+02    0.31190E+04
   0.26495E+04    0.26314E+02    0.50047E+02    0.31178E+04
   0.26472E+04    0.24695E+02    0.49610E+02    0.31151E+04
   0.26458E+04    0.24059E+02    0.49114E+02    0.31129E+04
   0.26484E+04    0.25464E+02    0.48360E+02    0.31139E+04
   0.26476E+04    0.26675E+02    0.50725E+02    0.31152E+04
   0.26472E+04    0.27589E+02    0.50425E+02    0.31150E+04
   0.26481E+04    0.24994E+02    0.49904E+02    0.31156E+04
   0.26461E+04    0.24249E+02    0.49469E+02    0.31134E+04
   0.26425E+04    0.24062E+02    0.50545E+02    0.31108E+04
   0.26409E+04    0.24556E+02    0.49530E+02    0.31090E+04
   0.26399E+04    0.25520E+02    0.49699E+02    0.31072E+04
   0.26388E+04    0.25476E+02    0.49573E+02    0.31072E+04
   0.26405E+04    0.26087E+02    0.48554E+02    0.31099E+04
   0.26412E+04    0.26006E+02    0.50334E+02    0.31103E+04
   0.26389E+04    0.26146E+02    0.52235E+02    0.31111E+04
   0.26388E+04    0.26669E+02    0.50454E+02    0.31118E+04
   0.26340E+04    0.23919E+02    0.49963E+02    0.31073E+04
   0.26336E+04    0.23774E+02    0.50602E+02    0.31053E+04
   0.26341E+04    0.26908E+02    0.49307E+02    0.31065E+04
   0.26344E+04    0.25647E+02    0.50768E+02    0.31053E+04
   0.26311E+04    0.24622E+02    0.50422E+02    0.31027E+04
   0.26289E+04    0.25553E+02    0.51538E+02    0.31010E+04
   0.26288E+04    0.26108E+02    0.49839E+02    0.31015E+04
   0.26317E+04    0.25098E+02    0.50968E+02    0.31016E+04
   0.26296E+04    0.25224E+02    0.51209E+02    0.31021E+04
   0.26305E+04    0.24463E+02    0.50791E+02    0.31022E+04
   0.26261E+04    0.25577E+02    0.51291E+02    0.31003E+04
   0.26277E+04    0.24803E+02    0.49642E+02    0.30983E+04
   0.26294E+04    0.25600E+02    0.50377E+02    0.30994E+04
   0.26263E+04    0.24701E+02    0.48787E+02    0.30985E+04
   0.26244E+04    0.24332E+02    0.50690E+02    0.30953E+04
   0.26256E+04    0.23505E+02    0.49457E+02    0.30958E+04
   0.26250E+04    0.24095E+02    0.50181E+02    0.30974E+04
   0.26260E+04    0.26522E+02    0.52155E+02    0.30973E+04
   0.26232E+04    0.25266E+02    0.50788E+02    0.30951E+04
   0.26214E+04    0.26884E+02    0.51188E+02    0.30932E+04
   0.26213E+04    0.23262E+02    0.50846E+02    0.30936E+04
   0.26230E+04    0.26184E+02    0.49094E+02    0.30940E+04
   0.26242E+04    0.27126E+02    0.51612E+02    0.30935E+04
   0.26256E+04    0.24611E+02    0.49599E+02    0.30958E+04
   0.26265E+04    0.24513E+02    0.50504E+02    0.30969E+04
   0.26237E+04    0.24133E+02    0.50337E+02    0.30954E+04
   0.26230E+04    0.24195E+02    0.48387E+02    0.30929E+04
   0.26219E+04    0.25198E+02    0.51123E+02    0.30930E+04
   0.26213E+04    0.26180E+02    0.49395E+02    0.30945E+04
   0.26217E+04    0.24399E+02    0.48293E+02    0.30915E+04
   0.26209E+04    0.24164E+02    0.47757E+02    0.30910E+04
   0.26175E+04    0.25961E+02    0.48987E+02    0.30887E+04
   0.26193E+04    0.26761E+02    0.49969E+02    0.30872E+04
   0.26225E+04    0.24846E+02    0.49950E+02    0.30913E+04
   0.26265E+04    0.23057E+02    0.50167E+02    0.30945E+04
   0.26251E+04    0.26066E+02    0.51453E+02    0.30943E+04
   0.26230E+04    0.25714E+02    0.49743E+02    0.30938E+04
   0.26221E+04    0.26273E+02    0.49688E+02    0.30916E+04
   0.26214E+04    0.24558E+02    0.48096E+02    0.30901E+04
   0.26204E+04    0.26002E+02    0.50352E+02    0.30897E+04
   0.26206E+04    0.26307E+02    0.49500E+02    0.30924E+04
   0.26200E+04    0.26317E+02    0.50127E+02    0.30925E+04
   0.26220E+04    0.27063E+02    0.50113E+02    0.30933E+04
   0.26205E+04    0.26164E+02    0.49973E+02    0.30943E+04
   0.26193E+04    0.25317E+02    0.49180E+02    0.30914E+04
   0.26198E+04    0.25882E+02    0.49976E+02    0.30899E+04
   0.26235E+04    0.25280E+02    0.48606E+02    0.30933E+04
   0.26272E+04    0.25553E+02    0.50496E+02    0.30943E+04
   0.26290E+04    0.24421E+02    0.49402E+02    0.30976E+04
   0.26273E+04    0.25792E+02    0.49617E+02    0.30985E+04
   0.26266E+04    0.26791E+02    0.49687E+02    0.30967E+04
   0.26267E+04    0.24654E+02    0.50240E+02    0.30942E+04
   0.26253E+04    0.25435E+02    0.50806E+02    0.30948E+04
   0.26244E+04    0.26253E+02    0.50657E+02    0.30932E+04
   0.26248E+04    0.26417E+02    0.50421E+02    0.30939E+04
   0.26281E+04    0.25205E+02    0.51011E+02    0.30974E+04
   0.26301E+04    0.24555E+02    0.50901E+02    0.30979E+04
   0.26310E+04    0.25048E+02    0.50555E+02    0.30983E+04
   0.26325E+04    0.25050E+02    0.48589E+02    0.30997E+04
   0.26293E+04    0.25497E+02    0.50560E+02    0.30997E+04
   0.26287E+04    0.25274E+02    0.49547E+02    0.30982E+04
   0.26274E+04    0.26551E+02    0.50790E+02    0.30962E+04
   0.26261E+04    0.24809E+02    0.50871E+02    0.30935E+04
   0.26303E+04    0.25954E+02    0.49534E+02    0.30951E+04
   0.26343E+04    0.25445E+02    0.49301E+02    0.30990E+04
   0.26322E+04    0.25059E+02    0.49781E+02    0.31008E+04
   0.26341E+04    0.25518E+02    0.50016E+02    0.31021E+04
   0.26339E+04    0.23776E+02    0.49403E+02    0.31026E+04
   0.26347E+04    0.24769E+02    0.52181E+02    0.31024E+04
   0.26323E+04    0.25978E+02    0.50818E+02    0.31005E+04
   0.26348E+04    0.24971E+02    0.49403E+02    0.31005E+04
   0.26333E+04    0.26196E+02    0.49717E+02    0.31007E+04
   0.26338E+04    0.26459E+02    0.48820E+02    0.31024E+04
   0.26347E+04    0.25614E+02    0.48692E+02    0.31038E+04
   0.26370E+04    0.27411E+02    0.49328E+02    0.31029E+04
   0.26360E+04    0.24867E+02    0.48534E+02    0.31027E+04
   0.26359E+04    0.21327E+02    0.51849E+02    0.31028E+04
   0.26346E+04    0.26196E+02    0.49252E+02    0.31016E+04
   0.26362E+04    0.22720E+02    0.49198E+02    0.31024E+04
   0.26336E+04    0.24376E+02    0.47663E+02    0.31006E+04
   0.26345E+04    0.25711E+02    0.49497E+02    0.30998E+04
   0.26360E+04    0.22587E+02    0.49355E+02    0.31023E+04
   0.26341E+04    0.26362E+02    0.50260E+02    0.31004E+04
   0.26306E+04    0.24358E+02    0.49692E+02    0.30976E+04
   0.26316E+04    0.27041E+02    0.50409E+02    0.30981E+04
   0.26293E+04    0.25115E+02    0.49011E+02    0.30992E+04
   0.26330E+04    0.25191E+02    0.49422E+02    0.30987E+04
   0.26335E+04    0.26802E+02    0.50735E+02    0.31011E+04
   0.26322E+04    0.25996E+02    0.51108E+02    0.30996E+04
   0.26295E+04    0.24545E+02    0.48723E+02    0.30962E+04
   0.26260E+04    0.22992E+02    0.48642E+02    0.30957E+04
   0.26284E+04    0.25331E+02    0.48986E+02    0.30975E+04
   0.26311E+04    0.25619E+02    0.53282E+02    0.30998E+04
   0.26336E+04    0.26545E+02    0.50307E+02    0.31013E+04
   0.26313E+04    0.25305E+02    0.50023E+02    0.30993E+04
   0.26301E+04    0.24108E+02    0.48086E+02    0.30980E+04
   0.26304E+04    0.24449E+02    0.49218E+02    0.31000E+04
   0.26309E+04    0.26141E+02    0.50012E+02    0.30998E+04
   0.26319E+04    0.24957E+02    0.50492E+02    0.31006E+04
   0.26323E+04    0.24725E+02    0.50107E+02    0.31019E+04
   0.26329E+04    0.25064E+02    0.49647E+02    0.31032E+04
   0.26331E+04    0.25719E+02    0.49919E+02    0.31023E+04
   0.26316E+04    0.24944E+02    0.50328E+02    0.31001E+04
   0.26309E+04    0.26547E+02    0.50423E+02    0.31002E+04
   0.26334E+04    0.24904E+02    0.49787E+02    0.31011E+04
   0.26326E+04    0.26771E+02    0.50407E+02    0.31007E+04
   0.26331E+04    0.23996E+02    0.50065E+02    0.31019E+04
   0.26319E+04    0.25747E+02    0.48879E+02    0.31014E+04
   0.26310E+04    0.24639E+02    0.50909E+02    0.31017E+04
   0.26315E+04    0.23948E+02    0.49764E+02    0.30997E+04
   0.26288E+04    0.24196E+02    0.50271E+02    0.30968E+04
   0.26276E+04    0.25693E+02    0.49633E+02    0.30953E+04
   0.26315E+04    0.24347E+02    0.49303E+02    0.30995E+04
   0.26307E+04    0.25464E+02    0.51429E+02    0.31007E+04
   0.26292E+04    0.25056E+02    0.50301E+02    0.30991E+04
   0.26290E+04    0.24275E+02    0.49557E+02    0.30972E+04
   0.26281E+04    0.26294E+02    0.47798E+02    0.30981E+04
   0.26275E+04    0.25181E+02    0.50396E+02    0.30973E+04
   0.26277E+04    0.25326E+02    0.49164E+02    0.30953E+04
   0.26245E+04    0.24712E+02    0.49702E+02    0.30929E+04
   0.26268E+04    0.23864E+02    0.50931E+02    0.30949E+04
   0.26293E+04    0.25686E+02    0.51096E+02    0.30973E+04
   0.26307E+04    0.26321E+02    0.49956E+02    0.30966E+04
   0.26319E+04    0.25254E+02    0.50117E+02    0.30974E+04
   0.26251E+04    0.25456E+02    0.50663E+02    0.30964E+04
   0.26258E+04    0.25084E+02    0.48895E+02    0.30940E+04
   0.26257E+04    0.23139E+02    0.48412E+02    0.30949E+04
   0.26302E+04    0.25390E+02    0.50262E+02    0.30962E+04
   0.26292E+04    0.25035E+02    0.49444E+02    0.30983E+04
   0.26307E+04    0.23280E+02    0.51533E+02    0.30984E+04
   0.26295E+04    0.25109E+02    0.49755E+02    0.30981E+04
   0.26308E+04    0.24471E+02    0.50529E+02    0.30981E+04
   0.26318E+04    0.26035E+02    0.50579E+02    0.30981E+04
   0.26357E+04    0.25733E+02    0.49980E+02    0.31004E+04
   0.26348E+04    0.25940E+02    0.49948E+02    0.31043E+04
   0.26402E+04    0.25955E+02    0.48637E+02    0.31061E+04
   0.26393E+04    0.22876E+02    0.49575E+02    0.31067E+04
   0.26410E+04    0.25680E+02    0.50507E+02    0.31081E+04
   0.26400E+04    0.25821E+02    0.51328E+02    0.31062E+04
   0.26432E+04    0.24144E+02    0.49973E+02    0.31080E+04
   0.26440E+04    0.26023E+02    0.49597E+02    0.31079E+04
   0.26435E+04    0.25035E+02    0.50511E+02    0.31071E+04
   0.26418E+04    0.24587E+02    0.52631E+02    0.31071E+04
   0.26426E+04    0.25574E+02    0.48157E+02    0.31071E+04
   0.26438E+04    0.25120E+02    0.50474E+02    0.31085E+04
   0.26418E+04    0.24379E+02    0.51101E+02    0.31087E+04
   0.26441E+04    0.24841E+02    0.49620E+02    0.31105E+04
   0.26462E+04    0.25015E+02    0.50535E+02    0.31098E+04
   0.26475E+04    0.25303E+02    0.51868E+02    0.31116E+04
   0.26498E+04    0.25405E+02    0.49860E+02    0.31143E+04
   0.26521E+04    0.25398E+02    0.49094E+02    0.31161E+04
   0.26532E+04    0.25823E+02    0.49619E+02    0.31175E+04
   0.26548E+04    0.25234E+02    0.50452E+02    0.31191E+04
   0.26561E+04    0.24036E+02    0.47762E+02    0.31205E+04
   0.26549E+04    0.25817E+02    0.51481E+02    0.31192E+04
   0.26535E+04    0.23314E+02    0.48390E+02    0.31189E+04
   0.26508E+04    0.23880E+02    0.50405E+02    0.31154E+04
   0.26517E+04    0.22617E+02    0.48894E+02    0.31151E+04
   0.26516E+04    0.24263E+02    0.47830E+02    0.31148E+04
   0.26515E+04    0.26014E+02    0.49667E+02    0.31146E+04
   0.26527E+04    0.25269E+02    0.48439E+02    0.31152E+04
   0.26542E+04    0.25785E+02    0.50698E+02    0.31158E+04
   0.26528E+04    0.24305E+02    0.49801E+02    0.31154E+04
   0.26502E+04    0.23537E+02    0.51293E+02    0.31155E+04
   0.26523E+04    0.25227E+02    0.50122E+02    0.31130E+04
   0.26522E+04    0.25474E+02    0.49674E+02    0.31134E+04
   0.26482E+04    0.24828E+02    0.49415E+02    0.31118E+04
   0.26475E+04    0.25055E+02    0.50248E+02    0.31098E+04
   0.26470E+04    0.24196E+02    0.50208E+02    0.31099E+04
   0.26507E+04    0.25693E+02    0.49293E+02    0.31137E+04
   0.26521E+04    0.25689E+02    0.49727E+02    0.31160E+04
   0.26529E+04    0.26502E+02    0.48902E+02    0.31178E+04
   0.26487E+04    0.26793E+02    0.50390E+02    0.31136E+04
   0.26482E+04    0.24935E+02    0.49506E+02    0.31124E+04
   0.26472E+04    0.25340E+02    0.50418E+02    0.31116E+04
   0.26481E+04    0.24858E+02    0.49888E+02    0.31141E+04
   0.26459E+04    0.25657E+02    0.50007E+02    0.31122E+04
   0.26437E+04    0.25216E+02    0.50642E+02    0.31125E+04
   0.26454E+04    0.24273E+02    0.49382E+02    0.31113E+04
   0.26436E+04    0.26703E+02    0.50190E+02    0.31121E+04
   0.26481E+04    0.25012E+02    0.49621E+02    0.31151E+04
   0.26510E+04    0.25209E+02    0.49362E+02    0.31149E+04
   0.26426E+04    0.22585E+02    0.49981E+02    0.31112E+04
   0.26391E+04    0.23918E+02    0.49096E+02    0.31065E+04
   0.26351E+04    0.24954E+02    0.50738E+02    0.31046E+04
   0.26373E+04    0.25830E+02    0.50729E+02    0.31052E+04
   0.26424E+04    0.24190E+02    0.49624E+02    0.31108E+04
   0.26440E+04    0.25592E+02    0.50295E+02    0.31139E+04
   0.26440E+04    0.23763E+02    0.49312E+02    0.31138E+04
   0.26457E+04    0.26831E+02    0.50081E+02    0.31134E+04
   0.26469E+04    0.24778E+02    0.49404E+02    0.31156E+04
   0.26462E+04    0.27222E+02    0.48708E+02    0.31169E+04
   0.26410E+04    0.26171E+02    0.49748E+02    0.31144E+04
   0.26375E+04    0.24108E+02    0.50708E+02    0.31099E+04
   0.26364E+04    0.25698E+02    0.51540E+02    0.31091E+04
   0.26363E+04    0.26352E+02    0.50836E+02    0.31087E+04
   0.26376E+04    0.25369E+02    0.52666E+02    0.31104E+04
   0.26401E+04    0.25369E+02    0.49251E+02    0.31120E+04
   0.26398E+04    0.26832E+02    0.50282E+02    0.31113E+04
   0.26379E+04    0.25831E+02    0.51146E+02    0.31098E+04
   0.26335E+04    0.24800E+02    0.51956E+02    0.31060E+04
   0.26329E+04    0.24931E+02    0.50857E+02    0.31050E+04
   0.26316E+04    0.24657E+02    0.51602E+02    0.31040E+04
   0.26301E+04    0.25135E+02    0.50427E+02    0.31041E+04
   0.26341E+04    0.27231E+02    0.49689E+02    0.31065E+04
   0.26358E+04    0.25474E+02    0.48820E+02    0.31083E+04
   0.26375E+04    0.25821E+02    0.50015E+02    0.31094E+04
   0.26385E+04    0.24143E+02    0.51529E+02    0.31118E+04
   0.26380E+04    0.24353E+02    0.50413E+02    0.31081E+04
   0.26348E+04    0.26954E+02    0.49317E+02    0.31067E+04
   0.26348E+04    0.25129E+02    0.51475E+02    0.31055E+04
   0.26367E+04    0.25748E+02    0.50905E+02    0.31067E+04
   0.26366E+04    0.24481E+02    0.49244E+02    0.31098E+04
   0.26372E+04    0.23535E+02    0.50071E+02    0.31091E+04
   0.26358E+04    0.24044E+02    0.51017E+02    0.31065E+04
   0.26339E+04    0.24905E+02    0.51071E+02    0.31048E+04
   0.26301E+04    0.23424E+02    0.50549E+02    0.31011E+04
   0.26278E+04    0.25902E+02    0.51822E+02    0.30992E+04
   0.26281E+04    0.25773E+02    0.48974E+02    0.30985E+04
   0.26332E+04    0.26473E+02    0.50221E+02    0.31014E+04
   0.26361E+04    0.25019E+02    0.50909E+02    0.31047E+04
   0.26349E+04    0.26648E+02    0.51434E+02    0.31070E+04
   0.26387E+04    0.25737E+02    0.51857E+02    0.31077E+04
   0.26370E+04    0.24775E+02    0.52071E+02    0.31080E+04
   0.26351E+04    0.25613E+02    0.51685E+02    0.31075E+04
   0.26342E+04    0.24407E+02    0.49610E+02    0.31049E+04
   0.26341E+04    0.26425E+02    0.52331E+02    0.31048E+04
   0.26360E+04    0.24897E+02    0.49173E+02    0.31056E+04
   0.26394E+04    0.25312E+02    0.49726E+02    0.31082E+04
   0.26401E+04    0.24140E+02    0.50120E+02    0.31082E+04
   0.26375E+04    0.23646E+02    0.49471E+02    0.31058E+04
   0.26335E+04    0.26484E+02    0.51469E+02    0.31034E+04
   0.26320E+04    0.24404E+02    0.50921E+02    0.31008E+04
   0.26307E+04    0.24252E+02    0.48331E+02    0.30984E+04
   0.26321E+04    0.27364E+02    0.49975E+02    0.31009E+04
   0.26381E+04    0.23495E+02    0.49383E+02    0.31033E+04
   0.26351E+04    0.23726E+02    0.49335E+02    0.31039E+04
   0.26331E+04    0.25600E+02    0.50244E+02    0.31027E+04
   0.26368E+04    0.26845E+02    0.50399E+02    0.31060E+04
   0.26399E+04    0.23201E+02    0.49464E+02    0.31055E+04
   0.26399E+04    0.25109E+02    0.48985E+02    0.31067E+04
   0.26408E+04    0.24695E+02    0.47719E+02    0.31082E+04
   0.26421E+04    0.23589E+02    0.49280E+02    0.31091E+04
   0.26407E+04    0.25872E+02    0.49384E+02    0.31084E+04
   0.26386E+04    0.25253E+02    0.49669E+02    0.31049E+04
   0.26376E+04    0.25870E+02    0.49133E+02    0.31045E+04
   0.26379E+04    0.25870E+02    0.51592E+02    0.31057E+04
   0.26388E+04    0.26392E+02    0.48637E+02    0.31050E+04
   0.26369E+04    0.26677E+02    0.48874E+02    0.31046E+04
   0.26355E+04    0.26844E+02    0.49917E+02    0.31049E+04
   0.26352E+04    0.25306E+02    0.50410E+02    0.31049E+04
   0.26316E+04    0.23798E+02    0.49197E+02    0.31030E+04
   0.26251E+04    0.24259E+02    0.51157E+02    0.30980E+04
   0.26273E+04    0.25231E+02    0.50018E+02    0.30949E+04
   0.26314E+04    0.24460E+02    0.48589E+02    0.30986E+04
   0.26315E+04    0.24798E+02    0.49531E+02    0.31013E+04
   0.26288E+04    0.24368E+02    0.51611E+02    0.30975E+04
   0.26249E+04    0.25212E+02    0.48237E+02    0.30952E+04
   0.26228E+04    0.25223E+02    0.49613E+02    0.30927E+04
   0.26233E+04    0.25935E+02    0.49879E+02    0.30919E+04
   0.26260E+04    0.26437E+02    0.51202E+02    0.30949E+04
   0.26263E+04    0.24719E+02    0.49857E+02    0.30962E+04
   0.26280E+04    0.27011E+02    0.48591E+02    0.30982E+04
   0.26280E+04    0.23660E+02    0.52123E+02    0.30975E+04
   0.26234E+04    0.26362E+02    0.49835E+02    0.30940E+04
   0.26226E+04    0.25429E+02    0.50166E+02    0.30926E+04
   0.26217E+04    0.25672E+02    0.49576E+02    0.30919E+04
   0.26225E+04    0.26656E+02    0.49617E+02    0.30918E+04
   0.26239E+04    0.24316E+02    0.50943E+02    0.30928E+04
   0.26242E+04    0.24407E+02    0.50663E+02    0.30926E+04
   0.26204E+04    0.24472E+02    0.50901E+02    0.30920E+04
   0.26206E+04    0.26454E+02    0.52092E+02    0.30915E+04
   0.26219E+04    0.23839E+02    0.49261E+02    0.30939E+04
   0.26205E+04    0.25777E+02    0.49511E+02    0.30935E+04
   0.26195E+04    0.25288E+02    0.50857E+02    0.30906E+04
   0.26179E+04    0.25911E+02    0.50936E+02    0.30896E+04
   0.26182E+04    0.23775E+02    0.49605E+02    0.30894E+04
   0.26187E+04    0.26106E+02    0.48713E+02    0.30892E+04
   0.26185E+04    0.26662E+02    0.49784E+02    0.30892E+04
   0.26165E+04    0.26005E+02    0.51556E+02    0.30871E+04
   0.26160E+04    0.26033E+02    0.51101E+02    0.30878E+04
   0.26159E+04    0.26001E+02    0.50046E+02    0.30867E+04
   0.26166E+04    0.25060E+02    0.50267E+02    0.30849E+04
   0.26166E+04    0.23090E+02    0.49875E+02    0.30853E+04
   0.26140E+04    0.23870E+02    0.50294E+02    0.30845E+04
   0.26132E+04    0.25997E+02    0.50819E+02    0.30844E+04
   0.26164E+04    0.25373E+02    0.49716E+02    0.30872E+04
   0.26184E+04    0.24208E+02    0.50211E+02    0.30890E+04
   0.26226E+04    0.25275E+02    0.50837E+02    0.30931E+04
   0.26252E+04    0.24008E+02    0.49992E+02    0.30943E+04
   0.26232E+04    0.24296E+02    0.49618E+02    0.30925E+04
   0.26226E+04    0.24467E+02    0.50023E+02    0.30911E+04
   0.26213E+04    0.24980E+02    0.50287E+02    0.30901E+04
   0.26188E+04    0.24069E+02    0.50996E+02    0.30892E+04
   0.26229E+04    0.25734E+02    0.51006E+02    0.30915E+04
   0.26225E+04    0.25221E+02    0.49753E+02    0.30921E+04
   0.26240E+04    0.24444E+02    0.50231E+02    0.30914E+04
   0.26270E+04    0.26374E+02    0.50221E+02    0.30944E+04
   0.26252E+04    0.24968E+02    0.50955E+02    0.30931E+04
   0.26271E+04    0.25474E+02    0.51011E+02    0.30944E+04
   0.26304E+04    0.26398E+02    0.49741E+02    0.30972E+04
   0.26322E+04    0.25338E+02    0.49848E+02    0.30993E+04
   0.26311E+04    0.26069E+02    0.49439E+02    0.30991E+04
   0.26336E+04    0.25990E+02    0.48340E+02    0.31001E+04
   0.26371E+04    0.24902E+02    0.50548E+02    0.31024E+04
   0.26347E+04    0.25186E+02    0.50067E+02    0.31038E+04
   0.26383E+04    0.23171E+02    0.51737E+02    0.31039E+04
   0.26354E+04    0.26148E+02    0.50105E+02    0.31043E+04
   0.26359E+04    0.24546E+02    0.50270E+02    0.31025E+04
   0.26361E+04    0.24192E+02    0.49078E+02    0.31018E+04
   0.26362E+04    0.25347E+02    0.49720E+02    0.31033E+04
   0.26367E+04    0.25008E+02    0.50989E+02    0.31032E+04
   0.26374E+04    0.26931E+02    0.48150E+02    0.31034E+04
   0.26405E+04    0.24344E+02    0.50927E+02    0.31047E+04
   0.26441E+04    0.26744E+02    0.49306E+02    0.31076E+04
   0.26448E+04    0.25167E+02    0.49884E+02    0.31084E+04
   0.26423E+04    0.23487E+02    0.50757E+02    0.31060E+04
   0.26416E+04    0.24249E+02    0.49390E+02    0.31059E+04
   0.26428E+04    0.25442E+02    0.49803E+02    0.31079E+04
   0.26422E+04    0.24525E+02    0.49457E+02    0.31056E+04
   0.26386E+04    0.26766E+02    0.50299E+02    0.31024E+04
   0.26364E+04    0.25610E+02    0.49130E+02    0.31016E+04
   0.26371E+04    0.23773E+02    0.50169E+02    0.31013E+04
   0.26378E+04    0.24715E+02    0.51336E+02    0.31037E+04
   0.26414E+04    0.25428E+02    0.48968E+02    0.31054E+04
   0.26408E+04    0.24111E+02    0.49567E+02    0.31079E+04
   0.26399E+04    0.25743E+02    0.50423E+02    0.31073E+04
   0.26426E+04    0.25296E+02    0.48129E+02    0.31067E+04
   0.26423E+04    0.23915E+02    0.48989E+02    0.31086E+04
   0.26426E+04    0.25301E+02    0.50355E+02    0.31081E+04
   0.26394E+04    0.26002E+02    0.49963E+02    0.31043E+04
   0.26382E+04    0.25007E+02    0.48015E+02    0.31042E+04
   0.26404E+04    0.26012E+02    0.49639E+02    0.31058E+04
   0.26403E+04    0.25454E+02    0.48843E+02    0.31079E+04
   0.26426E+04    0.26089E+02    0.48145E+02    0.31058E+04
   0.26422E+04    0.24041E+02    0.50898E+02    0.31075E+04
   0.26419E+04    0.25463E+02    0.48732E+02    0.31069E+04
   0.26379E+04    0.25523E+02    0.48531E+02    0.31050E+04
   0.26386E+04    0.23855E+02    0.49342E+02    0.31043E+04
   0.26366E+04    0.23040E+02    0.48906E+02    0.31028E+04
   0.26342E+04    0.24558E+02    0.48064E+02    0.31011E+04
   0.26317E+04    0.25104E+02    0.51159E+02    0.30999E+04
   0.26344E+04    0.26404E+02    0.49651E+02    0.31012E+04
   0.26350E+04    0.25306E+02    0.50955E+02    0.31029E+04
   0.26382E+04    0.23440E+02    0.51607E+02    0.31040E+04
   0.26331E+04    0.23745E+02    0.49490E+02    0.31036E+04
   0.26309E+04    0.24816E+02    0.50259E+02    0.31006E+04
   0.26278E+04    0.26564E+02    0.48994E+02    0.30982E+04
   0.26273E+04    0.25858E+02    0.49755E+02    0.30966E+04
   0.26305E+04    0.24783E+02    0.51138E+02    0.30993E+04
   0.26342E+04    0.24391E+02    0.49407E+02    0.31027E+04
   0.26372E+04    0.24073E+02    0.49867E+02    0.31040E+04
   0.26344E+04    0.26764E+02    0.51178E+02    0.31049E+04
   0.26325E+04    0.26742E+02    0.48690E+02    0.31029E+04
   0.26335E+04    0.24989E+02    0.48771E+02    0.31046E+04
   0.26326E+04    0.25423E+02    0.49229E+02    0.31034E+04
   0.26329E+04    0.24675E+02    0.49306E+02    0.31034E+04
   0.26358E+04    0.25683E+02    0.50054E+02    0.31051E+04
   0.26327E+04    0.26729E+02    0.48346E+02    0.31045E+04
   0.26305E+04    0.24337E+02    0.48178E+02    0.31014E+04
   0.26331E+04    0.24801E+02    0.51322E+02    0.31017E+04
   0.26352E+04    0.26855E+02    0.51293E+02    0.31042E+04
   0.26352E+04    0.25665E+02    0.51118E+02    0.31054E+04
   0.26359E+04    0.25899E+02    0.49243E+02    0.31058E+04
   0.26357E+04    0.24781E+02    0.50401E+02    0.31059E+04
   0.26324E+04    0.25017E+02    0.50366E+02    0.31031E+04
   0.26369E+04    0.27035E+02    0.50043E+02    0.31017E+04
   0.26365E+04    0.22883E+02    0.51354E+02    0.31036E+04
   0.26381E+04    0.25609E+02    0.49437E+02    0.31090E+04
   0.26377E+04    0.24962E+02    0.50171E+02    0.31088E+04
   0.26406E+04    0.25604E+02    0.49850E+02    0.31082E+04
   0.26391E+04    0.26913E+02    0.50272E+02    0.31079E+04
   0.26407E+04    0.25264E+02    0.49823E+02    0.31087E+04
   0.26380E+04    0.25640E+02    0.49372E+02    0.31074E+04
   0.26340E+04    0.27185E+02    0.49714E+02    0.31041E+04
   0.26337E+04    0.23160E+02    0.50457E+02    0.31026E+04
   0.26357E+04    0.27130E+02    0.50738E+02    0.31032E+04
   0.26382E+04    0.24315E+02    0.49851E+02    0.31057E+04
   0.26412E+04    0.24127E+02    0.48764E+02    0.31085E+04
   0.26412E+04    0.25035E+02    0.49700E+02    0.31109E+04
   0.26422E+04    0.24066E+02    0.50258E+02    0.31113E+04
   0.26386E+04    0.26328E+02    0.50246E+02    0.31096E+04
   0.26330E+04    0.25632E+02    0.49448E+02    0.31036E+04
   0.26320E+04    0.24145E+02    0.50184E+02    0.31018E+04
   0.26340E+04    0.24984E+02    0.50703E+02    0.31012E+04
   0.26344E+04    0.24848E+02    0.50080E+02    0.31028E+04
   0.26331E+04    0.24538E+02    0.49281E+02    0.31027E+04
   0.26317E+04    0.23536E+02    0.52269E+02    0.31016E+04
   0.26280E+04    0.25610E+02    0.49519E+02    0.30988E+04
   0.26263E+04    0.25827E+02    0.49601E+02    0.30968E+04
   0.26304E+04    0.25217E+02    0.49905E+02    0.30989E+04
   0.26295E+04    0.26235E+02    0.52520E+02    0.30988E+04
   0.26278E+04    0.25950E+02    0.49689E+02    0.30976E+04
   0.26274E+04    0.24408E+02    0.50236E+02    0.30970E+04
   0.26261E+04    0.25559E+02    0.51049E+02    0.30960E+04
   0.26266E+04    0.23544E+02    0.50354E+02    0.30961E+04
   0.26257E+04    0.24705E+02    0.50220E+02    0.30960E+04
   0.26234E+04    0.26133E+02    0.49857E+02    0.30953E+04
   0.26306E+04    0.23736E+02    0.49833E+02    0.30967E+04
   0.26297E+04    0.23470E+02    0.50280E+02    0.31001E+04
   0.26303E+04    0.24891E+02    0.51039E+02    0.31004E+04
   0.26328E+04    0.26174E+02    0.50012E+02    0.31027E+04
   0.26333E+04    0.26655E+02    0.50739E+02    0.31033E+04
   0.26355E+04    0.26024E+02    0.48925E+02    0.31035E+04
   0.26356E+04    0.25575E+02    0.49021E+02    0.31048E+04
   0.26358E+04    0.26331E+02    0.51126E+02    0.31047E+04
   0.26371E+04    0.24711E+02    0.50691E+02    0.31043E+04
   0.26350E+04    0.24776E+02    0.48510E+02    0.31036E+04
   0.26343E+04    0.25585E+02    0.48608E+02    0.31027E+04
   0.26325E+04    0.24389E+02    0.50252E+02    0.31020E+04
   0.26329E+04    0.23463E+02    0.51580E+02    0.30998E+04
   0.26345E+04    0.25378E+02    0.51445E+02    0.31009E+04
   0.26355E+04    0.25346E+02    0.49778E+02    0.31007E+04
   0.26360E+04    0.25110E+02    0.49730E+02    0.31026E+04
   0.26367E+04    0.25376E+02    0.50785E+02    0.31034E+04
   0.26341E+04    0.25253E+02    0.49540E+02    0.31029E+04
   0.26320E+04    0.26882E+02    0.49015E+02    0.30989E+04
   0.26315E+04    0.25121E+02    0.50822E+02    0.30997E+04
   0.26310E+04    0.23946E+02    0.52157E+02    0.30981E+04
   0.26287E+04    0.24568E+02    0.49659E+02    0.30961E+04
   0.26306E+04    0.27080E+02    0.49519E+02    0.30962E+04
   0.26317E+04    0.26720E+02    0.48455E+02    0.30974E+04
   0.26310E+04    0.24302E+02    0.50880E+02    0.30986E+04
   0.26280E+04    0.26704E+02    0.51208E+02    0.30975E+04
   0.26267E+04    0.23758E+02    0.49321E+02    0.30961E+04
   0.26278E+04    0.26193E+02    0.49885E+02    0.30956E+04
   0.26287E+04    0.27662E+02    0.49601E+02    0.30953E+04
   0.26327E+04    0.26824E+02    0.49639E+02    0.30994E+04
   0.26367E+04    0.25292E+02    0.51087E+02    0.31027E+04
   0.26366E+04    0.23851E+02    0.49447E+02    0.31033E+04
   0.26337E+04    0.25551E+02    0.51258E+02    0.31010E+04
   0.26316E+04    0.25394E+02    0.47094E+02    0.30982E+04
   0.26305E+04    0.24107E+02    0.49740E+02    0.30965E+04
   0.26317E+04    0.24126E+02    0.50248E+02    0.30966E+04
   0.26328E+04    0.23743E+02    0.49433E+02    0.31007E+04
   0.26374E+04    0.26814E+02    0.50984E+02    0.31047E+04
   0.26421E+04    0.24895E+02    0.50322E+02    0.31069E+04
   0.26383E+04    0.25158E+02    0.49903E+02    0.31055E+04
   0.26390E+04    0.25214E+02    0.49399E+02    0.31061E+04
   0.26361E+04    0.24682E+02    0.51008E+02    0.31053E+04
   0.26414E+04    0.23992E+02    0.50445E+02    0.31061E+04
   0.26416E+04    0.25259E+02    0.50078E+02    0.31064E+04
   0.26392E+04    0.23557E+02    0.50024E+02    0.31063E+04
   0.26382E+04    0.23950E+02    0.48802E+02    0.31044E+04
   0.26392E+04    0.26114E+02    0.50332E+02    0.31039E+04
   0.26385E+04    0.23442E+02    0.49826E+02    0.31032E+04
   0.26401E+04    0.23537E+02    0.49786E+02    0.31041E+04
   0.26395E+04    0.24956E+02    0.49553E+02    0.31066E+04
   0.26399E+04    0.26163E+02    0.50065E+02    0.31063E+04
   0.26423E+04    0.25607E+02    0.48468E+02    0.31083E+04
   0.26428E+04    0.26238E+02    0.50111E+02    0.31105E+04
   0.26444E+04    0.25741E+02    0.50751E+02    0.31115E+04
   0.26438E+04    0.25269E+02    0.48889E+02    0.31118E+04
   0.26419E+04    0.26285E+02    0.50435E+02    0.31111E+04
   0.26446E+04    0.24492E+02    0.50226E+02    0.31101E+04
   0.26434E+04    0.25707E+02    0.49516E+02    0.31087E+04
   0.26422E+04    0.24974E+02    0.49736E+02    0.31074E+04
   0.26407E+04    0.24951E+02    0.51507E+02    0.31062E+04
   0.26426E+04    0.25430E+02    0.51501E+02    0.31088E+04
   0.26467E+04    0.26378E+02    0.50312E+02    0.31122E+04
   0.26438E+04    0.25471E+02    0.50211E+02    0.31099E+04
   0.26426E+04    0.23447E+02    0.47591E+02    0.31089E+04
   0.26377E+04    0.23945E+02    0.50046E+02    0.31052E+04
   0.26355E+04    0.26878E+02    0.49655E+02    0.31024E+04
   0.26369E+04    0.24460E+02    0.49597E+02    0.31038E+04
   0.26368E+04    0.23964E+02    0.50986E+02    0.31043E+04
   0.26365E+04    0.25805E+02    0.48720E+02    0.31030E+04
   0.26374E+04    0.27050E+02    0.51086E+02    0.31037E+04
   0.26395E+04    0.25807E+02    0.49357E+02    0.31052E+04
   0.26377E+04    0.24188E+02    0.49675E+02    0.31043E+04
   0.26340E+04    0.25392E+02    0.49253E+02    0.31019E+04
   0.26331E+04    0.23975E+02    0.48594E+02    0.31007E+04
   0.26291E+04    0.26570E+02    0.49995E+02    0.30974E+04
   0.26298E+04    0.25625E+02    0.51498E+02    0.30972E+04
   0.26315E+04    0.26576E+02    0.51251E+02    0.31007E+04
   0.26285E+04    0.24168E+02    0.51296E+02    0.30999E+04
   0.26266E+04    0.24423E+02    0.50852E+02    0.30978E+04
   0.26276E+04    0.25913E+02    0.51583E+02    0.30972E+04
   0.26249E+04    0.24597E+02    0.49692E+02    0.30966E+04
   0.26244E+04    0.27969E+02    0.49277E+02    0.30940E+04
   0.26254E+04    0.23830E+02    0.51012E+02    0.30951E+04
   0.26254E+04    0.25400E+02    0.48663E+02    0.30946E+04
   0.26257E+04    0.26071E+02    0.50117E+02    0.30938E+04
   0.26246E+04    0.25818E+02    0.49015E+02    0.30951E+04
   0.26249E+04    0.25463E+02    0.49961E+02    0.30943E+04
   0.26223E+04    0.26171E+02    0.47867E+02    0.30925E+04
   0.26206E+04    0.25445E+02    0.50951E+02    0.30903E+04
   0.26217E+04    0.24568E+02    0.49565E+02    0.30911E+04
   0.26220E+04    0.23026E+02    0.49715E+02    0.30911E+04
   0.26180E+04    0.25254E+02    0.50471E+02    0.30897E+04
   0.26167E+04    0.25588E+02    0.50243E+02    0.30896E+04
   0.26199E+04    0.26545E+02    0.51423E+02    0.30908E+04
   0.26208E+04    0.26250E+02    0.49889E+02    0.30903E+04
   0.26225E+04    0.25065E+02    0.49664E+02    0.30932E+04
   0.26208E+04    0.26507E+02    0.50254E+02    0.30932E+04
   0.26185E+04    0.27046E+02    0.51043E+02    0.30911E+04
   0.26197E+04    0.26876E+02    0.49992E+02    0.30917E+04
   0.26201E+04    0.24370E+02    0.50455E+02    0.30912E+04
   0.26237E+04    0.24941E+02    0.51014E+02    0.30954E+04
   0.26249E+04    0.23444E+02    0.50223E+02    0.30972E+04
   0.26226E+04    0.25945E+02    0.51271E+02    0.30960E+04
   0.26239E+04    0.23315E+02    0.49163E+02    0.30940E+04
   0.26252E+04    0.25315E+02    0.49304E+02    0.30946E+04
   0.26249E+04    0.27711E+02    0.48909E+02    0.30947E+04
   0.26247E+04    0.26215E+02    0.50942E+02    0.30923E+04
   0.26267E+04    0.25526E+02    0.49818E+02    0.30945E+04
   0.26268E+04    0.25524E+02    0.48161E+02    0.30948E+04
   0.26250E+04    0.25054E+02    0.50764E+02    0.30921E+04
   0.26257E+04    0.24899E+02    0.50078E+02    0.30920E+04
   0.26279E+04    0.24671E+02    0.49778E+02    0.30931E+04
   0.26295E+04    0.25748E+02    0.50999E+02    0.30952E+04
   0.26299E+04    0.25018E+02    0.49406E+02    0.30965E+04
   0.26278E+04    0.25115E+02    0.51933E+02    0.30943E+04
   0.26258E+04    0.25798E+02    0.50358E+02    0.30937E+04
   0.26267E+04    0.26267E+02    0.51951E+02    0.30935E+04
   0.26290E+04    0.25232E+02    0.51076E+02    0.30938E+04
   0.26295E+04    0.24240E+02    0.49522E+02    0.30938E+04
   0.26298E+04    0.24084E+02    0.50860E+02    0.30948E+04
   0.26307E+04    0.24532E+02    0.50620E+02    0.30952E+04
   0.26301E+04    0.25536E+02    0.49081E+02    0.30932E+04
   0.26299E+04    0.26675E+02    0.49639E+02    0.30951E+04
   0.26331E+04    0.23585E+02    0.50139E+02    0.30966E+04
   0.26332E+04    0.23551E+02    0.51339E+02    0.30985E+04
   0.26316E+04    0.23758E+02    0.50921E+02    0.30983E+04
   0.26306E+04    0.23993E+02    0.50463E+02    0.30966E+04
   0.26316E+04    0.26408E+02    0.51067E+02    0.30964E+04
   0.26344E+04    0.23965E+02    0.51059E+02    0.30975E+04
   0.26351E+04    0.25066E+02    0.47744E+02    0.30990E+04
   0.26345E+04    0.25634E+02    0.49990E+02    0.30990E+04
   0.26362E+04    0.25455E+02    0.48298E+02    0.31008E+04
   0.26387E+04    0.25122E+02    0.49192E+02    0.31037E+04
   0.26381E+04    0.26141E+02    0.50655E+02    0.31057E+04
   0.26377E+04    0.24698E+02    0.51373E+02    0.31046E+04
   0.26406E+04    0.25385E+02    0.50789E+02    0.31056E+04
   0.26390E+04    0.25985E+02    0.48275E+02    0.31041E+04
   0.26371E+04    0.24681E+02    0.49943E+02    0.31032E+04
   0.26417E+04    0.25256E+02    0.49405E+02    0.31068E+04
   0.26463E+04    0.25319E+02    0.49853E+02    0.31105E+04
   0.26467E+04    0.25691E+02    0.50880E+02    0.31132E+04
   0.26479E+04    0.24569E+02    0.49821E+02    0.31141E+04
   0.26472E+04    0.25928E+02    0.49222E+02    0.31143E+04
   0.26451E+04    0.26085E+02    0.51647E+02    0.31126E+04
   0.26435E+04    0.23728E+02    0.51454E+02    0.31103E+04
   0.26448E+04    0.27508E+02    0.48408E+02    0.31100E+04
   0.26427E+04    0.24771E+02    0.50798E+02    0.31117E+04
   0.26450E+04    0.26210E+02    0.48442E+02    0.31113E+04
   0.26446E+04    0.24410E+02    0.51075E+02    0.31126E+04
   0.26453E+04    0.24690E+02    0.50849E+02    0.31130E+04
   0.26435E+04    0.23860E+02    0.49910E+02    0.31119E+04
   0.26435E+04    0.23711E+02    0.49360E+02    0.31119E+04
   0.26418E+04    0.24497E+02    0.49226E+02    0.31086E+04
   0.26392E+04    0.25667E+02    0.49394E+02    0.31068E+04
   0.26404E+04    0.23653E+02    0.50376E+02    0.31094E+04
   0.26469E+04    0.26245E+02    0.48330E+02    0.31121E+04
   0.26513E+04    0.25275E+02    0.52269E+02    0.31170E+04
   0.26465E+04    0.25937E+02    0.49716E+02    0.31163E+04
   0.26417E+04    0.25269E+02    0.49664E+02    0.31094E+04
   0.26352E+04    0.27794E+02    0.48107E+02    0.31041E+04
   0.26346E+04    0.25320E+02    0.50271E+02    0.31041E+04
   0.26361E+04    0.25166E+02    0.52847E+02    0.31053E+04
   0.26382E+04    0.25028E+02    0.50762E+02    0.31054E+04
   0.26366E+04    0.23966E+02    0.49032E+02    0.31061E+04
   0.26373E+04    0.23698E+02    0.49829E+02    0.31066E+04
   0.26360E+04    0.25639E+02    0.51832E+02    0.31067E+04
   0.26342E+04    0.24765E+02    0.50654E+02    0.31066E+04
   0.26335E+04    0.24102E+02    0.49757E+02    0.31038E+04
   0.26292E+04    0.27475E+02    0.49236E+02    0.31013E+04
   0.26314E+04    0.24789E+02    0.51576E+02    0.31002E+04
   0.26327E+04    0.26082E+02    0.50452E+02    0.31042E+04
   0.26332E+04    0.23673E+02    0.53168E+02    0.31050E+04
   0.26313E+04    0.26679E+02    0.49374E+02    0.31031E+04
   0.26290E+04    0.26140E+02    0.51662E+02    0.30999E+04
   0.26268E+04    0.23996E+02    0.50741E+02    0.30982E+04
   0.26285E+04    0.25031E+02    0.50604E+02    0.30978E+04
   0.26262E+04    0.24886E+02    0.50448E+02    0.30992E+04
   0.26246E+04    0.24076E+02    0.50363E+02    0.30993E+04
   0.26265E+04    0.25752E+02    0.48529E+02    0.30980E+04
   0.26256E+04    0.25717E+02    0.48657E+02    0.30972E+04
   0.26252E+04    0.25801E+02    0.50807E+02    0.30962E+04
   0.26233E+04    0.26736E+02    0.48316E+02    0.30936E+04
   0.26222E+04    0.23766E+02    0.51540E+02    0.30928E+04
   0.26227E+04    0.25174E+02    0.48939E+02    0.30938E+04
   0.26273E+04    0.25048E+02    0.49454E+02    0.30978E+04
   0.26308E+04    0.25609E+02    0.51230E+02    0.31005E+04
   0.26346E+04    0.24489E+02    0.49429E+02    0.31022E+04
   0.26308E+04    0.23378E+02    0.48332E+02    0.31012E+04
   0.26279E+04    0.25400E+02    0.49567E+02    0.30990E+04
   0.26312E+04    0.24836E+02    0.49658E+02    0.30994E+04
   0.26283E+04    0.26412E+02    0.49057E+02    0.31001E+04
   0.26288E+04    0.25885E+02    0.49353E+02    0.30978E+04
   0.26303E+04    0.23733E+02    0.50819E+02    0.31008E+04
   0.26327E+04    0.25516E+02    0.52539E+02    0.31017E+04
   0.26348E+04    0.24409E+02    0.50462E+02    0.31036E+04
   0.26356E+04    0.25080E+02    0.51272E+02    0.31060E+04
   0.26363E+04    0.24394E+02    0.48677E+02    0.31056E+04
   0.26332E+04    0.25995E+02    0.51313E+02    0.31042E+04
   0.26306E+04    0.24609E+02    0.50321E+02    0.31010E+04
   0.26311E+04    0.27479E+02    0.50425E+02    0.30998E+04
   0.26346E+04    0.26529E+02    0.49742E+02    0.31035E+04
   0.26348E+04    0.26680E+02    0.50118E+02    0.31033E+04
   0.26358E+04    0.25575E+02    0.48363E+02    0.31051E+04
   0.26385E+04    0.26788E+02    0.48784E+02    0.31070E+04
   0.26397E+04    0.25166E+02    0.49976E+02    0.31087E+04
   0.26421E+04    0.24705E+02    0.48529E+02    0.31070E+04
   0.26388E+04    0.26067E+02    0.51478E+02    0.31059E+04
   0.26418E+04    0.27379E+02    0.48000E+02    0.31068E+04
   0.26455E+04    0.24832E+02    0.51325E+02    0.31112E+04
   0.26486E+04    0.25049E+02    0.50618E+02    0.31135E+04
   0.26499E+04    0.24492E+02    0.50444E+02    0.31146E+04
   0.26473E+04    0.26332E+02    0.51435E+02    0.31124E+04
   0.26464E+04    0.26561E+02    0.48374E+02    0.31104E+04
   0.26474E+04    0.25757E+02    0.50381E+02    0.31093E+04
   0.26502E+04    0.23625E+02    0.51079E+02    0.31104E+04
   0.26483E+04    0.23095E+02    0.51618E+02    0.31120E+04
   0.26480E+04    0.25847E+02    0.50152E+02    0.31104E+04
   0.26490E+04    0.25609E+02    0.50871E+02    0.31096E+04
   0.26450E+04    0.24963E+02    0.50581E+02    0.31082E+04
   0.26459E+04    0.25791E+02    0.50959E+02    0.31073E+04
   0.26453E+04    0.24337E+02    0.49983E+02    0.31069E+04
   0.26474E+04    0.27207E+02    0.50870E+02    0.31086E+04
   0.26495E+04    0.24829E+02    0.50607E+02    0.31119E+04
   0.26513E+04    0.25123E+02    0.50413E+02    0.31135E+04
   0.26502E+04    0.25644E+02    0.51657E+02    0.31140E+04
   0.26513E+04    0.24313E+02    0.49892E+02    0.31127E+04
   0.26518E+04    0.23467E+02    0.52529E+02    0.31144E+04
   0.26534E+04    0.25962E+02    0.50374E+02    0.31156E+04
   0.26537E+04    0.25083E+02    0.49656E+02    0.31172E+04
   0.26519E+04    0.24555E+02    0.49492E+02    0.31149E+04
   0.26508E+04    0.24495E+02    0.48925E+02    0.31138E+04
   0.26480E+04    0.24726E+02    0.50370E+02    0.31133E+04
   0.26462E+04    0.25794E+02    0.50322E+02    0.31102E+04
   0.26461E+04    0.25422E+02    0.49361E+02    0.31090E+04
   0.26457E+04    0.26785E+02    0.51366E+02    0.31082E+04
   0.26459E+04    0.24955E+02    0.52229E+02    0.31089E+04
   0.26490E+04    0.23246E+02    0.50450E+02    0.31134E+04
   0.26473E+04    0.26277E+02    0.51553E+02    0.31145E+04
   0.26458E+04    0.26176E+02    0.50244E+02    0.31131E+04
   0.26439E+04    0.24888E+02    0.49064E+02    0.31109E+04
   0.26425E+04    0.23162E+02    0.49396E+02    0.31086E+04
   0.26414E+04    0.25857E+02    0.49598E+02    0.31069E+04
   0.26396E+04    0.25216E+02    0.49877E+02    0.31060E+04
   0.26414E+04    0.25170E+02    0.50897E+02    0.31072E+04
   0.26428E+04    0.24150E+02    0.50571E+02    0.31095E+04
   0.26408E+04    0.25098E+02    0.51155E+02    0.31093E+04
   0.26344E+04    0.24795E+02    0.50038E+02    0.31058E+04
   0.26347E+04    0.25789E+02    0.50479E+02    0.31039E+04
   0.26324E+04    0.24835E+02    0.49612E+02    0.31007E+04
   0.26314E+04    0.27079E+02    0.50662E+02    0.30999E+04
   0.26327E+04    0.25269E+02    0.50206E+02    0.31012E+04
   0.26336E+04    0.24090E+02    0.51315E+02    0.31011E+04
   0.26310E+04    0.22609E+02    0.50572E+02    0.31000E+04
   0.26253E+04    0.26374E+02    0.49128E+02    0.30983E+04
   0.26261E+04    0.25652E+02    0.50432E+02    0.30954E+04
   0.26253E+04    0.24301E+02    0.49741E+02    0.30961E+04
   0.26247E+04    0.25375E+02    0.49942E+02    0.30967E+04
   0.26235E+04    0.26240E+02    0.51128E+02    0.30950E+04
   0.26259E+04    0.24960E+02    0.50548E+02    0.30970E+04
   0.26260E+04    0.27180E+02    0.51883E+02    0.30981E+04
   0.26227E+04    0.24610E+02    0.51018E+02    0.30945E+04
   0.26238E+04    0.24030E+02    0.48351E+02    0.30936E+04
   0.26201E+04    0.26704E+02    0.49171E+02    0.30937E+04
   0.26209E+04    0.26377E+02    0.48270E+02    0.30919E+04
   0.26203E+04    0.26807E+02    0.50123E+02    0.30926E+04
   0.26226E+04    0.25175E+02    0.49603E+02    0.30956E+04
   0.26225E+04    0.25211E+02    0.51808E+02    0.30952E+04
   0.26220E+04    0.24882E+02    0.49625E+02    0.30932E+04
   0.26205E+04    0.25553E+02    0.49249E+02    0.30932E+04
   0.26193E+04    0.23803E+02    0.50913E+02    0.30930E+04
   0.26213E+04    0.24867E+02    0.49273E+02    0.30944E+04
   0.26233E+04    0.24683E+02    0.50994E+02    0.30953E+04
   0.26240E+04    0.23908E+02    0.48939E+02    0.30957E+04
   0.26221E+04    0.25706E+02    0.50267E+02    0.30956E+04
   0.26246E+04    0.23316E+02    0.50267E+02    0.30971E+04
   0.26245E+04    0.25706E+02    0.50700E+02    0.30989E+04
   0.26240E+04    0.25308E+02    0.49713E+02    0.30982E+04
   0.26246E+04    0.25871E+02    0.49755E+02    0.30969E+04
   0.26253E+04    0.23727E+02    0.50192E+02    0.30964E+04
   0.26253E+04    0.25822E+02    0.48850E+02    0.30966E+04
   0.26236E+04    0.25867E+02    0.48322E+02    0.30951E+04
   0.26229E+04    0.26200E+02    0.50729E+02    0.30937E+04
   0.26272E+04    0.25337E+02    0.49697E+02    0.30984E+04
   0.26327E+04    0.25358E+02    0.50063E+02    0.31001E+04
   0.26364E+04    0.24622E+02    0.49028E+02    0.31036E+04
   0.26341E+04    0.24413E+02    0.50752E+02    0.31034E+04
   0.26345E+04    0.24085E+02    0.49420E+02    0.31026E+04
   0.26342E+04    0.28195E+02    0.51286E+02    0.31031E+04
   0.26346E+04    0.24838E+02    0.48868E+02    0.31028E+04
   0.26349E+04    0.25721E+02    0.52151E+02    0.31035E+04
   0.26355E+04    0.24324E+02    0.49776E+02    0.31028E+04
   0.26360E+04    0.25001E+02    0.51099E+02    0.31036E+04
   0.26368E+04    0.25971E+02    0.50188E+02    0.31026E+04
   0.26381E+04    0.23883E+02    0.49404E+02    0.31024E+04
   0.26388E+04    0.25073E+02    0.48094E+02    0.31031E+04
   0.26413E+04    0.24406E+02    0.51223E+02    0.31051E+04
   0.26436E+04    0.25801E+02    0.51371E+02    0.31072E+04
   0.26436E+04    0.26265E+02    0.49957E+02    0.31081E+04
   0.26451E+04    0.24006E+02    0.49478E+02    0.31094E+04
   0.26455E+04    0.24890E+02    0.50198E+02    0.31102E+04
   0.26455E+04    0.26365E+02    0.51593E+02    0.31099E+04
   0.26465E+04    0.25125E+02    0.50575E+02    0.31095E+04
   0.26463E+04    0.23924E+02    0.50562E+02    0.31114E+04
   0.26480E+04    0.23865E+02    0.53092E+02    0.31127E+04
   0.26505E+04    0.25209E+02    0.49577E+02    0.31134E+04
   0.26465E+04    0.25124E+02    0.50494E+02    0.31110E+04
   0.26431E+04    0.26119E+02    0.50675E+02    0.31097E+04
   0.26449E+04    0.24536E+02    0.49037E+02    0.31089E+04
   0.26444E+04    0.25004E+02    0.50385E+02    0.31093E+04
   0.26402E+04    0.25392E+02    0.49690E+02    0.31065E+04
   0.26401E+04    0.24278E+02    0.49853E+02    0.31051E+04
   0.26404E+04    0.25546E+02    0.48723E+02    0.31059E+04
   0.26415E+04    0.26778E+02    0.50004E+02    0.31074E+04
   0.26480E+04    0.26352E+02    0.49691E+02    0.31124E+04
   0.26489E+04    0.24447E+02    0.49365E+02    0.31141E+04
   0.26451E+04    0.25514E+02    0.50391E+02    0.31124E+04
   0.26451E+04    0.25047E+02    0.51441E+02    0.31108E+04
   0.26451E+04    0.24975E+02    0.49974E+02    0.31118E+04
   0.26429E+04    0.25809E+02    0.50504E+02    0.31108E+04
   0.26420E+04    0.24572E+02    0.50044E+02    0.31100E+04
   0.26399E+04    0.24092E+02    0.51912E+02    0.31095E+04
   0.26393E+04    0.25454E+02    0.51148E+02    0.31095E+04
   0.26376E+04    0.26819E+02    0.48289E+02    0.31083E+04
   0.26388E+04    0.24437E+02    0.50483E+02    0.31077E+04
   0.26358E+04    0.25523E+02    0.49388E+02    0.31061E+04
   0.26346E+04    0.25415E+02    0.49090E+02    0.31046E+04
   0.26308E+04    0.25261E+02    0.50814E+02    0.31024E+04
   0.26332E+04    0.25288E+02    0.50032E+02    0.31037E+04
   0.26370E+04    0.24978E+02    0.48808E+02    0.31059E+04
   0.26363E+04    0.25988E+02    0.49020E+02    0.31062E+04
   0.26327E+04    0.26799E+02    0.51937E+02    0.31029E+04
   0.26345E+04    0.25995E+02    0.49359E+02    0.31017E+04
   0.26341E+04    0.26344E+02    0.49448E+02    0.31036E+04
   0.26301E+04    0.24439E+02    0.50485E+02    0.31018E+04
   0.26291E+04    0.24805E+02    0.49977E+02    0.31005E+04
   0.26323E+04    0.25134E+02    0.51571E+02    0.31007E+04
   0.26327E+04    0.22709E+02    0.48843E+02    0.31047E+04
   0.26334E+04    0.26462E+02    0.49927E+02    0.31038E+04
   0.26347E+04    0.23593E+02    0.49030E+02    0.31061E+04
   0.26349E+04    0.26453E+02    0.50464E+02    0.31074E+04
   0.26304E+04    0.24135E+02    0.50362E+02    0.31011E+04
   0.26305E+04    0.27843E+02    0.51243E+02    0.31003E+04
   0.26347E+04    0.25774E+02    0.52375E+02    0.31034E+04
   0.26364E+04    0.23581E+02    0.49372E+02    0.31056E+04
   0.26345E+04    0.23669E+02    0.50878E+02    0.31045E+04
   0.26341E+04    0.26403E+02    0.51809E+02    0.31037E+04
   0.26309E+04    0.24108E+02    0.50772E+02    0.31002E+04
   0.26291E+04    0.25612E+02    0.49418E+02    0.30998E+04
   0.26317E+04    0.25826E+02    0.50725E+02    0.31003E+04
   0.26306E+04    0.24123E+02    0.49501E+02    0.31006E+04
   0.26284E+04    0.25274E+02    0.50738E+02    0.30968E+04
   0.26298E+04    0.25183E+02    0.50030E+02    0.30982E+04
   0.26283E+04    0.24049E+02    0.49850E+02    0.30985E+04
   0.26291E+04    0.26412E+02    0.48897E+02    0.30985E+04
   0.26301E+04    0.25542E+02    0.48659E+02    0.30993E+04
   0.26322E+04    0.25476E+02    0.49763E+02    0.31001E+04
   0.26326E+04    0.25487E+02    0.50338E+02    0.31029E+04
   0.26359E+04    0.24305E+02    0.47525E+02    0.31046E+04
   0.26347E+04    0.26608E+02    0.50747E+02    0.31053E+04
   0.26338E+04    0.25668E+02    0.51046E+02    0.31023E+04
   0.26347E+04    0.24378E+02    0.47554E+02    0.31031E+04
   0.26328E+04    0.23552E+02    0.50395E+02    0.31025E+04
   0.26327E+04    0.26472E+02    0.50588E+02    0.30999E+04
   0.26316E+04    0.22892E+02    0.51382E+02    0.30993E+04
   0.26318E+04    0.24840E+02    0.49576E+02    0.30991E+04
   0.26341E+04    0.24827E+02    0.49053E+02    0.31013E+04
   0.26331E+04    0.25835E+02    0.48475E+02    0.31014E+04
   0.26337E+04    0.25717E+02    0.50004E+02    0.31011E+04
