   0.24963E+00    0.36497E+04    0.44762E+04    0.95733E+01
   0.24993E+00    0.36543E+04    0.45251E+04    0.92504E+01
   0.24973E+00    0.36678E+04    0.45271E+04    0.94686E+01
   0.24892E+00    0.36834E+04    0.45235E+04    0.93294E+01
   0.22442E+00    0.36432E+04    0.45336E+04    0.95117E+01
   0.22578E+00    0.36222E+04    0.45342E+04    0.93440E+01
   0.27871E+00    0.36611E+04    0.45952E+04    0.93962E+01
   0.28014E+00    0.36524E+04    0.45691E+04    0.92773E+01
   0.25058E+00    0.36453E+04    0.44267E+04    0.93046E+01
   0.24885E+00    0.36192E+04    0.44510E+04    0.94219E+01
   0.23810E+00    0.36278E+04    0.45352E+04    0.93228E+01
   0.23952E+00    0.36181E+04    0.45679E+04    0.92803E+01
   0.29340E+00    0.35956E+04    0.44806E+04    0.93491E+01
   0.29388E+00    0.35877E+04    0.44695E+04    0.94721E+01
   0.25788E+00    0.36989E+04    0.44841E+04    0.93573E+01
   0.25984E+00    0.36886E+04    0.45245E+04    0.93613E+01
   0.24737E+00    0.36615E+04    0.44998E+04    0.94512E+01
   0.24873E+00    0.36847E+04    0.45248E+04    0.93868E+01
   0.25684E+00    0.37142E+04    0.45362E+04    0.93769E+01
   0.25545E+00    0.36862E+04    0.45352E+04    0.94347E+01
   0.22077E+00    0.36357E+04    0.44357E+04    0.94132E+01
   0.21932E+00    0.36629E+04    0.44569E+04    0.94071E+01
   0.24227E+00    0.36241E+04    0.45475E+04    0.92557E+01
   0.24361E+00    0.36603E+04    0.45275E+04    0.93273E+01
   0.24985E+00    0.35809E+04    0.44985E+04    0.94396E+01
   0.24694E+00    0.36355E+04    0.44877E+04    0.93126E+01
   0.22969E+00    0.36982E+04    0.45261E+04    0.93144E+01
   0.23016E+00    0.36524E+04    0.45282E+04    0.93701E+01
   0.24919E+00    0.36524E+04    0.45508E+04    0.93981E+01
   0.25089E+00    0.36821E+04    0.45207E+04    0.94370E+01
   0.21748E+00    0.36938E+04    0.45445E+04    0.93637E+01
   0.21951E+00    0.37021E+04    0.44959E+04    0.93236E+01
   0.28346E+00    0.36747E+04    0.45444E+04    0.94182E+01
   0.28270E+00    0.36233E+04    0.45252E+04    0.93986E+01
   0.25957E+00    0.36733E+04    0.45617E+04    0.93257E+01
   0.26059E+00    0.36964E+04    0.45203E+04    0.92596E+01
   0.26937E+00    0.37191E+04    0.45410E+04    0.92548E+01
   0.26950E+00    0.37029E+04    0.45200E+04    0.93700E+01
   0.28163E+00    0.37104E+04    0.45455E+04    0.92433E+01
   0.27986E+00    0.37116E+04    0.45587E+04    0.92772E+01
   0.25937E+00    0.36222E+04    0.45864E+04    0.91955E+01
   0.25762E+00    0.36477E+04    0.45203E+04    0.92781E+01
   0.25691E+00    0.35847E+04    0.44994E+04    0.92853E+01
   0.25859E+00    0.36243E+04    0.44799E+04    0.93392E+01
   0.26594E+00    0.36779E+04    0.45409E+04    0.93785E+01
   0.26495E+00    0.36895E+04    0.45354E+04    0.92850E+01
   0.24708E+00    0.36697E+04    0.45258E+04    0.94252E+01
   0.24994E+00    0.36512E+04    0.45513E+04    0.92932E+01
   0.28009E+00    0.36375E+04    0.45557E+04    0.93005E+01
   0.28138E+00    0.36369E+04    0.45383E+04    0.92422E+01
   0.24332E+00    0.36697E+04    0.45395E+04    0.93649E+01
   0.24443E+00    0.36562E+04    0.45649E+04    0.92127E+01
   0.24016E+00    0.36700E+04    0.45082E+04    0.92577E+01
   0.23894E+00    0.36533E+04    0.44857E+04    0.93692E+01
   0.23304E+00    0.36762E+04    0.45555E+04    0.93464E+01
   0.23333E+00    0.36625E+04    0.45342E+04    0.92930E+01
   0.24053E+00    0.36330E+04    0.45436E+04    0.93561E+01
   0.24115E+00    0.36521E+04    0.45013E+04    0.93213E+01
   0.26371E+00    0.36475E+04    0.45467E+04    0.93143E+01
   0.26083E+00    0.36332E+04    0.45279E+04    0.93249E+01
   0.24949E+00    0.36444E+04    0.45403E+04    0.93686E+01
   0.25171E+00    0.36514E+04    0.45437E+04    0.93933E+01
   0.26447E+00    0.36446E+04    0.45581E+04    0.93028E+01
   0.26482E+00    0.36240E+04    0.45259E+04    0.93018E+01
   0.25353E+00    0.36832E+04    0.44652E+04    0.92861E+01
   0.25521E+00    0.36730E+04    0.44708E+04    0.91418E+01
   0.25472E+00    0.36080E+04    0.44633E+04    0.92849E+01
   0.25379E+00    0.36723E+04    0.44890E+04    0.92735E+01
   0.27517E+00    0.36873E+04    0.44562E+04    0.93573E+01
   0.27738E+00    0.36521E+04    0.44906E+04    0.93332E+01
   0.27730E+00    0.36638E+04    0.44800E+04    0.93469E+01
   0.27611E+00    0.36914E+04    0.44303E+04    0.92449E+01
   0.28595E+00    0.36072E+04    0.44767E+04    0.93683E+01
   0.28801E+00    0.36226E+04    0.44593E+04    0.92109E+01
   0.24271E+00    0.36772E+04    0.44811E+04    0.93052E+01
   0.24423E+00    0.36811E+04    0.44561E+04    0.92490E+01
   0.27370E+00    0.37124E+04    0.44279E+04    0.92328E+01
   0.27515E+00    0.37044E+04    0.44139E+04    0.92889E+01
   0.23899E+00    0.36760E+04    0.45030E+04    0.92663E+01
   0.23992E+00    0.36691E+04    0.45216E+04    0.94332E+01
   0.29451E+00    0.36430E+04    0.44623E+04    0.94489E+01
   0.29479E+00    0.36603E+04    0.44066E+04    0.93259E+01
   0.25958E+00    0.36572E+04    0.45304E+04    0.94844E+01
   0.25635E+00    0.36610E+04    0.45202E+04    0.94013E+01
   0.32920E+00    0.36832E+04    0.45487E+04    0.94312E+01
   0.32806E+00    0.36834E+04    0.44934E+04    0.94009E+01
   0.23568E+00    0.36600E+04    0.44918E+04    0.92883E+01
   0.23529E+00    0.36482E+04    0.44918E+04    0.94628E+01
   0.27568E+00    0.36797E+04    0.45553E+04    0.93931E+01
   0.27731E+00    0.36478E+04    0.45453E+04    0.93021E+01
   0.27704E+00    0.36414E+04    0.45276E+04    0.92947E+01
   0.27947E+00    0.36306E+04    0.44844E+04    0.93372E+01
   0.27486E+00    0.36989E+04    0.44900E+04    0.93906E+01
   0.27576E+00    0.37093E+04    0.45152E+04    0.92448E+01
   0.26450E+00    0.36618E+04    0.45107E+04    0.92745E+01
   0.26302E+00    0.37085E+04    0.45304E+04    0.93142E+01
   0.27055E+00    0.37431E+04    0.45192E+04    0.93424E+01
   0.27232E+00    0.37243E+04    0.45634E+04    0.92620E+01
   0.26817E+00    0.36579E+04    0.45216E+04    0.93729E+01
   0.26667E+00    0.37110E+04    0.45067E+04    0.92758E+01
   0.28550E+00    0.36956E+04    0.44762E+04    0.92247E+01
   0.28512E+00    0.37107E+04    0.45171E+04    0.93621E+01
   0.27305E+00    0.36895E+04    0.45012E+04    0.95131E+01
   0.27122E+00    0.36972E+04    0.45129E+04    0.92697E+01
   0.26144E+00    0.36845E+04    0.45251E+04    0.92458E+01
   0.25853E+00    0.36792E+04    0.45367E+04    0.92155E+01
   0.19909E+00    0.37192E+04    0.45048E+04    0.92805E+01
   0.19849E+00    0.37378E+04    0.44991E+04    0.91974E+01
   0.22300E+00    0.36678E+04    0.45284E+04    0.93053E+01
   0.22396E+00    0.36862E+04    0.44923E+04    0.91803E+01
   0.21942E+00    0.36857E+04    0.44966E+04    0.92647E+01
   0.21918E+00    0.37095E+04    0.44780E+04    0.92479E+01
   0.28841E+00    0.36646E+04    0.44899E+04    0.91760E+01
   0.28780E+00    0.36773E+04    0.44776E+04    0.91906E+01
   0.25686E+00    0.36419E+04    0.45245E+04    0.94271E+01
   0.25534E+00    0.36563E+04    0.45231E+04    0.93324E+01
   0.23857E+00    0.36213E+04    0.44967E+04    0.92646E+01
   0.24179E+00    0.36958E+04    0.45021E+04    0.93828E+01
   0.26528E+00    0.36894E+04    0.45383E+04    0.93278E+01
   0.26841E+00    0.37112E+04    0.44873E+04    0.93610E+01
   0.24843E+00    0.37290E+04    0.45240E+04    0.92636E+01
   0.24941E+00    0.37302E+04    0.44877E+04    0.93750E+01
   0.30529E+00    0.37092E+04    0.44761E+04    0.93011E+01
   0.30284E+00    0.37187E+04    0.44665E+04    0.93725E+01
   0.25284E+00    0.36674E+04    0.44624E+04    0.93513E+01
   0.25509E+00    0.36661E+04    0.44661E+04    0.92244E+01
   0.28481E+00    0.37221E+04    0.44849E+04    0.94184E+01
   0.28258E+00    0.37044E+04    0.44304E+04    0.92862E+01
   0.23917E+00    0.36482E+04    0.44673E+04    0.94694E+01
   0.23608E+00    0.36803E+04    0.45009E+04    0.92520E+01
   0.22495E+00    0.36803E+04    0.44767E+04    0.93399E+01
   0.22303E+00    0.36822E+04    0.44331E+04    0.93896E+01
   0.21863E+00    0.36547E+04    0.45069E+04    0.93753E+01
   0.21564E+00    0.36752E+04    0.44922E+04    0.93442E+01
   0.26801E+00    0.36032E+04    0.44941E+04    0.94449E+01
   0.26869E+00    0.36334E+04    0.44639E+04    0.93486E+01
   0.24680E+00    0.37063E+04    0.45226E+04    0.93654E+01
   0.24856E+00    0.37217E+04    0.44781E+04    0.94327E+01
   0.28692E+00    0.36480E+04    0.44631E+04    0.93187E+01
   0.28797E+00    0.36753E+04    0.44480E+04    0.92819E+01
   0.23879E+00    0.36794E+04    0.43907E+04    0.94881E+01
   0.23786E+00    0.36577E+04    0.44401E+04    0.95191E+01
   0.20430E+00    0.36818E+04    0.44442E+04    0.94334E+01
   0.20627E+00    0.36415E+04    0.44275E+04    0.95017E+01
   0.23093E+00    0.36702E+04    0.44731E+04    0.94268E+01
   0.23307E+00    0.36994E+04    0.44596E+04    0.93806E+01
   0.22874E+00    0.36637E+04    0.44841E+04    0.93641E+01
   0.22820E+00    0.36462E+04    0.44485E+04    0.93818E+01
   0.22251E+00    0.36895E+04    0.45057E+04    0.94707E+01
   0.22193E+00    0.37001E+04    0.45049E+04    0.94475E+01
   0.21389E+00    0.35895E+04    0.44649E+04    0.95545E+01
   0.21390E+00    0.36105E+04    0.44471E+04    0.95355E+01
   0.17661E+00    0.36873E+04    0.44692E+04    0.95119E+01
   0.17731E+00    0.36568E+04    0.44769E+04    0.95083E+01
   0.23549E+00    0.36617E+04    0.45135E+04    0.96091E+01
   0.23490E+00    0.36505E+04    0.44691E+04    0.95481E+01
   0.17036E+00    0.36956E+04    0.45073E+04    0.94952E+01
   0.16879E+00    0.36857E+04    0.44983E+04    0.94919E+01
   0.22855E+00    0.36890E+04    0.44747E+04    0.94888E+01
   0.22512E+00    0.36427E+04    0.44928E+04    0.93640E+01
   0.19066E+00    0.36031E+04    0.44537E+04    0.94816E+01
   0.18887E+00    0.36492E+04    0.44603E+04    0.94350E+01
   0.25052E+00    0.37176E+04    0.44717E+04    0.94970E+01
   0.25077E+00    0.37149E+04    0.45286E+04    0.94988E+01
   0.18048E+00    0.36508E+04    0.45843E+04    0.94744E+01
   0.18434E+00    0.35938E+04    0.45730E+04    0.96575E+01
   0.22443E+00    0.37275E+04    0.44848E+04    0.95017E+01
   0.22432E+00    0.37122E+04    0.44809E+04    0.93114E+01
   0.20220E+00    0.36653E+04    0.45446E+04    0.95244E+01
   0.19921E+00    0.36979E+04    0.45294E+04    0.94368E+01
   0.16925E+00    0.37391E+04    0.45513E+04    0.94763E+01
   0.16998E+00    0.37255E+04    0.45595E+04    0.94193E+01
   0.19246E+00    0.36878E+04    0.45067E+04    0.95112E+01
   0.19331E+00    0.37012E+04    0.45193E+04    0.94237E+01
   0.20302E+00    0.37277E+04    0.45531E+04    0.94332E+01
   0.20117E+00    0.37096E+04    0.45146E+04    0.93265E+01
   0.24563E+00    0.37063E+04    0.45937E+04    0.92431E+01
   0.24288E+00    0.36979E+04    0.45869E+04    0.93803E+01
   0.22813E+00    0.37206E+04    0.45372E+04    0.94139E+01
   0.22700E+00    0.36922E+04    0.45326E+04    0.94019E+01
   0.22988E+00    0.36430E+04    0.45868E+04    0.92893E+01
   0.22883E+00    0.36022E+04    0.46305E+04    0.93678E+01
   0.19431E+00    0.36668E+04    0.45651E+04    0.92777E+01
   0.19326E+00    0.36520E+04    0.45291E+04    0.92047E+01
   0.23846E+00    0.36697E+04    0.45636E+04    0.93287E+01
   0.23724E+00    0.36675E+04    0.45028E+04    0.94110E+01
   0.19634E+00    0.36849E+04    0.45120E+04    0.92348E+01
   0.19512E+00    0.37469E+04    0.45161E+04    0.93954E+01
   0.26552E+00    0.36758E+04    0.44987E+04    0.93775E+01
   0.26360E+00    0.36270E+04    0.44935E+04    0.91583E+01
   0.26895E+00    0.37191E+04    0.44861E+04    0.92905E+01
   0.26783E+00    0.36984E+04    0.45227E+04    0.93283E+01
   0.27253E+00    0.37018E+04    0.45711E+04    0.93135E+01
   0.27376E+00    0.36989E+04    0.45568E+04    0.92163E+01
   0.26156E+00    0.36997E+04    0.44713E+04    0.92980E+01
   0.26121E+00    0.36720E+04    0.44946E+04    0.92657E+01
   0.31444E+00    0.37027E+04    0.44516E+04    0.91606E+01
   0.31686E+00    0.36759E+04    0.44658E+04    0.92736E+01
   0.28163E+00    0.36477E+04    0.45375E+04    0.93294E+01
   0.28211E+00    0.36566E+04    0.44984E+04    0.91648E+01
   0.29891E+00    0.36376E+04    0.44826E+04    0.93268E+01
   0.29995E+00    0.36957E+04    0.45030E+04    0.93172E+01
   0.30244E+00    0.37000E+04    0.44570E+04    0.91948E+01
   0.30432E+00    0.36484E+04    0.44616E+04    0.91329E+01
   0.30213E+00    0.36320E+04    0.44962E+04    0.92327E+01
   0.29950E+00    0.36001E+04    0.44797E+04    0.93085E+01
   0.27118E+00    0.36914E+04    0.44656E+04    0.91711E+01
   0.27127E+00    0.36904E+04    0.45372E+04    0.92509E+01
   0.30071E+00    0.36355E+04    0.44692E+04    0.92680E+01
   0.30117E+00    0.36263E+04    0.45073E+04    0.92604E+01
   0.31225E+00    0.37170E+04    0.44050E+04    0.91371E+01
   0.31518E+00    0.36808E+04    0.44263E+04    0.92065E+01
   0.30184E+00    0.36678E+04    0.44939E+04    0.93639E+01
   0.30512E+00    0.36515E+04    0.44421E+04    0.92134E+01
   0.30378E+00    0.36617E+04    0.44746E+04    0.91911E+01
   0.30294E+00    0.36685E+04    0.44085E+04    0.92350E+01
   0.29001E+00    0.36487E+04    0.45518E+04    0.93612E+01
   0.28432E+00    0.36251E+04    0.44864E+04    0.91556E+01
   0.30997E+00    0.36771E+04    0.45078E+04    0.92968E+01
   0.30844E+00    0.36432E+04    0.45018E+04    0.93284E+01
   0.23782E+00    0.37213E+04    0.44768E+04    0.92716E+01
   0.24100E+00    0.37201E+04    0.45007E+04    0.92402E+01
   0.29610E+00    0.36608E+04    0.44728E+04    0.92943E+01
   0.29701E+00    0.36845E+04    0.44699E+04    0.93267E+01
   0.28731E+00    0.36572E+04    0.44840E+04    0.92712E+01
   0.28805E+00    0.36603E+04    0.44732E+04    0.93314E+01
   0.27968E+00    0.36835E+04    0.45602E+04    0.92370E+01
   0.28197E+00    0.36616E+04    0.44946E+04    0.91719E+01
   0.25083E+00    0.36798E+04    0.44824E+04    0.94040E+01
   0.25145E+00    0.36606E+04    0.44666E+04    0.93641E+01
   0.23615E+00    0.36582E+04    0.44637E+04    0.92932E+01
   0.23556E+00    0.37030E+04    0.44429E+04    0.93252E+01
   0.21590E+00    0.37095E+04    0.45080E+04    0.92463E+01
   0.21915E+00    0.36880E+04    0.44603E+04    0.93022E+01
   0.23305E+00    0.36945E+04    0.45582E+04    0.93917E+01
   0.23569E+00    0.37132E+04    0.45408E+04    0.93418E+01
   0.24783E+00    0.37363E+04    0.45006E+04    0.93245E+01
   0.24621E+00    0.36743E+04    0.45459E+04    0.93854E+01
   0.23029E+00    0.36545E+04    0.44604E+04    0.93786E+01
   0.22754E+00    0.36191E+04    0.44787E+04    0.95473E+01
   0.23844E+00    0.36586E+04    0.44618E+04    0.93461E+01
   0.23529E+00    0.36668E+04    0.44581E+04    0.93648E+01
   0.30240E+00    0.36870E+04    0.44995E+04    0.93023E+01
   0.30386E+00    0.36799E+04    0.45010E+04    0.94458E+01
   0.25594E+00    0.36518E+04    0.44059E+04    0.94089E+01
   0.25666E+00    0.36797E+04    0.44382E+04    0.93298E+01
   0.22415E+00    0.36567E+04    0.45212E+04    0.94860E+01
   0.22728E+00    0.36729E+04    0.45151E+04    0.94293E+01
   0.25196E+00    0.37100E+04    0.44580E+04    0.93492E+01
   0.25205E+00    0.36701E+04    0.44941E+04    0.93644E+01
   0.21985E+00    0.36762E+04    0.44582E+04    0.94632E+01
   0.21946E+00    0.36803E+04    0.44811E+04    0.94115E+01
   0.26256E+00    0.37373E+04    0.44300E+04    0.94121E+01
   0.26535E+00    0.36547E+04    0.44280E+04    0.93473E+01
   0.28561E+00    0.37275E+04    0.44769E+04    0.93946E+01
   0.28741E+00    0.37134E+04    0.44864E+04    0.95123E+01
   0.24172E+00    0.36501E+04    0.45018E+04    0.93569E+01
   0.24195E+00    0.36547E+04    0.44805E+04    0.95135E+01
   0.26056E+00    0.36714E+04    0.44883E+04    0.94264E+01
   0.25754E+00    0.36650E+04    0.45265E+04    0.93889E+01
   0.24972E+00    0.36954E+04    0.45554E+04    0.94517E+01
   0.25298E+00    0.37140E+04    0.45316E+04    0.93649E+01
   0.20946E+00    0.36894E+04    0.44764E+04    0.95829E+01
   0.20998E+00    0.36786E+04    0.44937E+04    0.94111E+01
   0.23758E+00    0.36737E+04    0.45142E+04    0.93336E+01
   0.23757E+00    0.36837E+04    0.45625E+04    0.94247E+01
   0.28683E+00    0.36783E+04    0.45351E+04    0.95660E+01
   0.28711E+00    0.37079E+04    0.45305E+04    0.93614E+01
   0.26416E+00    0.36953E+04    0.45574E+04    0.94569E+01
   0.26401E+00    0.36486E+04    0.45035E+04    0.93546E+01
   0.22916E+00    0.36923E+04    0.45614E+04    0.93649E+01
   0.22633E+00    0.36787E+04    0.44686E+04    0.93588E+01
   0.22321E+00    0.37292E+04    0.44788E+04    0.92584E+01
   0.22215E+00    0.37012E+04    0.45709E+04    0.93868E+01
   0.25701E+00    0.36707E+04    0.45281E+04    0.93221E+01
   0.25571E+00    0.36648E+04    0.44537E+04    0.92675E+01
   0.23730E+00    0.36382E+04    0.45393E+04    0.91646E+01
   0.23898E+00    0.36635E+04    0.45270E+04    0.92881E+01
   0.24648E+00    0.37266E+04    0.45039E+04    0.93734E+01
   0.24826E+00    0.36984E+04    0.45187E+04    0.92616E+01
   0.24506E+00    0.36661E+04    0.45377E+04    0.92633E+01
   0.24512E+00    0.36587E+04    0.45172E+04    0.93113E+01
   0.18367E+00    0.36684E+04    0.44796E+04    0.92840E+01
   0.18430E+00    0.36353E+04    0.45089E+04    0.94373E+01
   0.25918E+00    0.36399E+04    0.45351E+04    0.93878E+01
   0.25867E+00    0.36482E+04    0.45230E+04    0.94541E+01
   0.22709E+00    0.36129E+04    0.45688E+04    0.93295E+01
   0.22755E+00    0.36754E+04    0.45379E+04    0.93645E+01
   0.21011E+00    0.36464E+04    0.44843E+04    0.93788E+01
   0.20787E+00    0.36317E+04    0.44671E+04    0.92059E+01
   0.25128E+00    0.37021E+04    0.45194E+04    0.92440E+01
   0.25045E+00    0.36946E+04    0.45109E+04    0.94528E+01
   0.23184E+00    0.36702E+04    0.44719E+04    0.93912E+01
   0.23139E+00    0.36815E+04    0.45222E+04    0.92663E+01
   0.25839E+00    0.36629E+04    0.45104E+04    0.94715E+01
   0.26128E+00    0.36626E+04    0.45222E+04    0.91941E+01
   0.25893E+00    0.36526E+04    0.44799E+04    0.92981E+01
   0.25944E+00    0.36556E+04    0.44840E+04    0.93704E+01
   0.26562E+00    0.36707E+04    0.44637E+04    0.93497E+01
   0.27016E+00    0.36457E+04    0.45059E+04    0.94135E+01
   0.25518E+00    0.36677E+04    0.45207E+04    0.93407E+01
   0.25415E+00    0.37031E+04    0.45042E+04    0.94846E+01
   0.31076E+00    0.37082E+04    0.45368E+04    0.93401E+01
   0.31005E+00    0.36804E+04    0.44842E+04    0.93372E+01
   0.21654E+00    0.36849E+04    0.45769E+04    0.92563E+01
   0.21572E+00    0.36521E+04    0.45019E+04    0.94263E+01
   0.27534E+00    0.36779E+04    0.44814E+04    0.93322E+01
   0.27187E+00    0.37044E+04    0.45106E+04    0.92732E+01
   0.26459E+00    0.36784E+04    0.45679E+04    0.92651E+01
   0.26592E+00    0.36476E+04    0.45645E+04    0.92892E+01
   0.26582E+00    0.36707E+04    0.44782E+04    0.92789E+01
   0.26315E+00    0.36679E+04    0.44800E+04    0.94209E+01
   0.25603E+00    0.36660E+04    0.44423E+04    0.91694E+01
   0.25739E+00    0.35951E+04    0.44504E+04    0.93433E+01
   0.29356E+00    0.36506E+04    0.45039E+04    0.94049E+01
   0.29294E+00    0.36577E+04    0.45088E+04    0.92551E+01
   0.22857E+00    0.36737E+04    0.44521E+04    0.93348E+01
   0.22905E+00    0.36434E+04    0.44433E+04    0.92149E+01
   0.22716E+00    0.36635E+04    0.45311E+04    0.93272E+01
   0.22462E+00    0.36678E+04    0.44817E+04    0.93919E+01
   0.26334E+00    0.36730E+04    0.44495E+04    0.92501E+01
   0.26197E+00    0.36582E+04    0.44769E+04    0.94625E+01
   0.28030E+00    0.36335E+04    0.45440E+04    0.93558E+01
   0.28064E+00    0.35847E+04    0.45075E+04    0.93113E+01
   0.25446E+00    0.36108E+04    0.44973E+04    0.93572E+01
   0.25810E+00    0.36118E+04    0.45050E+04    0.93399E+01
   0.21675E+00    0.35973E+04    0.44817E+04    0.94173E+01
   0.21650E+00    0.36419E+04    0.44487E+04    0.94250E+01
   0.23719E+00    0.36926E+04    0.45052E+04    0.94992E+01
   0.23911E+00    0.36263E+04    0.45257E+04    0.94119E+01
   0.26275E+00    0.36439E+04    0.45522E+04    0.92400E+01
   0.26117E+00    0.35984E+04    0.45936E+04    0.94857E+01
   0.23552E+00    0.36504E+04    0.44158E+04    0.93888E+01
   0.23373E+00    0.36753E+04    0.44934E+04    0.94361E+01
   0.24588E+00    0.36891E+04    0.44162E+04    0.95060E+01
   0.24451E+00    0.36744E+04    0.44439E+04    0.95050E+01
   0.20010E+00    0.36872E+04    0.44534E+04    0.94588E+01
   0.20396E+00    0.36930E+04    0.44852E+04    0.94180E+01
   0.24599E+00    0.36679E+04    0.44836E+04    0.95038E+01
   0.24593E+00    0.36729E+04    0.44910E+04    0.94529E+01
   0.20954E+00    0.36617E+04    0.44445E+04    0.93706E+01
   0.20956E+00    0.36810E+04    0.44725E+04    0.93815E+01
   0.23809E+00    0.36056E+04    0.45688E+04    0.94932E+01
   0.23939E+00    0.35950E+04    0.45536E+04    0.93771E+01
   0.22655E+00    0.36541E+04    0.45290E+04    0.94029E+01
   0.22423E+00    0.37010E+04    0.45173E+04    0.95001E+01
   0.22276E+00    0.36491E+04    0.45815E+04    0.94373E+01
   0.22451E+00    0.36935E+04    0.45656E+04    0.94061E+01
   0.23713E+00    0.36473E+04    0.45513E+04    0.94341E+01
   0.23672E+00    0.36535E+04    0.45553E+04    0.94331E+01
   0.20081E+00    0.37093E+04    0.45323E+04    0.93822E+01
   0.20008E+00    0.37268E+04    0.45493E+04    0.93528E+01
   0.25280E+00    0.36854E+04    0.44949E+04    0.93669E+01
   0.25235E+00    0.36861E+04    0.44931E+04    0.93169E+01
   0.22138E+00    0.36618E+04    0.45604E+04    0.93045E+01
   0.21975E+00    0.37116E+04    0.45580E+04    0.92921E+01
   0.28877E+00    0.36818E+04    0.44372E+04    0.94059E+01
   0.29177E+00    0.37051E+04    0.44519E+04    0.92998E+01
   0.23213E+00    0.36518E+04    0.45382E+04    0.92860E+01
   0.23195E+00    0.36706E+04    0.45466E+04    0.92778E+01
   0.22651E+00    0.36634E+04    0.44724E+04    0.92691E+01
   0.22383E+00    0.37079E+04    0.44793E+04    0.93009E+01
   0.20296E+00    0.36506E+04    0.45187E+04    0.94473E+01
   0.20632E+00    0.36345E+04    0.44938E+04    0.93641E+01
   0.27922E+00    0.36700E+04    0.45909E+04    0.93381E+01
   0.27773E+00    0.36634E+04    0.45626E+04    0.93621E+01
   0.20274E+00    0.36686E+04    0.45300E+04    0.92333E+01
   0.20274E+00    0.36363E+04    0.45678E+04    0.92587E+01
   0.20096E+00    0.37027E+04    0.45333E+04    0.91953E+01
   0.20211E+00    0.36718E+04    0.45699E+04    0.92275E+01
   0.23514E+00    0.36073E+04    0.45337E+04    0.93230E+01
   0.23331E+00    0.36619E+04    0.45596E+04    0.92524E+01
   0.20247E+00    0.36474E+04    0.45891E+04    0.92400E+01
   0.20009E+00    0.36399E+04    0.45847E+04    0.93077E+01
   0.22709E+00    0.36487E+04    0.45187E+04    0.92605E+01
   0.22878E+00    0.36648E+04    0.45606E+04    0.92783E+01
   0.15112E+00    0.36591E+04    0.44857E+04    0.92629E+01
   0.15227E+00    0.36876E+04    0.44965E+04    0.91832E+01
   0.24416E+00    0.35965E+04    0.44598E+04    0.93918E+01
   0.24377E+00    0.36201E+04    0.45307E+04    0.94115E+01
   0.24085E+00    0.36439E+04    0.45601E+04    0.92647E+01
   0.24157E+00    0.36511E+04    0.45877E+04    0.93355E+01
   0.23375E+00    0.35888E+04    0.45898E+04    0.93123E+01
   0.23364E+00    0.35958E+04    0.45410E+04    0.94441E+01
   0.24761E+00    0.36381E+04    0.44852E+04    0.91228E+01
   0.24672E+00    0.37045E+04    0.45067E+04    0.92749E+01
   0.25275E+00    0.37496E+04    0.45334E+04    0.94061E+01
   0.25352E+00    0.36875E+04    0.45544E+04    0.94268E+01
   0.23579E+00    0.36973E+04    0.44866E+04    0.94825E+01
   0.23535E+00    0.37097E+04    0.45266E+04    0.93280E+01
   0.28820E+00    0.37188E+04    0.45217E+04    0.93023E+01
   0.28914E+00    0.36748E+04    0.44922E+04    0.92037E+01
   0.26439E+00    0.36224E+04    0.45158E+04    0.92681E+01
   0.26250E+00    0.36337E+04    0.45188E+04    0.93124E+01
   0.22690E+00    0.37190E+04    0.44658E+04    0.92387E+01
   0.22983E+00    0.37290E+04    0.45157E+04    0.92480E+01
   0.27552E+00    0.36459E+04    0.44814E+04    0.92500E+01
   0.27622E+00    0.36253E+04    0.45173E+04    0.92173E+01
   0.27349E+00    0.36158E+04    0.45769E+04    0.93316E+01
   0.27200E+00    0.35893E+04    0.45317E+04    0.94033E+01
   0.31072E+00    0.36245E+04    0.44752E+04    0.92685E+01
   0.31166E+00    0.36402E+04    0.44882E+04    0.92670E+01
   0.29325E+00    0.35983E+04    0.44748E+04    0.92449E+01
   0.29726E+00    0.36156E+04    0.44992E+04    0.93232E+01
   0.29269E+00    0.36647E+04    0.44634E+04    0.93162E+01
   0.29265E+00    0.36448E+04    0.45202E+04    0.93325E+01
   0.30974E+00    0.36866E+04    0.45233E+04    0.91864E+01
   0.30820E+00    0.36971E+04    0.44614E+04    0.92718E+01
   0.27737E+00    0.37009E+04    0.45007E+04    0.93091E+01
   0.27599E+00    0.36850E+04    0.44804E+04    0.92813E+01
   0.24303E+00    0.36179E+04    0.45293E+04    0.93808E+01
   0.24345E+00    0.36178E+04    0.45197E+04    0.92997E+01
   0.23679E+00    0.36200E+04    0.45043E+04    0.92953E+01
   0.23654E+00    0.36054E+04    0.44823E+04    0.92953E+01
   0.28889E+00    0.36409E+04    0.44800E+04    0.94245E+01
   0.29311E+00    0.36712E+04    0.44800E+04    0.93194E+01
   0.28453E+00    0.36816E+04    0.45167E+04    0.93518E+01
   0.28534E+00    0.36793E+04    0.45290E+04    0.94372E+01
   0.29239E+00    0.36484E+04    0.44920E+04    0.93096E+01
   0.28805E+00    0.36125E+04    0.45060E+04    0.93283E+01
   0.25909E+00    0.37375E+04    0.44787E+04    0.94040E+01
   0.25998E+00    0.36999E+04    0.44804E+04    0.93435E+01
   0.30688E+00    0.37030E+04    0.44843E+04    0.93352E+01
   0.30658E+00    0.36744E+04    0.44687E+04    0.93127E+01
   0.23158E+00    0.36748E+04    0.44964E+04    0.93056E+01
   0.23047E+00    0.36873E+04    0.45294E+04    0.93105E+01
   0.24250E+00    0.36504E+04    0.44932E+04    0.93300E+01
   0.24212E+00    0.36924E+04    0.44980E+04    0.93927E+01
   0.28165E+00    0.36513E+04    0.45403E+04    0.92203E+01
   0.28131E+00    0.36776E+04    0.44739E+04    0.94547E+01
   0.26229E+00    0.36670E+04    0.45093E+04    0.94422E+01
   0.26002E+00    0.36447E+04    0.45030E+04    0.93221E+01
   0.29178E+00    0.36436E+04    0.44992E+04    0.94476E+01
   0.29441E+00    0.36559E+04    0.44934E+04    0.93295E+01
   0.25693E+00    0.36603E+04    0.45253E+04    0.93022E+01
   0.25682E+00    0.36826E+04    0.45238E+04    0.93901E+01
   0.26997E+00    0.36768E+04    0.45608E+04    0.92470E+01
   0.26894E+00    0.36810E+04    0.45591E+04    0.92705E+01
   0.22437E+00    0.36617E+04    0.45220E+04    0.92012E+01
   0.22260E+00    0.36676E+04    0.45740E+04    0.92656E+01
   0.22259E+00    0.37184E+04    0.45129E+04    0.93493E+01
   0.22432E+00    0.37051E+04    0.45509E+04    0.94149E+01
   0.23488E+00    0.37028E+04    0.45187E+04    0.92750E+01
   0.23703E+00    0.37311E+04    0.45463E+04    0.93942E+01
   0.27144E+00    0.37171E+04    0.45363E+04    0.93922E+01
   0.27126E+00    0.37268E+04    0.45102E+04    0.93380E+01
   0.28836E+00    0.37233E+04    0.45555E+04    0.92434E+01
   0.28775E+00    0.37083E+04    0.45671E+04    0.93035E+01
   0.24432E+00    0.36401E+04    0.45297E+04    0.92933E+01
   0.24433E+00    0.36985E+04    0.45818E+04    0.93504E+01
   0.23752E+00    0.36023E+04    0.45279E+04    0.91755E+01
   0.23745E+00    0.36396E+04    0.45035E+04    0.92251E+01
   0.25238E+00    0.36329E+04    0.45025E+04    0.92304E+01
   0.25172E+00    0.36468E+04    0.45093E+04    0.92454E+01
   0.28511E+00    0.37050E+04    0.45305E+04    0.92271E+01
   0.28348E+00    0.36550E+04    0.45543E+04    0.94008E+01
   0.29679E+00    0.36690E+04    0.44817E+04    0.92999E+01
   0.29822E+00    0.37085E+04    0.44783E+04    0.92781E+01
   0.26001E+00    0.36499E+04    0.44897E+04    0.93065E+01
   0.26222E+00    0.36771E+04    0.44893E+04    0.93474E+01
   0.26996E+00    0.36100E+04    0.44770E+04    0.93313E+01
   0.27220E+00    0.36246E+04    0.45028E+04    0.93282E+01
   0.24819E+00    0.37048E+04    0.45076E+04    0.92576E+01
   0.24747E+00    0.37015E+04    0.45386E+04    0.91904E+01
   0.28639E+00    0.36675E+04    0.44797E+04    0.93336E+01
   0.28409E+00    0.36458E+04    0.44783E+04    0.93004E+01
   0.32295E+00    0.36483E+04    0.45464E+04    0.91362E+01
   0.32362E+00    0.36852E+04    0.45081E+04    0.91562E+01
   0.26692E+00    0.36768E+04    0.44755E+04    0.91993E+01
   0.26515E+00    0.36905E+04    0.44583E+04    0.93435E+01
   0.27810E+00    0.36758E+04    0.44761E+04    0.93245E+01
   0.28039E+00    0.36961E+04    0.44703E+04    0.92848E+01
   0.24058E+00    0.36979E+04    0.44251E+04    0.91683E+01
   0.23762E+00    0.36660E+04    0.44409E+04    0.91916E+01
   0.26114E+00    0.36862E+04    0.44649E+04    0.94041E+01
   0.25984E+00    0.37140E+04    0.45041E+04    0.93671E+01
   0.21854E+00    0.36461E+04    0.45002E+04    0.92640E+01
   0.22067E+00    0.36637E+04    0.44844E+04    0.93278E+01
   0.25231E+00    0.36296E+04    0.44801E+04    0.93231E+01
   0.25252E+00    0.36236E+04    0.44586E+04    0.92746E+01
   0.26967E+00    0.36357E+04    0.45012E+04    0.94835E+01
   0.27049E+00    0.36639E+04    0.44152E+04    0.93878E+01
   0.26623E+00    0.37073E+04    0.44081E+04    0.94187E+01
   0.26982E+00    0.37182E+04    0.44667E+04    0.94366E+01
   0.23657E+00    0.36245E+04    0.44696E+04    0.92937E+01
   0.23480E+00    0.36719E+04    0.44960E+04    0.94555E+01
   0.22601E+00    0.37312E+04    0.45036E+04    0.94649E+01
   0.22652E+00    0.37445E+04    0.44705E+04    0.95051E+01
   0.29135E+00    0.37073E+04    0.44539E+04    0.94629E+01
   0.29352E+00    0.36573E+04    0.44581E+04    0.94753E+01
   0.21642E+00    0.37060E+04    0.44715E+04    0.93543E+01
   0.21658E+00    0.36495E+04    0.44729E+04    0.94596E+01
   0.24492E+00    0.36031E+04    0.44455E+04    0.95697E+01
   0.24649E+00    0.35462E+04    0.44889E+04    0.94792E+01
   0.27366E+00    0.36322E+04    0.45187E+04    0.94982E+01
   0.27536E+00    0.36616E+04    0.44969E+04    0.93983E+01
   0.24564E+00    0.36584E+04    0.44875E+04    0.94584E+01
   0.24832E+00    0.36684E+04    0.45075E+04    0.94062E+01
   0.21681E+00    0.37416E+04    0.44801E+04    0.94869E+01
   0.21731E+00    0.37347E+04    0.44857E+04    0.94106E+01
   0.24967E+00    0.36857E+04    0.44984E+04    0.95075E+01
   0.24634E+00    0.37420E+04    0.44366E+04    0.93151E+01
   0.23142E+00    0.37182E+04    0.45421E+04    0.94709E+01
   0.23395E+00    0.37327E+04    0.45558E+04    0.94394E+01
   0.23528E+00    0.36563E+04    0.45271E+04    0.95323E+01
   0.23818E+00    0.36570E+04    0.45769E+04    0.93928E+01
   0.22831E+00    0.36641E+04    0.45048E+04    0.93960E+01
   0.23028E+00    0.36829E+04    0.45129E+04    0.93462E+01
   0.28246E+00    0.36567E+04    0.45122E+04    0.95114E+01
   0.28358E+00    0.36831E+04    0.44794E+04    0.93083E+01
   0.18977E+00    0.36550E+04    0.44686E+04    0.93887E+01
   0.18754E+00    0.36896E+04    0.44370E+04    0.94852E+01
   0.23359E+00    0.37160E+04    0.45463E+04    0.93874E+01
   0.23389E+00    0.37202E+04    0.45269E+04    0.92388E+01
   0.18413E+00    0.36703E+04    0.45151E+04    0.95851E+01
   0.18373E+00    0.37097E+04    0.45524E+04    0.93266E+01
   0.22821E+00    0.36573E+04    0.45453E+04    0.93596E+01
   0.22982E+00    0.36792E+04    0.45444E+04    0.94181E+01
   0.22155E+00    0.36703E+04    0.45626E+04    0.93112E+01
   0.21971E+00    0.36489E+04    0.45762E+04    0.94835E+01
   0.21768E+00    0.36203E+04    0.45573E+04    0.93220E+01
   0.21834E+00    0.35902E+04    0.46158E+04    0.92097E+01
   0.23213E+00    0.36939E+04    0.45136E+04    0.94779E+01
   0.23279E+00    0.36994E+04    0.45199E+04    0.93990E+01
   0.22326E+00    0.36381E+04    0.45147E+04    0.93522E+01
   0.22689E+00    0.36725E+04    0.45302E+04    0.93579E+01
   0.27750E+00    0.36439E+04    0.45199E+04    0.94490E+01
   0.27713E+00    0.36435E+04    0.45366E+04    0.93826E+01
   0.24065E+00    0.36422E+04    0.44842E+04    0.93744E+01
   0.23718E+00    0.36380E+04    0.45098E+04    0.92275E+01
   0.20045E+00    0.37227E+04    0.44997E+04    0.92565E+01
   0.20238E+00    0.36964E+04    0.45127E+04    0.92024E+01
   0.20541E+00    0.37135E+04    0.44965E+04    0.93350E+01
   0.20246E+00    0.36876E+04    0.45364E+04    0.93183E+01
   0.26391E+00    0.36655E+04    0.45121E+04    0.92856E+01
   0.26402E+00    0.36455E+04    0.44916E+04    0.92278E+01
   0.27342E+00    0.36619E+04    0.44817E+04    0.93182E+01
   0.27295E+00    0.36475E+04    0.45239E+04    0.93505E+01
   0.22613E+00    0.36978E+04    0.45600E+04    0.94383E+01
   0.22026E+00    0.36783E+04    0.45354E+04    0.92985E+01
   0.22670E+00    0.36372E+04    0.45388E+04    0.92925E+01
   0.22799E+00    0.36559E+04    0.45484E+04    0.91680E+01
   0.21448E+00    0.36252E+04    0.45074E+04    0.93066E+01
   0.21575E+00    0.36551E+04    0.45251E+04    0.92730E+01
   0.22390E+00    0.36312E+04    0.45115E+04    0.92927E+01
   0.22171E+00    0.36565E+04    0.45072E+04    0.93282E+01
   0.24630E+00    0.36913E+04    0.45126E+04    0.93106E+01
   0.24841E+00    0.36287E+04    0.45051E+04    0.93192E+01
   0.24416E+00    0.36858E+04    0.45643E+04    0.92207E+01
   0.24336E+00    0.37186E+04    0.45749E+04    0.93716E+01
   0.28669E+00    0.36674E+04    0.44947E+04    0.94444E+01
   0.28864E+00    0.36809E+04    0.44674E+04    0.93957E+01
   0.25860E+00    0.37098E+04    0.45029E+04    0.93947E+01
   0.25783E+00    0.36683E+04    0.45119E+04    0.94065E+01
   0.27327E+00    0.36587E+04    0.45438E+04    0.92738E+01
   0.27542E+00    0.36754E+04    0.45589E+04    0.94141E+01
   0.26854E+00    0.36258E+04    0.45070E+04    0.94078E+01
   0.26923E+00    0.36191E+04    0.45110E+04    0.93898E+01
   0.30372E+00    0.36393E+04    0.44522E+04    0.93932E+01
   0.30415E+00    0.36299E+04    0.44850E+04    0.94008E+01
   0.22012E+00    0.35826E+04    0.45052E+04    0.94225E+01
   0.21925E+00    0.36326E+04    0.44853E+04    0.93415E+01
   0.25799E+00    0.36696E+04    0.46137E+04    0.93964E+01
   0.25733E+00    0.36632E+04    0.45600E+04    0.94469E+01
   0.23408E+00    0.36354E+04    0.45133E+04    0.94192E+01
   0.23692E+00    0.36314E+04    0.44534E+04    0.94345E+01
   0.24793E+00    0.36545E+04    0.44902E+04    0.92423E+01
   0.24711E+00    0.36653E+04    0.45022E+04    0.93012E+01
   0.23147E+00    0.36734E+04    0.45154E+04    0.92953E+01
   0.23191E+00    0.36439E+04    0.45431E+04    0.92386E+01
   0.25326E+00    0.36363E+04    0.45234E+04    0.93838E+01
   0.25495E+00    0.36405E+04    0.45720E+04    0.93106E+01
   0.23421E+00    0.36674E+04    0.45297E+04    0.94214E+01
   0.23408E+00    0.36605E+04    0.45769E+04    0.93485E+01
   0.30377E+00    0.37236E+04    0.45377E+04    0.92703E+01
   0.30533E+00    0.37375E+04    0.45622E+04    0.92073E+01
   0.26169E+00    0.37027E+04    0.45161E+04    0.93127E+01
   0.25887E+00    0.36612E+04    0.45064E+04    0.91947E+01
   0.29896E+00    0.36732E+04    0.44726E+04    0.91726E+01
   0.29944E+00    0.36634E+04    0.44488E+04    0.93337E+01
   0.23434E+00    0.36395E+04    0.45058E+04    0.93807E+01
   0.23708E+00    0.36241E+04    0.45466E+04    0.92991E+01
   0.24828E+00    0.36821E+04    0.44875E+04    0.92957E+01
   0.24985E+00    0.36910E+04    0.44577E+04    0.94463E+01
   0.26944E+00    0.36336E+04    0.45028E+04    0.92731E+01
   0.26999E+00    0.36572E+04    0.45366E+04    0.93287E+01
   0.22177E+00    0.36933E+04    0.44384E+04    0.93101E+01
   0.22013E+00    0.36685E+04    0.44446E+04    0.92291E+01
   0.26354E+00    0.36700E+04    0.44753E+04    0.92892E+01
   0.26287E+00    0.36746E+04    0.44614E+04    0.93982E+01
   0.28661E+00    0.36198E+04    0.44714E+04    0.92290E+01
   0.28491E+00    0.36020E+04    0.44855E+04    0.93143E+01
   0.26980E+00    0.36424E+04    0.45335E+04    0.93968E+01
   0.26813E+00    0.36364E+04    0.44956E+04    0.93994E+01
   0.28184E+00    0.36676E+04    0.44675E+04    0.92872E+01
   0.28316E+00    0.36301E+04    0.44529E+04    0.94559E+01
   0.28435E+00    0.36051E+04    0.45379E+04    0.93619E+01
   0.28476E+00    0.36459E+04    0.44741E+04    0.93700E+01
   0.29379E+00    0.36446E+04    0.44766E+04    0.94176E+01
   0.29090E+00    0.36305E+04    0.44554E+04    0.93258E+01
   0.25416E+00    0.36637E+04    0.44485E+04    0.93960E+01
   0.25497E+00    0.36615E+04    0.44426E+04    0.93548E+01
   0.29119E+00    0.36754E+04    0.44829E+04    0.93496E+01
   0.29232E+00    0.37120E+04    0.44895E+04    0.93602E+01
   0.26986E+00    0.36530E+04    0.45485E+04    0.94230E+01
   0.27204E+00    0.36818E+04    0.44852E+04    0.94687E+01
   0.23963E+00    0.35981E+04    0.45620E+04    0.92865E+01
   0.23559E+00    0.36723E+04    0.45808E+04    0.93298E+01
   0.27541E+00    0.36875E+04    0.45333E+04    0.93537E+01
   0.27473E+00    0.37029E+04    0.45211E+04    0.95141E+01
   0.25501E+00    0.37109E+04    0.45361E+04    0.93459E+01
   0.25322E+00    0.37058E+04    0.45151E+04    0.93989E+01
   0.21103E+00    0.37014E+04    0.45409E+04    0.91471E+01
   0.21216E+00    0.36895E+04    0.45023E+04    0.93319E+01
   0.27442E+00    0.36287E+04    0.44645E+04    0.93228E+01
   0.27175E+00    0.36429E+04    0.44471E+04    0.91934E+01
   0.23667E+00    0.37330E+04    0.45072E+04    0.92868E+01
   0.23402E+00    0.37177E+04    0.44869E+04    0.93217E+01
   0.24018E+00    0.36032E+04    0.45551E+04    0.93938E+01
   0.24312E+00    0.35924E+04    0.45409E+04    0.94126E+01
   0.24621E+00    0.36059E+04    0.44992E+04    0.94415E+01
   0.24384E+00    0.36200E+04    0.44896E+04    0.93633E+01
   0.24390E+00    0.36396E+04    0.44992E+04    0.92753E+01
   0.24423E+00    0.36326E+04    0.45083E+04    0.93233E+01
   0.24503E+00    0.36241E+04    0.45213E+04    0.93615E+01
   0.24491E+00    0.36038E+04    0.44988E+04    0.93848E+01
   0.20013E+00    0.36187E+04    0.44912E+04    0.93085E+01
   0.20164E+00    0.36281E+04    0.44372E+04    0.94216E+01
   0.28944E+00    0.35668E+04    0.44759E+04    0.95513E+01
   0.29230E+00    0.36255E+04    0.44881E+04    0.93740E+01
   0.19726E+00    0.37063E+04    0.45071E+04    0.93322E+01
   0.20107E+00    0.36589E+04    0.45319E+04    0.93670E+01
   0.24001E+00    0.36366E+04    0.45568E+04    0.93084E+01
   0.23731E+00    0.36564E+04    0.45278E+04    0.94554E+01
   0.26204E+00    0.36530E+04    0.44762E+04    0.93185E+01
   0.26045E+00    0.36514E+04    0.44987E+04    0.93907E+01
   0.25413E+00    0.36821E+04    0.44725E+04    0.93527E+01
   0.25328E+00    0.36737E+04    0.44837E+04    0.93243E+01
   0.19071E+00    0.36887E+04    0.45310E+04    0.92990E+01
   0.18862E+00    0.36742E+04    0.44940E+04    0.94385E+01
   0.25986E+00    0.36772E+04    0.45351E+04    0.93190E+01
   0.26053E+00    0.36965E+04    0.45195E+04    0.93885E+01
   0.20301E+00    0.36366E+04    0.45919E+04    0.94268E+01
   0.20170E+00    0.36371E+04    0.45716E+04    0.95074E+01
   0.25852E+00    0.36275E+04    0.45427E+04    0.94397E+01
   0.25681E+00    0.36512E+04    0.44989E+04    0.93232E+01
   0.27326E+00    0.36653E+04    0.45298E+04    0.92585E+01
   0.27397E+00    0.36477E+04    0.45803E+04    0.93394E+01
   0.27686E+00    0.36229E+04    0.45204E+04    0.93757E+01
   0.27588E+00    0.36150E+04    0.45009E+04    0.92823E+01
   0.22643E+00    0.36376E+04    0.45474E+04    0.93488E+01
   0.22696E+00    0.36451E+04    0.45099E+04    0.93999E+01
   0.26163E+00    0.36526E+04    0.45239E+04    0.92861E+01
   0.26250E+00    0.36858E+04    0.45169E+04    0.92814E+01
   0.23698E+00    0.37106E+04    0.45679E+04    0.93588E+01
   0.23876E+00    0.36513E+04    0.45441E+04    0.92822E+01
   0.26122E+00    0.36772E+04    0.45405E+04    0.91580E+01
   0.25959E+00    0.36265E+04    0.45486E+04    0.92857E+01
   0.24870E+00    0.36601E+04    0.45485E+04    0.93454E+01
   0.24724E+00    0.36355E+04    0.45452E+04    0.93563E+01
   0.25477E+00    0.35914E+04    0.45976E+04    0.92717E+01
   0.25316E+00    0.36280E+04    0.45819E+04    0.92439E+01
   0.23910E+00    0.36838E+04    0.44704E+04    0.91272E+01
   0.24122E+00    0.36646E+04    0.44599E+04    0.93313E+01
   0.22340E+00    0.36576E+04    0.44975E+04    0.91821E+01
   0.22339E+00    0.36488E+04    0.45307E+04    0.93083E+01
   0.25168E+00    0.36637E+04    0.45246E+04    0.92817E+01
   0.24986E+00    0.36103E+04    0.45405E+04    0.92992E+01
   0.26498E+00    0.36754E+04    0.45061E+04    0.93578E+01
   0.26458E+00    0.36883E+04    0.45246E+04    0.92013E+01
   0.30769E+00    0.37066E+04    0.44601E+04    0.92136E+01
   0.30721E+00    0.36537E+04    0.44976E+04    0.94186E+01
   0.28252E+00    0.36731E+04    0.44972E+04    0.94143E+01
   0.28469E+00    0.36726E+04    0.44857E+04    0.92178E+01
   0.28016E+00    0.36036E+04    0.45493E+04    0.91717E+01
   0.28310E+00    0.35983E+04    0.45285E+04    0.92740E+01
   0.25457E+00    0.36554E+04    0.45289E+04    0.91735E+01
   0.25614E+00    0.36650E+04    0.44946E+04    0.92286E+01
   0.28819E+00    0.37023E+04    0.44739E+04    0.91788E+01
   0.28683E+00    0.36681E+04    0.45059E+04    0.92605E+01
   0.27642E+00    0.36469E+04    0.44433E+04    0.91527E+01
   0.27535E+00    0.36606E+04    0.44763E+04    0.92007E+01
   0.24571E+00    0.36064E+04    0.45062E+04    0.93118E+01
   0.24553E+00    0.36184E+04    0.44823E+04    0.93323E+01
   0.25087E+00    0.36737E+04    0.45098E+04    0.94374E+01
   0.25212E+00    0.36771E+04    0.45381E+04    0.93376E+01
   0.23296E+00    0.35924E+04    0.45036E+04    0.93618E+01
   0.23610E+00    0.36333E+04    0.45047E+04    0.93354E+01
   0.27459E+00    0.36991E+04    0.44724E+04    0.93122E+01
   0.27085E+00    0.36931E+04    0.44813E+04    0.94241E+01
   0.22507E+00    0.37213E+04    0.44984E+04    0.94714E+01
   0.22287E+00    0.36971E+04    0.45089E+04    0.93632E+01
   0.33225E+00    0.37113E+04    0.45204E+04    0.94372E+01
   0.33487E+00    0.36896E+04    0.45195E+04    0.93018E+01
   0.32998E+00    0.36575E+04    0.44369E+04    0.93022E+01
   0.32993E+00    0.35889E+04    0.45033E+04    0.93464E+01
   0.34818E+00    0.36310E+04    0.44827E+04    0.91939E+01
   0.34793E+00    0.36330E+04    0.44364E+04    0.93270E+01
   0.26281E+00    0.36403E+04    0.45368E+04    0.92973E+01
   0.26101E+00    0.36506E+04    0.44848E+04    0.93168E+01
   0.27670E+00    0.36184E+04    0.45083E+04    0.93501E+01
   0.27600E+00    0.35982E+04    0.44286E+04    0.93437E+01
   0.26136E+00    0.36160E+04    0.45024E+04    0.93725E+01
   0.26117E+00    0.36371E+04    0.45181E+04    0.94565E+01
   0.27671E+00    0.36836E+04    0.44692E+04    0.93694E+01
   0.27790E+00    0.37143E+04    0.44616E+04    0.93756E+01
   0.23584E+00    0.37034E+04    0.44636E+04    0.95365E+01
   0.23836E+00    0.37251E+04    0.44617E+04    0.94058E+01
   0.26795E+00    0.36379E+04    0.44891E+04    0.94264E+01
   0.27178E+00    0.36438E+04    0.44663E+04    0.93777E+01
   0.21469E+00    0.36324E+04    0.45251E+04    0.92861E+01
   0.21717E+00    0.36961E+04    0.45001E+04    0.93976E+01
   0.23979E+00    0.35903E+04    0.45184E+04    0.95206E+01
   0.23746E+00    0.36094E+04    0.44923E+04    0.94369E+01
   0.22456E+00    0.36753E+04    0.45278E+04    0.93474E+01
   0.22595E+00    0.36873E+04    0.45284E+04    0.95401E+01
   0.22347E+00    0.37026E+04    0.44890E+04    0.93932E+01
   0.22006E+00    0.36785E+04    0.45243E+04    0.96575E+01
   0.20463E+00    0.36436E+04    0.44991E+04    0.94375E+01
   0.20349E+00    0.36291E+04    0.44463E+04    0.93418E+01
   0.19568E+00    0.36626E+04    0.45083E+04    0.94357E+01
   0.19561E+00    0.36934E+04    0.45216E+04    0.94169E+01
   0.18934E+00    0.36134E+04    0.45011E+04    0.93933E+01
   0.19141E+00    0.36361E+04    0.45151E+04    0.94417E+01
   0.21689E+00    0.36750E+04    0.44706E+04    0.95168E+01
   0.21721E+00    0.36640E+04    0.44859E+04    0.94178E+01
   0.20376E+00    0.36647E+04    0.45434E+04    0.94563E+01
   0.20264E+00    0.37174E+04    0.45531E+04    0.94409E+01
   0.17169E+00    0.35700E+04    0.45217E+04    0.94434E+01
   0.17317E+00    0.35880E+04    0.45323E+04    0.93812E+01
   0.24320E+00    0.36667E+04    0.45268E+04    0.94242E+01
   0.24194E+00    0.36508E+04    0.45299E+04    0.92626E+01
   0.24644E+00    0.36357E+04    0.45846E+04    0.92974E+01
   0.24448E+00    0.36543E+04    0.45781E+04    0.92880E+01
   0.20615E+00    0.37122E+04    0.45594E+04    0.93909E+01
   0.20600E+00    0.37008E+04    0.45239E+04    0.92623E+01
   0.17815E+00    0.36757E+04    0.45767E+04    0.92840E+01
   0.17974E+00    0.36536E+04    0.45452E+04    0.93632E+01
   0.23898E+00    0.36906E+04    0.45529E+04    0.95301E+01
   0.23749E+00    0.36862E+04    0.45412E+04    0.93339E+01
   0.23318E+00    0.36704E+04    0.45721E+04    0.92915E+01
   0.23315E+00    0.36262E+04    0.45940E+04    0.93853E+01
   0.27085E+00    0.36797E+04    0.45282E+04    0.92733E+01
   0.27535E+00    0.36832E+04    0.45331E+04    0.93322E+01
   0.20514E+00    0.36741E+04    0.45610E+04    0.93793E+01
   0.20725E+00    0.36280E+04    0.45919E+04    0.94066E+01
   0.25762E+00    0.36438E+04    0.45852E+04    0.92781E+01
   0.25737E+00    0.36270E+04    0.45886E+04    0.92973E+01
   0.24302E+00    0.36347E+04    0.45581E+04    0.92648E+01
   0.23765E+00    0.36097E+04    0.45618E+04    0.93373E+01
   0.18101E+00    0.37154E+04    0.45479E+04    0.94016E+01
   0.18166E+00    0.36983E+04    0.45487E+04    0.93277E+01
   0.26341E+00    0.36414E+04    0.45116E+04    0.92898E+01
   0.26650E+00    0.36538E+04    0.45109E+04    0.93059E+01
   0.22905E+00    0.36426E+04    0.45118E+04    0.92168E+01
   0.22690E+00    0.36373E+04    0.44886E+04    0.93328E+01
   0.23740E+00    0.36633E+04    0.45592E+04    0.94441E+01
   0.24050E+00    0.36980E+04    0.44465E+04    0.92951E+01
   0.25430E+00    0.36308E+04    0.44951E+04    0.92636E+01
   0.25242E+00    0.36820E+04    0.45220E+04    0.91825E+01
   0.25609E+00    0.36173E+04    0.44981E+04    0.92126E+01
   0.25754E+00    0.36409E+04    0.45790E+04    0.93762E+01
   0.28959E+00    0.37560E+04    0.44774E+04    0.93162E+01
   0.28921E+00    0.37640E+04    0.44910E+04    0.93863E+01
   0.22555E+00    0.36271E+04    0.45302E+04    0.92613E+01
   0.22708E+00    0.36519E+04    0.45634E+04    0.93182E+01
   0.28903E+00    0.37010E+04    0.44916E+04    0.93223E+01
   0.28724E+00    0.37091E+04    0.44719E+04    0.92693E+01
   0.30258E+00    0.36671E+04    0.45614E+04    0.93940E+01
   0.30306E+00    0.37001E+04    0.45103E+04    0.92484E+01
   0.30055E+00    0.36464E+04    0.44245E+04    0.93494E+01
   0.29749E+00    0.36526E+04    0.44446E+04    0.93090E+01
   0.28072E+00    0.36298E+04    0.45073E+04    0.93271E+01
   0.28151E+00    0.36106E+04    0.45097E+04    0.93178E+01
   0.22163E+00    0.35872E+04    0.44640E+04    0.93441E+01
   0.22206E+00    0.35879E+04    0.44299E+04    0.93441E+01
   0.28172E+00    0.36677E+04    0.44599E+04    0.92486E+01
   0.28362E+00    0.36235E+04    0.44542E+04    0.93174E+01
   0.21104E+00    0.36330E+04    0.44732E+04    0.92606E+01
   0.21054E+00    0.36796E+04    0.45020E+04    0.92075E+01
   0.27178E+00    0.35984E+04    0.44313E+04    0.94322E+01
   0.26893E+00    0.36508E+04    0.44260E+04    0.94258E+01
   0.28182E+00    0.36787E+04    0.45501E+04    0.93619E+01
   0.28403E+00    0.36711E+04    0.45166E+04    0.93788E+01
   0.26121E+00    0.36830E+04    0.45312E+04    0.94088E+01
   0.26096E+00    0.36999E+04    0.45378E+04    0.94252E+01
   0.23726E+00    0.36797E+04    0.45023E+04    0.94021E+01
   0.23665E+00    0.36721E+04    0.44729E+04    0.94209E+01
   0.24826E+00    0.36913E+04    0.45204E+04    0.93175E+01
   0.24553E+00    0.37008E+04    0.45406E+04    0.94056E+01
   0.21415E+00    0.36514E+04    0.44934E+04    0.94698E+01
   0.21236E+00    0.36325E+04    0.44761E+04    0.94161E+01
   0.27157E+00    0.36732E+04    0.44783E+04    0.94529E+01
   0.27158E+00    0.36943E+04    0.44306E+04    0.95216E+01
   0.28283E+00    0.36900E+04    0.45255E+04    0.94420E+01
   0.28263E+00    0.36559E+04    0.45188E+04    0.93133E+01
   0.26458E+00    0.36579E+04    0.44436E+04    0.94502E+01
   0.26606E+00    0.35835E+04    0.44569E+04    0.93185E+01
   0.29717E+00    0.36454E+04    0.44664E+04    0.94658E+01
   0.29614E+00    0.36477E+04    0.44657E+04    0.93455E+01
   0.29639E+00    0.36486E+04    0.45058E+04    0.94971E+01
   0.29547E+00    0.36433E+04    0.45026E+04    0.95511E+01
   0.24775E+00    0.36492E+04    0.45042E+04    0.95470E+01
   0.24807E+00    0.36948E+04    0.44972E+04    0.94104E+01
   0.29162E+00    0.36413E+04    0.44543E+04    0.94485E+01
   0.29149E+00    0.36628E+04    0.44562E+04    0.93659E+01
   0.19745E+00    0.36952E+04    0.44339E+04    0.94501E+01
   0.19989E+00    0.36673E+04    0.44691E+04    0.92663E+01
   0.25132E+00    0.36683E+04    0.44918E+04    0.95467E+01
   0.25289E+00    0.36642E+04    0.45148E+04    0.92785E+01
   0.22914E+00    0.36408E+04    0.45162E+04    0.93776E+01
   0.22718E+00    0.36518E+04    0.44788E+04    0.94053E+01
   0.19748E+00    0.36682E+04    0.45226E+04    0.92551E+01
   0.19609E+00    0.36416E+04    0.44932E+04    0.93999E+01
   0.22418E+00    0.35872E+04    0.45080E+04    0.93498E+01
   0.22339E+00    0.36255E+04    0.45385E+04    0.93517E+01
   0.21730E+00    0.36724E+04    0.45371E+04    0.93086E+01
   0.21697E+00    0.36751E+04    0.45763E+04    0.94106E+01
   0.24567E+00    0.36915E+04    0.45000E+04    0.93155E+01
   0.24539E+00    0.36693E+04    0.45119E+04    0.93712E+01
   0.21980E+00    0.36841E+04    0.45390E+04    0.93082E+01
   0.22133E+00    0.37218E+04    0.46044E+04    0.93244E+01
   0.24144E+00    0.37394E+04    0.45981E+04    0.93521E+01
   0.24069E+00    0.37088E+04    0.46248E+04    0.93783E+01
   0.22454E+00    0.36555E+04    0.45428E+04    0.92676E+01
   0.22420E+00    0.36858E+04    0.45146E+04    0.93556E+01
   0.24274E+00    0.36256E+04    0.44944E+04    0.91688E+01
   0.24022E+00    0.36292E+04    0.45214E+04    0.93047E+01
   0.23616E+00    0.36682E+04    0.45842E+04    0.92849E+01
   0.23858E+00    0.36517E+04    0.45774E+04    0.93563E+01
   0.28016E+00    0.36939E+04    0.45093E+04    0.93820E+01
   0.28096E+00    0.36867E+04    0.45376E+04    0.93813E+01
   0.25339E+00    0.36617E+04    0.45148E+04    0.93759E+01
   0.25659E+00    0.36296E+04    0.45195E+04    0.92943E+01
   0.24088E+00    0.36958E+04    0.45502E+04    0.92173E+01
   0.24004E+00    0.36640E+04    0.45542E+04    0.91906E+01
   0.19764E+00    0.36742E+04    0.45591E+04    0.93259E+01
   0.20064E+00    0.36622E+04    0.45878E+04    0.92843E+01
   0.24955E+00    0.37196E+04    0.45573E+04    0.93543E+01
   0.25241E+00    0.37021E+04    0.45614E+04    0.92514E+01
   0.20948E+00    0.36547E+04    0.45468E+04    0.91594E+01
   0.21068E+00    0.36426E+04    0.45151E+04    0.92477E+01
   0.23418E+00    0.37000E+04    0.45429E+04    0.93276E+01
   0.23705E+00    0.36569E+04    0.45268E+04    0.91745E+01
   0.27098E+00    0.36595E+04    0.45917E+04    0.92294E+01
   0.27061E+00    0.36529E+04    0.45543E+04    0.91232E+01
   0.26806E+00    0.36569E+04    0.44478E+04    0.93534E+01
   0.26810E+00    0.36575E+04    0.44878E+04    0.92823E+01
   0.25597E+00    0.36799E+04    0.45005E+04    0.93018E+01
   0.25397E+00    0.37006E+04    0.44643E+04    0.92146E+01
   0.31724E+00    0.36739E+04    0.44953E+04    0.92182E+01
   0.31617E+00    0.36425E+04    0.45333E+04    0.92356E+01
   0.23145E+00    0.36373E+04    0.44211E+04    0.91782E+01
   0.22915E+00    0.36307E+04    0.44482E+04    0.92383E+01
   0.27880E+00    0.36274E+04    0.44700E+04    0.92389E+01
   0.27714E+00    0.36710E+04    0.44522E+04    0.92559E+01
   0.28715E+00    0.36596E+04    0.45036E+04    0.92358E+01
   0.28633E+00    0.36429E+04    0.44912E+04    0.94038E+01
   0.22552E+00    0.36779E+04    0.44716E+04    0.93221E+01
   0.22405E+00    0.36589E+04    0.44915E+04    0.93017E+01
   0.30134E+00    0.36908E+04    0.44444E+04    0.93144E+01
   0.29952E+00    0.36905E+04    0.45004E+04    0.93573E+01
   0.29136E+00    0.36383E+04    0.44318E+04    0.92800E+01
   0.29013E+00    0.36393E+04    0.45028E+04    0.93494E+01
   0.22686E+00    0.36559E+04    0.44989E+04    0.93362E+01
   0.22905E+00    0.36742E+04    0.45024E+04    0.93238E+01
   0.27657E+00    0.36827E+04    0.44911E+04    0.93402E+01
   0.27448E+00    0.36799E+04    0.44763E+04    0.94086E+01
   0.27955E+00    0.36932E+04    0.44555E+04    0.92361E+01
   0.28054E+00    0.37084E+04    0.44896E+04    0.92784E+01
   0.31757E+00    0.35963E+04    0.44305E+04    0.93185E+01
   0.31983E+00    0.36124E+04    0.45101E+04    0.94592E+01
   0.23927E+00    0.36436E+04    0.43955E+04    0.94156E+01
   0.24081E+00    0.36433E+04    0.43692E+04    0.93906E+01
   0.28150E+00    0.36518E+04    0.45157E+04    0.92540E+01
   0.27888E+00    0.36259E+04    0.45239E+04    0.94407E+01
   0.24953E+00    0.36857E+04    0.44981E+04    0.94722E+01
   0.25210E+00    0.36489E+04    0.44668E+04    0.94549E+01
   0.27655E+00    0.36939E+04    0.45036E+04    0.95172E+01
   0.27905E+00    0.36916E+04    0.45381E+04    0.93495E+01
   0.25223E+00    0.36991E+04    0.44431E+04    0.94135E+01
   0.25113E+00    0.36790E+04    0.44248E+04    0.96562E+01
   0.29914E+00    0.36651E+04    0.44719E+04    0.94526E+01
   0.30043E+00    0.36845E+04    0.44958E+04    0.94739E+01
   0.24003E+00    0.36681E+04    0.44251E+04    0.94781E+01
   0.24218E+00    0.36704E+04    0.44225E+04    0.95144E+01
   0.22376E+00    0.36345E+04    0.44933E+04    0.95390E+01
   0.22175E+00    0.36335E+04    0.44963E+04    0.94957E+01
   0.21414E+00    0.36513E+04    0.44908E+04    0.92841E+01
   0.21563E+00    0.37234E+04    0.44896E+04    0.94610E+01
   0.25640E+00    0.36619E+04    0.45196E+04    0.93413E+01
   0.25717E+00    0.37133E+04    0.45601E+04    0.95035E+01
   0.23825E+00    0.36366E+04    0.45295E+04    0.93778E+01
   0.23863E+00    0.36134E+04    0.45232E+04    0.94670E+01
   0.24110E+00    0.36635E+04    0.45152E+04    0.94148E+01
   0.23856E+00    0.36874E+04    0.45942E+04    0.94775E+01
   0.17491E+00    0.37514E+04    0.45316E+04    0.93313E+01
   0.17690E+00    0.37549E+04    0.45384E+04    0.93517E+01
   0.19623E+00    0.36852E+04    0.45453E+04    0.94878E+01
   0.19641E+00    0.37015E+04    0.45487E+04    0.93500E+01
   0.19096E+00    0.36945E+04    0.45318E+04    0.94038E+01
   0.19006E+00    0.36959E+04    0.45100E+04    0.93743E+01
   0.18068E+00    0.36313E+04    0.45221E+04    0.93496E+01
   0.17731E+00    0.36317E+04    0.45498E+04    0.95695E+01
   0.24481E+00    0.36627E+04    0.45441E+04    0.95447E+01
   0.24511E+00    0.36471E+04    0.45530E+04    0.93929E+01
   0.22967E+00    0.36578E+04    0.45814E+04    0.94419E+01
   0.22804E+00    0.36429E+04    0.46075E+04    0.93414E+01
   0.19783E+00    0.36906E+04    0.45484E+04    0.94819E+01
   0.19613E+00    0.37133E+04    0.45884E+04    0.92225E+01
   0.17681E+00    0.36713E+04    0.45056E+04    0.93870E+01
   0.17724E+00    0.36672E+04    0.46211E+04    0.93769E+01
   0.22775E+00    0.37120E+04    0.44931E+04    0.93826E+01
   0.22874E+00    0.37212E+04    0.45311E+04    0.92248E+01
   0.27830E+00    0.37118E+04    0.45515E+04    0.93685E+01
   0.27634E+00    0.36836E+04    0.45136E+04    0.92710E+01
   0.22596E+00    0.37175E+04    0.45358E+04    0.93097E+01
   0.22509E+00    0.36952E+04    0.44739E+04    0.93254E+01
   0.27022E+00    0.36973E+04    0.45293E+04    0.92446E+01
   0.26925E+00    0.37072E+04    0.45051E+04    0.91810E+01
   0.28140E+00    0.36350E+04    0.45022E+04    0.93931E+01
   0.27823E+00    0.36751E+04    0.44825E+04    0.92682E+01
   0.22767E+00    0.36729E+04    0.45044E+04    0.93472E+01
   0.23002E+00    0.36844E+04    0.44745E+04    0.92811E+01
   0.24226E+00    0.36630E+04    0.45508E+04    0.93782E+01
   0.24237E+00    0.36580E+04    0.44975E+04    0.92590E+01
   0.24065E+00    0.36431E+04    0.45060E+04    0.92897E+01
   0.24085E+00    0.36479E+04    0.45301E+04    0.92556E+01
   0.28201E+00    0.36598E+04    0.45406E+04    0.93742E+01
   0.28633E+00    0.36203E+04    0.45225E+04    0.93464E+01
   0.31561E+00    0.36378E+04    0.45639E+04    0.92816E+01
   0.31536E+00    0.36847E+04    0.45659E+04    0.92036E+01
   0.27603E+00    0.36606E+04    0.44440E+04    0.93863E+01
   0.27748E+00    0.36462E+04    0.43920E+04    0.92222E+01
   0.27924E+00    0.36385E+04    0.44931E+04    0.93039E+01
   0.27848E+00    0.36715E+04    0.45095E+04    0.92985E+01
   0.30602E+00    0.36721E+04    0.44451E+04    0.93635E+01
   0.30667E+00    0.36424E+04    0.44514E+04    0.92482E+01
   0.28632E+00    0.36593E+04    0.45087E+04    0.93888E+01
   0.28503E+00    0.36967E+04    0.45350E+04    0.93613E+01
   0.25980E+00    0.36883E+04    0.44434E+04    0.93694E+01
   0.26067E+00    0.37223E+04    0.44657E+04    0.92642E+01
   0.25638E+00    0.36946E+04    0.45037E+04    0.92918E+01
   0.25776E+00    0.36492E+04    0.44344E+04    0.92308E+01
   0.28973E+00    0.36737E+04    0.44932E+04    0.93443E+01
   0.28942E+00    0.36486E+04    0.44959E+04    0.94199E+01
   0.25157E+00    0.36376E+04    0.45035E+04    0.94486E+01
   0.25397E+00    0.36318E+04    0.45316E+04    0.93427E+01
   0.26851E+00    0.36626E+04    0.45169E+04    0.93770E+01
   0.26944E+00    0.36473E+04    0.45224E+04    0.92620E+01
   0.28338E+00    0.37201E+04    0.45245E+04    0.92716E+01
   0.28328E+00    0.36801E+04    0.45137E+04    0.92493E+01
   0.27876E+00    0.36413E+04    0.45224E+04    0.93435E+01
   0.27722E+00    0.36689E+04    0.45457E+04    0.93924E+01
   0.24800E+00    0.37055E+04    0.44891E+04    0.93066E+01
   0.24521E+00    0.36698E+04    0.44709E+04    0.92611E+01
   0.28638E+00    0.36758E+04    0.45026E+04    0.94253E+01
   0.28440E+00    0.36675E+04    0.45132E+04    0.93842E+01
   0.32024E+00    0.36672E+04    0.44909E+04    0.93183E+01
   0.32150E+00    0.36392E+04    0.45073E+04    0.94481E+01
