   0.32958E+02    0.13823E+02    0.23978E+02    0.12565E+01
   0.32958E+02    0.13823E+02    0.23978E+02    0.12565E+01
   0.32639E+02    0.13836E+02    0.23770E+02    0.14508E+01
   0.32639E+02    0.13836E+02    0.23770E+02    0.14508E+01
   0.32545E+02    0.13822E+02    0.23903E+02    0.13165E+01
   0.32545E+02    0.13822E+02    0.23903E+02    0.13165E+01
   0.33071E+02    0.13831E+02    0.23737E+02    0.11861E+01
   0.33071E+02    0.13831E+02    0.23737E+02    0.11861E+01
   0.33188E+02    0.13604E+02    0.24382E+02    0.12045E+01
   0.33188E+02    0.13604E+02    0.24382E+02    0.12045E+01
   0.33356E+02    0.13905E+02    0.24062E+02    0.12701E+01
   0.33356E+02    0.13905E+02    0.24062E+02    0.12701E+01
   0.32591E+02    0.13962E+02    0.24283E+02    0.13385E+01
   0.32591E+02    0.13962E+02    0.24283E+02    0.13385E+01
   0.33101E+02    0.14125E+02    0.23835E+02    0.13043E+01
   0.33101E+02    0.14125E+02    0.23835E+02    0.13043E+01
   0.33430E+02    0.13879E+02    0.23940E+02    0.11598E+01
   0.33430E+02    0.13879E+02    0.23940E+02    0.11598E+01
   0.33519E+02    0.13631E+02    0.23932E+02    0.11578E+01
   0.33519E+02    0.13631E+02    0.23932E+02    0.11578E+01
   0.33227E+02    0.13858E+02    0.24092E+02    0.12438E+01
   0.33227E+02    0.13858E+02    0.24092E+02    0.12438E+01
   0.33049E+02    0.13534E+02    0.24322E+02    0.13069E+01
   0.33049E+02    0.13534E+02    0.24322E+02    0.13069E+01
   0.33272E+02    0.13780E+02    0.24048E+02    0.13643E+01
   0.33272E+02    0.13780E+02    0.24048E+02    0.13643E+01
   0.33160E+02    0.13777E+02    0.24337E+02    0.11542E+01
   0.33160E+02    0.13777E+02    0.24337E+02    0.11542E+01
   0.32901E+02    0.13635E+02    0.24028E+02    0.13233E+01
   0.32901E+02    0.13635E+02    0.24028E+02    0.13233E+01
   0.33305E+02    0.13685E+02    0.24236E+02    0.12459E+01
   0.33305E+02    0.13685E+02    0.24236E+02    0.12459E+01
   0.32990E+02    0.13822E+02    0.23988E+02    0.11848E+01
   0.32990E+02    0.13822E+02    0.23988E+02    0.11848E+01
   0.33276E+02    0.13804E+02    0.23809E+02    0.12934E+01
   0.33276E+02    0.13804E+02    0.23809E+02    0.12934E+01
   0.32718E+02    0.13823E+02    0.24207E+02    0.11503E+01
   0.32718E+02    0.13823E+02    0.24207E+02    0.11503E+01
   0.33202E+02    0.13668E+02    0.24221E+02    0.13063E+01
   0.33202E+02    0.13668E+02    0.24221E+02    0.13063E+01
   0.33417E+02    0.13734E+02    0.24366E+02    0.12999E+01
   0.33417E+02    0.13734E+02    0.24366E+02    0.12999E+01
   0.33487E+02    0.13820E+02    0.24432E+02    0.11607E+01
   0.33487E+02    0.13820E+02    0.24432E+02    0.11607E+01
   0.33035E+02    0.13880E+02    0.23996E+02    0.11495E+01
   0.33035E+02    0.13880E+02    0.23996E+02    0.11495E+01
   0.33230E+02    0.13734E+02    0.23703E+02    0.10425E+01
   0.33230E+02    0.13734E+02    0.23703E+02    0.10425E+01
   0.33437E+02    0.13786E+02    0.23902E+02    0.12245E+01
   0.33437E+02    0.13786E+02    0.23902E+02    0.12245E+01
   0.33474E+02    0.13786E+02    0.23920E+02    0.13316E+01
   0.33474E+02    0.13786E+02    0.23920E+02    0.13316E+01
   0.32999E+02    0.13871E+02    0.24517E+02    0.10972E+01
   0.32999E+02    0.13871E+02    0.24517E+02    0.10972E+01
   0.33040E+02    0.13816E+02    0.23660E+02    0.12713E+01
   0.33040E+02    0.13816E+02    0.23660E+02    0.12713E+01
   0.32682E+02    0.13937E+02    0.23444E+02    0.13225E+01
   0.32682E+02    0.13937E+02    0.23444E+02    0.13225E+01
   0.32890E+02    0.13797E+02    0.23730E+02    0.12640E+01
   0.32890E+02    0.13797E+02    0.23730E+02    0.12640E+01
   0.32903E+02    0.13747E+02    0.23573E+02    0.11013E+01
   0.32903E+02    0.13747E+02    0.23573E+02    0.11013E+01
   0.32854E+02    0.13788E+02    0.23859E+02    0.14048E+01
   0.32854E+02    0.13788E+02    0.23859E+02    0.14048E+01
   0.33219E+02    0.14055E+02    0.23534E+02    0.14404E+01
   0.33219E+02    0.14055E+02    0.23534E+02    0.14404E+01
   0.32807E+02    0.13795E+02    0.23656E+02    0.12337E+01
   0.32807E+02    0.13795E+02    0.23656E+02    0.12337E+01
   0.32805E+02    0.14058E+02    0.23745E+02    0.12294E+01
   0.32805E+02    0.14058E+02    0.23745E+02    0.12294E+01
   0.32776E+02    0.13842E+02    0.23735E+02    0.12580E+01
   0.32776E+02    0.13842E+02    0.23735E+02    0.12580E+01
   0.32892E+02    0.13954E+02    0.23316E+02    0.13358E+01
   0.32892E+02    0.13954E+02    0.23316E+02    0.13358E+01
   0.32940E+02    0.13903E+02    0.23278E+02    0.14490E+01
   0.32940E+02    0.13903E+02    0.23278E+02    0.14490E+01
   0.33167E+02    0.14105E+02    0.23140E+02    0.13441E+01
   0.33167E+02    0.14105E+02    0.23140E+02    0.13441E+01
   0.32802E+02    0.13781E+02    0.23361E+02    0.13921E+01
   0.32802E+02    0.13781E+02    0.23361E+02    0.13921E+01
   0.32829E+02    0.13889E+02    0.23636E+02    0.11919E+01
   0.32829E+02    0.13889E+02    0.23636E+02    0.11919E+01
   0.32861E+02    0.13758E+02    0.23126E+02    0.13542E+01
   0.32861E+02    0.13758E+02    0.23126E+02    0.13542E+01
   0.32950E+02    0.13801E+02    0.23677E+02    0.12151E+01
   0.32950E+02    0.13801E+02    0.23677E+02    0.12151E+01
   0.33020E+02    0.13966E+02    0.23778E+02    0.12302E+01
   0.33020E+02    0.13966E+02    0.23778E+02    0.12302E+01
   0.33321E+02    0.14085E+02    0.23754E+02    0.13151E+01
   0.33321E+02    0.14085E+02    0.23754E+02    0.13151E+01
   0.33391E+02    0.13840E+02    0.24172E+02    0.12223E+01
   0.33391E+02    0.13840E+02    0.24172E+02    0.12223E+01
   0.32988E+02    0.13909E+02    0.23740E+02    0.12953E+01
   0.32988E+02    0.13909E+02    0.23740E+02    0.12953E+01
   0.34194E+02    0.13873E+02    0.23524E+02    0.14002E+01
   0.34194E+02    0.13873E+02    0.23524E+02    0.14002E+01
   0.33678E+02    0.13841E+02    0.23415E+02    0.14477E+01
   0.33678E+02    0.13841E+02    0.23415E+02    0.14477E+01
   0.33421E+02    0.13858E+02    0.23224E+02    0.11063E+01
   0.33421E+02    0.13858E+02    0.23224E+02    0.11063E+01
   0.33574E+02    0.13949E+02    0.23647E+02    0.13199E+01
   0.33574E+02    0.13949E+02    0.23647E+02    0.13199E+01
   0.33219E+02    0.13714E+02    0.23232E+02    0.11902E+01
   0.33219E+02    0.13714E+02    0.23232E+02    0.11902E+01
   0.33076E+02    0.13767E+02    0.23613E+02    0.12718E+01
   0.33076E+02    0.13767E+02    0.23613E+02    0.12718E+01
   0.32965E+02    0.13860E+02    0.23782E+02    0.11361E+01
   0.32965E+02    0.13860E+02    0.23782E+02    0.11361E+01
   0.33591E+02    0.13900E+02    0.23247E+02    0.11931E+01
   0.33591E+02    0.13900E+02    0.23247E+02    0.11931E+01
   0.33605E+02    0.13857E+02    0.22967E+02    0.12681E+01
   0.33605E+02    0.13857E+02    0.22967E+02    0.12681E+01
   0.33474E+02    0.13855E+02    0.23671E+02    0.12373E+01
   0.33474E+02    0.13855E+02    0.23671E+02    0.12373E+01
   0.33279E+02    0.13808E+02    0.23588E+02    0.10576E+01
   0.33279E+02    0.13808E+02    0.23588E+02    0.10576E+01
   0.32850E+02    0.13987E+02    0.23267E+02    0.11137E+01
   0.32850E+02    0.13987E+02    0.23267E+02    0.11137E+01
   0.33263E+02    0.13901E+02    0.23335E+02    0.14418E+01
   0.33263E+02    0.13901E+02    0.23335E+02    0.14418E+01
   0.32982E+02    0.13675E+02    0.23259E+02    0.11356E+01
   0.32982E+02    0.13675E+02    0.23259E+02    0.11356E+01
   0.32782E+02    0.13906E+02    0.23273E+02    0.13704E+01
   0.32782E+02    0.13906E+02    0.23273E+02    0.13704E+01
   0.33105E+02    0.13989E+02    0.23279E+02    0.11759E+01
   0.33105E+02    0.13989E+02    0.23279E+02    0.11759E+01
   0.32957E+02    0.13960E+02    0.23228E+02    0.14225E+01
   0.32957E+02    0.13960E+02    0.23228E+02    0.14225E+01
   0.32583E+02    0.14015E+02    0.23108E+02    0.14418E+01
   0.32583E+02    0.14015E+02    0.23108E+02    0.14418E+01
   0.33281E+02    0.13900E+02    0.23498E+02    0.12820E+01
   0.33281E+02    0.13900E+02    0.23498E+02    0.12820E+01
   0.33329E+02    0.13914E+02    0.22879E+02    0.13750E+01
   0.33329E+02    0.13914E+02    0.22879E+02    0.13750E+01
   0.32826E+02    0.13649E+02    0.22785E+02    0.14085E+01
   0.32826E+02    0.13649E+02    0.22785E+02    0.14085E+01
   0.33088E+02    0.13938E+02    0.23129E+02    0.12286E+01
   0.33088E+02    0.13938E+02    0.23129E+02    0.12286E+01
   0.32981E+02    0.13832E+02    0.23158E+02    0.11306E+01
   0.32981E+02    0.13832E+02    0.23158E+02    0.11306E+01
   0.33038E+02    0.13753E+02    0.23233E+02    0.12018E+01
   0.33038E+02    0.13753E+02    0.23233E+02    0.12018E+01
   0.33163E+02    0.13657E+02    0.23143E+02    0.14419E+01
   0.33163E+02    0.13657E+02    0.23143E+02    0.14419E+01
   0.33723E+02    0.13883E+02    0.23260E+02    0.12940E+01
   0.33723E+02    0.13883E+02    0.23260E+02    0.12940E+01
   0.33018E+02    0.13824E+02    0.23361E+02    0.12037E+01
   0.33018E+02    0.13824E+02    0.23361E+02    0.12037E+01
   0.32934E+02    0.13826E+02    0.23343E+02    0.13752E+01
   0.32934E+02    0.13826E+02    0.23343E+02    0.13752E+01
   0.33418E+02    0.13748E+02    0.23738E+02    0.10216E+01
   0.33418E+02    0.13748E+02    0.23738E+02    0.10216E+01
   0.33329E+02    0.13758E+02    0.23720E+02    0.13015E+01
   0.33329E+02    0.13758E+02    0.23720E+02    0.13015E+01
   0.33192E+02    0.13903E+02    0.23552E+02    0.13780E+01
   0.33192E+02    0.13903E+02    0.23552E+02    0.13780E+01
   0.33149E+02    0.13565E+02    0.23828E+02    0.95516E+00
   0.33149E+02    0.13565E+02    0.23828E+02    0.95516E+00
   0.33702E+02    0.13610E+02    0.23810E+02    0.12985E+01
   0.33702E+02    0.13610E+02    0.23810E+02    0.12985E+01
   0.33057E+02    0.13715E+02    0.24081E+02    0.12775E+01
   0.33057E+02    0.13715E+02    0.24081E+02    0.12775E+01
   0.33173E+02    0.13654E+02    0.24001E+02    0.12129E+01
   0.33173E+02    0.13654E+02    0.24001E+02    0.12129E+01
   0.32993E+02    0.13697E+02    0.24254E+02    0.13681E+01
   0.32993E+02    0.13697E+02    0.24254E+02    0.13681E+01
   0.33600E+02    0.13741E+02    0.24618E+02    0.13221E+01
   0.33600E+02    0.13741E+02    0.24618E+02    0.13221E+01
   0.33578E+02    0.13636E+02    0.24279E+02    0.11647E+01
   0.33578E+02    0.13636E+02    0.24279E+02    0.11647E+01
   0.32611E+02    0.13646E+02    0.24314E+02    0.13629E+01
   0.32611E+02    0.13646E+02    0.24314E+02    0.13629E+01
   0.33043E+02    0.13795E+02    0.24431E+02    0.11629E+01
   0.33043E+02    0.13795E+02    0.24431E+02    0.11629E+01
   0.32865E+02    0.13691E+02    0.24784E+02    0.12936E+01
   0.32865E+02    0.13691E+02    0.24784E+02    0.12936E+01
   0.32934E+02    0.13646E+02    0.24743E+02    0.13088E+01
   0.32934E+02    0.13646E+02    0.24743E+02    0.13088E+01
   0.32743E+02    0.13658E+02    0.24789E+02    0.12709E+01
   0.32743E+02    0.13658E+02    0.24789E+02    0.12709E+01
   0.32705E+02    0.13576E+02    0.24780E+02    0.13285E+01
   0.32705E+02    0.13576E+02    0.24780E+02    0.13285E+01
   0.32838E+02    0.13791E+02    0.24549E+02    0.12001E+01
   0.32838E+02    0.13791E+02    0.24549E+02    0.12001E+01
   0.32690E+02    0.13854E+02    0.24299E+02    0.12294E+01
   0.32690E+02    0.13854E+02    0.24299E+02    0.12294E+01
   0.32657E+02    0.13718E+02    0.24149E+02    0.13624E+01
   0.32657E+02    0.13718E+02    0.24149E+02    0.13624E+01
   0.32103E+02    0.13679E+02    0.24950E+02    0.11191E+01
   0.32103E+02    0.13679E+02    0.24950E+02    0.11191E+01
   0.32933E+02    0.13775E+02    0.24468E+02    0.13267E+01
   0.32933E+02    0.13775E+02    0.24468E+02    0.13267E+01
   0.32254E+02    0.13815E+02    0.24747E+02    0.11772E+01
   0.32254E+02    0.13815E+02    0.24747E+02    0.11772E+01
   0.32365E+02    0.13729E+02    0.25069E+02    0.11855E+01
   0.32365E+02    0.13729E+02    0.25069E+02    0.11855E+01
   0.31995E+02    0.13883E+02    0.24562E+02    0.14041E+01
   0.31995E+02    0.13883E+02    0.24562E+02    0.14041E+01
   0.32075E+02    0.13915E+02    0.24593E+02    0.14114E+01
   0.32075E+02    0.13915E+02    0.24593E+02    0.14114E+01
   0.31794E+02    0.13759E+02    0.24614E+02    0.12406E+01
   0.31794E+02    0.13759E+02    0.24614E+02    0.12406E+01
   0.32523E+02    0.13908E+02    0.24245E+02    0.11958E+01
   0.32523E+02    0.13908E+02    0.24245E+02    0.11958E+01
   0.32313E+02    0.13924E+02    0.24529E+02    0.13332E+01
   0.32313E+02    0.13924E+02    0.24529E+02    0.13332E+01
   0.32165E+02    0.13807E+02    0.23566E+02    0.13111E+01
   0.32165E+02    0.13807E+02    0.23566E+02    0.13111E+01
   0.31968E+02    0.13940E+02    0.24002E+02    0.14024E+01
   0.31968E+02    0.13940E+02    0.24002E+02    0.14024E+01
   0.32825E+02    0.13886E+02    0.23839E+02    0.12924E+01
   0.32825E+02    0.13886E+02    0.23839E+02    0.12924E+01
   0.32554E+02    0.13876E+02    0.23738E+02    0.12029E+01
   0.32554E+02    0.13876E+02    0.23738E+02    0.12029E+01
   0.32127E+02    0.13782E+02    0.23489E+02    0.12763E+01
   0.32127E+02    0.13782E+02    0.23489E+02    0.12763E+01
   0.32867E+02    0.13842E+02    0.23771E+02    0.13780E+01
   0.32867E+02    0.13842E+02    0.23771E+02    0.13780E+01
   0.33088E+02    0.13838E+02    0.23688E+02    0.13391E+01
   0.33088E+02    0.13838E+02    0.23688E+02    0.13391E+01
   0.32826E+02    0.13982E+02    0.23555E+02    0.11143E+01
   0.32826E+02    0.13982E+02    0.23555E+02    0.11143E+01
   0.32619E+02    0.13844E+02    0.23813E+02    0.12194E+01
   0.32619E+02    0.13844E+02    0.23813E+02    0.12194E+01
   0.32855E+02    0.13889E+02    0.23589E+02    0.13746E+01
   0.32855E+02    0.13889E+02    0.23589E+02    0.13746E+01
   0.32597E+02    0.13849E+02    0.23534E+02    0.14104E+01
   0.32597E+02    0.13849E+02    0.23534E+02    0.14104E+01
   0.32936E+02    0.13764E+02    0.23243E+02    0.12166E+01
   0.32936E+02    0.13764E+02    0.23243E+02    0.12166E+01
   0.33348E+02    0.13858E+02    0.23271E+02    0.11857E+01
   0.33348E+02    0.13858E+02    0.23271E+02    0.11857E+01
   0.33167E+02    0.13941E+02    0.23380E+02    0.12855E+01
   0.33167E+02    0.13941E+02    0.23380E+02    0.12855E+01
   0.33211E+02    0.14042E+02    0.23300E+02    0.12422E+01
   0.33211E+02    0.14042E+02    0.23300E+02    0.12422E+01
   0.32778E+02    0.13990E+02    0.23791E+02    0.13653E+01
   0.32778E+02    0.13990E+02    0.23791E+02    0.13653E+01
   0.33144E+02    0.13830E+02    0.23320E+02    0.13388E+01
   0.33144E+02    0.13830E+02    0.23320E+02    0.13388E+01
   0.32498E+02    0.13826E+02    0.23152E+02    0.11654E+01
   0.32498E+02    0.13826E+02    0.23152E+02    0.11654E+01
   0.33456E+02    0.13860E+02    0.23268E+02    0.12789E+01
   0.33456E+02    0.13860E+02    0.23268E+02    0.12789E+01
   0.32946E+02    0.14047E+02    0.24132E+02    0.12032E+01
   0.32946E+02    0.14047E+02    0.24132E+02    0.12032E+01
   0.33101E+02    0.13780E+02    0.23819E+02    0.13419E+01
   0.33101E+02    0.13780E+02    0.23819E+02    0.13419E+01
   0.33270E+02    0.13944E+02    0.23701E+02    0.13838E+01
   0.33270E+02    0.13944E+02    0.23701E+02    0.13838E+01
   0.32971E+02    0.13920E+02    0.23730E+02    0.13856E+01
   0.32971E+02    0.13920E+02    0.23730E+02    0.13856E+01
   0.33271E+02    0.13745E+02    0.24055E+02    0.12978E+01
   0.33271E+02    0.13745E+02    0.24055E+02    0.12978E+01
   0.32520E+02    0.13793E+02    0.23907E+02    0.13110E+01
   0.32520E+02    0.13793E+02    0.23907E+02    0.13110E+01
   0.33310E+02    0.13903E+02    0.23798E+02    0.14631E+01
   0.33310E+02    0.13903E+02    0.23798E+02    0.14631E+01
   0.33110E+02    0.13976E+02    0.23856E+02    0.14288E+01
   0.33110E+02    0.13976E+02    0.23856E+02    0.14288E+01
   0.33424E+02    0.13883E+02    0.23910E+02    0.12596E+01
   0.33424E+02    0.13883E+02    0.23910E+02    0.12596E+01
   0.33497E+02    0.13810E+02    0.24084E+02    0.14061E+01
   0.33497E+02    0.13810E+02    0.24084E+02    0.14061E+01
   0.33341E+02    0.13803E+02    0.24238E+02    0.12451E+01
   0.33341E+02    0.13803E+02    0.24238E+02    0.12451E+01
   0.32988E+02    0.13857E+02    0.23952E+02    0.12943E+01
   0.32988E+02    0.13857E+02    0.23952E+02    0.12943E+01
   0.33070E+02    0.13836E+02    0.23822E+02    0.13388E+01
   0.33070E+02    0.13836E+02    0.23822E+02    0.13388E+01
   0.32767E+02    0.13741E+02    0.24069E+02    0.11175E+01
   0.32767E+02    0.13741E+02    0.24069E+02    0.11175E+01
   0.33215E+02    0.13518E+02    0.23950E+02    0.11268E+01
   0.33215E+02    0.13518E+02    0.23950E+02    0.11268E+01
   0.33119E+02    0.13727E+02    0.23991E+02    0.13372E+01
   0.33119E+02    0.13727E+02    0.23991E+02    0.13372E+01
   0.33584E+02    0.13757E+02    0.23691E+02    0.13589E+01
   0.33584E+02    0.13757E+02    0.23691E+02    0.13589E+01
   0.33213E+02    0.13953E+02    0.24288E+02    0.11425E+01
   0.33213E+02    0.13953E+02    0.24288E+02    0.11425E+01
   0.33175E+02    0.13651E+02    0.24211E+02    0.10304E+01
   0.33175E+02    0.13651E+02    0.24211E+02    0.10304E+01
   0.33104E+02    0.14011E+02    0.24360E+02    0.12584E+01
   0.33104E+02    0.14011E+02    0.24360E+02    0.12584E+01
   0.32936E+02    0.13662E+02    0.24025E+02    0.13122E+01
   0.32936E+02    0.13662E+02    0.24025E+02    0.13122E+01
   0.32795E+02    0.14018E+02    0.23499E+02    0.13095E+01
   0.32795E+02    0.14018E+02    0.23499E+02    0.13095E+01
   0.33184E+02    0.13688E+02    0.24291E+02    0.13587E+01
   0.33184E+02    0.13688E+02    0.24291E+02    0.13587E+01
   0.32763E+02    0.13846E+02    0.24218E+02    0.13808E+01
   0.32763E+02    0.13846E+02    0.24218E+02    0.13808E+01
   0.32607E+02    0.13809E+02    0.24228E+02    0.13144E+01
   0.32607E+02    0.13809E+02    0.24228E+02    0.13144E+01
   0.32572E+02    0.13726E+02    0.24027E+02    0.13409E+01
   0.32572E+02    0.13726E+02    0.24027E+02    0.13409E+01
   0.32826E+02    0.13757E+02    0.24404E+02    0.12720E+01
   0.32826E+02    0.13757E+02    0.24404E+02    0.12720E+01
   0.33070E+02    0.13705E+02    0.24336E+02    0.12300E+01
   0.33070E+02    0.13705E+02    0.24336E+02    0.12300E+01
   0.32881E+02    0.13871E+02    0.23832E+02    0.12634E+01
   0.32881E+02    0.13871E+02    0.23832E+02    0.12634E+01
   0.32679E+02    0.13664E+02    0.24371E+02    0.13084E+01
   0.32679E+02    0.13664E+02    0.24371E+02    0.13084E+01
   0.33261E+02    0.13658E+02    0.23829E+02    0.13190E+01
   0.33261E+02    0.13658E+02    0.23829E+02    0.13190E+01
   0.32483E+02    0.13925E+02    0.23960E+02    0.13397E+01
   0.32483E+02    0.13925E+02    0.23960E+02    0.13397E+01
   0.32949E+02    0.13751E+02    0.23896E+02    0.11942E+01
   0.32949E+02    0.13751E+02    0.23896E+02    0.11942E+01
   0.33099E+02    0.13756E+02    0.24066E+02    0.12689E+01
   0.33099E+02    0.13756E+02    0.24066E+02    0.12689E+01
   0.33298E+02    0.14002E+02    0.23718E+02    0.11708E+01
   0.33298E+02    0.14002E+02    0.23718E+02    0.11708E+01
   0.33018E+02    0.13780E+02    0.23794E+02    0.13339E+01
   0.33018E+02    0.13780E+02    0.23794E+02    0.13339E+01
   0.32803E+02    0.13881E+02    0.23891E+02    0.11817E+01
   0.32803E+02    0.13881E+02    0.23891E+02    0.11817E+01
   0.33076E+02    0.13927E+02    0.23923E+02    0.13349E+01
   0.33076E+02    0.13927E+02    0.23923E+02    0.13349E+01
   0.33069E+02    0.13671E+02    0.23492E+02    0.10467E+01
   0.33069E+02    0.13671E+02    0.23492E+02    0.10467E+01
   0.33055E+02    0.13771E+02    0.23661E+02    0.13505E+01
   0.33055E+02    0.13771E+02    0.23661E+02    0.13505E+01
   0.33472E+02    0.13904E+02    0.23907E+02    0.13108E+01
   0.33472E+02    0.13904E+02    0.23907E+02    0.13108E+01
   0.33035E+02    0.13727E+02    0.23768E+02    0.12359E+01
   0.33035E+02    0.13727E+02    0.23768E+02    0.12359E+01
   0.33201E+02    0.13865E+02    0.24112E+02    0.13046E+01
   0.33201E+02    0.13865E+02    0.24112E+02    0.13046E+01
   0.33164E+02    0.13799E+02    0.24541E+02    0.10915E+01
   0.33164E+02    0.13799E+02    0.24541E+02    0.10915E+01
   0.33188E+02    0.13839E+02    0.23690E+02    0.14011E+01
   0.33188E+02    0.13839E+02    0.23690E+02    0.14011E+01
   0.33001E+02    0.13785E+02    0.23393E+02    0.13558E+01
   0.33001E+02    0.13785E+02    0.23393E+02    0.13558E+01
   0.33219E+02    0.13849E+02    0.24310E+02    0.11943E+01
   0.33219E+02    0.13849E+02    0.24310E+02    0.11943E+01
   0.33548E+02    0.13842E+02    0.24502E+02    0.13974E+01
   0.33548E+02    0.13842E+02    0.24502E+02    0.13974E+01
   0.32884E+02    0.13764E+02    0.24468E+02    0.13647E+01
   0.32884E+02    0.13764E+02    0.24468E+02    0.13647E+01
   0.33091E+02    0.13760E+02    0.24712E+02    0.12297E+01
   0.33091E+02    0.13760E+02    0.24712E+02    0.12297E+01
   0.32836E+02    0.13782E+02    0.24574E+02    0.11753E+01
   0.32836E+02    0.13782E+02    0.24574E+02    0.11753E+01
   0.32490E+02    0.13823E+02    0.24379E+02    0.11207E+01
   0.32490E+02    0.13823E+02    0.24379E+02    0.11207E+01
   0.32993E+02    0.13806E+02    0.24797E+02    0.13176E+01
   0.32993E+02    0.13806E+02    0.24797E+02    0.13176E+01
   0.33175E+02    0.13505E+02    0.24229E+02    0.10695E+01
   0.33175E+02    0.13505E+02    0.24229E+02    0.10695E+01
   0.33377E+02    0.13576E+02    0.24476E+02    0.11985E+01
   0.33377E+02    0.13576E+02    0.24476E+02    0.11985E+01
   0.33116E+02    0.13754E+02    0.24838E+02    0.12489E+01
   0.33116E+02    0.13754E+02    0.24838E+02    0.12489E+01
   0.33078E+02    0.13645E+02    0.24712E+02    0.12870E+01
   0.33078E+02    0.13645E+02    0.24712E+02    0.12870E+01
   0.33321E+02    0.13760E+02    0.24399E+02    0.97159E+00
   0.33321E+02    0.13760E+02    0.24399E+02    0.97159E+00
   0.32818E+02    0.13642E+02    0.24609E+02    0.13325E+01
   0.32818E+02    0.13642E+02    0.24609E+02    0.13325E+01
   0.32677E+02    0.13634E+02    0.24646E+02    0.12994E+01
   0.32677E+02    0.13634E+02    0.24646E+02    0.12994E+01
   0.33409E+02    0.13668E+02    0.24783E+02    0.13115E+01
   0.33409E+02    0.13668E+02    0.24783E+02    0.13115E+01
   0.32481E+02    0.13747E+02    0.24831E+02    0.10866E+01
   0.32481E+02    0.13747E+02    0.24831E+02    0.10866E+01
   0.32489E+02    0.13988E+02    0.24604E+02    0.12515E+01
   0.32489E+02    0.13988E+02    0.24604E+02    0.12515E+01
   0.33276E+02    0.13891E+02    0.24722E+02    0.11906E+01
   0.33276E+02    0.13891E+02    0.24722E+02    0.11906E+01
   0.32504E+02    0.13657E+02    0.24817E+02    0.12770E+01
   0.32504E+02    0.13657E+02    0.24817E+02    0.12770E+01
   0.33123E+02    0.13841E+02    0.24160E+02    0.11545E+01
   0.33123E+02    0.13841E+02    0.24160E+02    0.11545E+01
   0.32929E+02    0.13879E+02    0.24789E+02    0.11996E+01
   0.32929E+02    0.13879E+02    0.24789E+02    0.11996E+01
   0.33100E+02    0.13850E+02    0.24726E+02    0.11692E+01
   0.33100E+02    0.13850E+02    0.24726E+02    0.11692E+01
   0.32404E+02    0.13780E+02    0.24450E+02    0.13182E+01
   0.32404E+02    0.13780E+02    0.24450E+02    0.13182E+01
   0.32684E+02    0.13831E+02    0.24786E+02    0.13962E+01
   0.32684E+02    0.13831E+02    0.24786E+02    0.13962E+01
   0.32599E+02    0.14048E+02    0.24182E+02    0.13636E+01
   0.32599E+02    0.14048E+02    0.24182E+02    0.13636E+01
   0.32105E+02    0.13885E+02    0.24036E+02    0.12288E+01
   0.32105E+02    0.13885E+02    0.24036E+02    0.12288E+01
   0.31705E+02    0.13850E+02    0.24465E+02    0.14575E+01
   0.31705E+02    0.13850E+02    0.24465E+02    0.14575E+01
   0.31774E+02    0.13633E+02    0.24423E+02    0.12797E+01
   0.31774E+02    0.13633E+02    0.24423E+02    0.12797E+01
   0.32576E+02    0.13882E+02    0.24958E+02    0.13119E+01
   0.32576E+02    0.13882E+02    0.24958E+02    0.13119E+01
   0.32645E+02    0.14004E+02    0.24439E+02    0.11672E+01
   0.32645E+02    0.14004E+02    0.24439E+02    0.11672E+01
   0.31652E+02    0.13847E+02    0.23772E+02    0.12903E+01
   0.31652E+02    0.13847E+02    0.23772E+02    0.12903E+01
   0.32418E+02    0.13777E+02    0.24446E+02    0.12315E+01
   0.32418E+02    0.13777E+02    0.24446E+02    0.12315E+01
   0.32286E+02    0.13972E+02    0.24573E+02    0.12924E+01
   0.32286E+02    0.13972E+02    0.24573E+02    0.12924E+01
   0.32487E+02    0.13900E+02    0.24528E+02    0.13224E+01
   0.32487E+02    0.13900E+02    0.24528E+02    0.13224E+01
   0.32806E+02    0.14047E+02    0.23973E+02    0.14146E+01
   0.32806E+02    0.14047E+02    0.23973E+02    0.14146E+01
   0.32811E+02    0.13978E+02    0.23955E+02    0.12996E+01
   0.32811E+02    0.13978E+02    0.23955E+02    0.12996E+01
   0.32112E+02    0.13986E+02    0.24124E+02    0.11844E+01
   0.32112E+02    0.13986E+02    0.24124E+02    0.11844E+01
   0.32519E+02    0.13937E+02    0.24033E+02    0.12639E+01
   0.32519E+02    0.13937E+02    0.24033E+02    0.12639E+01
   0.32702E+02    0.13925E+02    0.24148E+02    0.11468E+01
   0.32702E+02    0.13925E+02    0.24148E+02    0.11468E+01
   0.32960E+02    0.13798E+02    0.23792E+02    0.13422E+01
   0.32960E+02    0.13798E+02    0.23792E+02    0.13422E+01
   0.32631E+02    0.13970E+02    0.23719E+02    0.13257E+01
   0.32631E+02    0.13970E+02    0.23719E+02    0.13257E+01
   0.32389E+02    0.13927E+02    0.24113E+02    0.13042E+01
   0.32389E+02    0.13927E+02    0.24113E+02    0.13042E+01
   0.32847E+02    0.13904E+02    0.24209E+02    0.13714E+01
   0.32847E+02    0.13904E+02    0.24209E+02    0.13714E+01
   0.32894E+02    0.13948E+02    0.23711E+02    0.12026E+01
   0.32894E+02    0.13948E+02    0.23711E+02    0.12026E+01
   0.32990E+02    0.14170E+02    0.23715E+02    0.11130E+01
   0.32990E+02    0.14170E+02    0.23715E+02    0.11130E+01
   0.33299E+02    0.13682E+02    0.24037E+02    0.12530E+01
   0.33299E+02    0.13682E+02    0.24037E+02    0.12530E+01
   0.33226E+02    0.13860E+02    0.23760E+02    0.12872E+01
   0.33226E+02    0.13860E+02    0.23760E+02    0.12872E+01
   0.33330E+02    0.14085E+02    0.24179E+02    0.12815E+01
   0.33330E+02    0.14085E+02    0.24179E+02    0.12815E+01
   0.32429E+02    0.13649E+02    0.24113E+02    0.12315E+01
   0.32429E+02    0.13649E+02    0.24113E+02    0.12315E+01
   0.32968E+02    0.13822E+02    0.24224E+02    0.10707E+01
   0.32968E+02    0.13822E+02    0.24224E+02    0.10707E+01
   0.33184E+02    0.13936E+02    0.24037E+02    0.12626E+01
   0.33184E+02    0.13936E+02    0.24037E+02    0.12626E+01
   0.32965E+02    0.13795E+02    0.24096E+02    0.10946E+01
   0.32965E+02    0.13795E+02    0.24096E+02    0.10946E+01
   0.33268E+02    0.13718E+02    0.24065E+02    0.10578E+01
   0.33268E+02    0.13718E+02    0.24065E+02    0.10578E+01
   0.33401E+02    0.13952E+02    0.24002E+02    0.14803E+01
   0.33401E+02    0.13952E+02    0.24002E+02    0.14803E+01
   0.33052E+02    0.13939E+02    0.24279E+02    0.11952E+01
   0.33052E+02    0.13939E+02    0.24279E+02    0.11952E+01
   0.33126E+02    0.13762E+02    0.23912E+02    0.12561E+01
   0.33126E+02    0.13762E+02    0.23912E+02    0.12561E+01
   0.32730E+02    0.13797E+02    0.23793E+02    0.12197E+01
   0.32730E+02    0.13797E+02    0.23793E+02    0.12197E+01
   0.33301E+02    0.13797E+02    0.23901E+02    0.12941E+01
   0.33301E+02    0.13797E+02    0.23901E+02    0.12941E+01
   0.32795E+02    0.13997E+02    0.23530E+02    0.12476E+01
   0.32795E+02    0.13997E+02    0.23530E+02    0.12476E+01
   0.32577E+02    0.13844E+02    0.23648E+02    0.13559E+01
   0.32577E+02    0.13844E+02    0.23648E+02    0.13559E+01
   0.32660E+02    0.14011E+02    0.23912E+02    0.12420E+01
   0.32660E+02    0.14011E+02    0.23912E+02    0.12420E+01
   0.32637E+02    0.13896E+02    0.23549E+02    0.10421E+01
   0.32637E+02    0.13896E+02    0.23549E+02    0.10421E+01
   0.33117E+02    0.13821E+02    0.23481E+02    0.12898E+01
   0.33117E+02    0.13821E+02    0.23481E+02    0.12898E+01
   0.33080E+02    0.13890E+02    0.23558E+02    0.12725E+01
   0.33080E+02    0.13890E+02    0.23558E+02    0.12725E+01
   0.33296E+02    0.13947E+02    0.23244E+02    0.11513E+01
   0.33296E+02    0.13947E+02    0.23244E+02    0.11513E+01
   0.32920E+02    0.13918E+02    0.23529E+02    0.12605E+01
   0.32920E+02    0.13918E+02    0.23529E+02    0.12605E+01
   0.32983E+02    0.13793E+02    0.23467E+02    0.12971E+01
   0.32983E+02    0.13793E+02    0.23467E+02    0.12971E+01
   0.33200E+02    0.13934E+02    0.23270E+02    0.13321E+01
   0.33200E+02    0.13934E+02    0.23270E+02    0.13321E+01
   0.33325E+02    0.14025E+02    0.23121E+02    0.11447E+01
   0.33325E+02    0.14025E+02    0.23121E+02    0.11447E+01
   0.33234E+02    0.13730E+02    0.23272E+02    0.12748E+01
   0.33234E+02    0.13730E+02    0.23272E+02    0.12748E+01
   0.33161E+02    0.13779E+02    0.23352E+02    0.10017E+01
   0.33161E+02    0.13779E+02    0.23352E+02    0.10017E+01
   0.33278E+02    0.13809E+02    0.23151E+02    0.13277E+01
   0.33278E+02    0.13809E+02    0.23151E+02    0.13277E+01
   0.32940E+02    0.13867E+02    0.23235E+02    0.14966E+01
   0.32940E+02    0.13867E+02    0.23235E+02    0.14966E+01
   0.33431E+02    0.13980E+02    0.23225E+02    0.12935E+01
   0.33431E+02    0.13980E+02    0.23225E+02    0.12935E+01
   0.32855E+02    0.13813E+02    0.23704E+02    0.12123E+01
   0.32855E+02    0.13813E+02    0.23704E+02    0.12123E+01
   0.33042E+02    0.13801E+02    0.23344E+02    0.12894E+01
   0.33042E+02    0.13801E+02    0.23344E+02    0.12894E+01
   0.33120E+02    0.13691E+02    0.23291E+02    0.11849E+01
   0.33120E+02    0.13691E+02    0.23291E+02    0.11849E+01
   0.32625E+02    0.13958E+02    0.23801E+02    0.13247E+01
   0.32625E+02    0.13958E+02    0.23801E+02    0.13247E+01
   0.32841E+02    0.13924E+02    0.23618E+02    0.13724E+01
   0.32841E+02    0.13924E+02    0.23618E+02    0.13724E+01
   0.33294E+02    0.13860E+02    0.23807E+02    0.11940E+01
   0.33294E+02    0.13860E+02    0.23807E+02    0.11940E+01
   0.33177E+02    0.13839E+02    0.23947E+02    0.13879E+01
   0.33177E+02    0.13839E+02    0.23947E+02    0.13879E+01
   0.33531E+02    0.13771E+02    0.23649E+02    0.12490E+01
   0.33531E+02    0.13771E+02    0.23649E+02    0.12490E+01
   0.33216E+02    0.13916E+02    0.24304E+02    0.10759E+01
   0.33216E+02    0.13916E+02    0.24304E+02    0.10759E+01
   0.33144E+02    0.13740E+02    0.24095E+02    0.12276E+01
   0.33144E+02    0.13740E+02    0.24095E+02    0.12276E+01
   0.33190E+02    0.13786E+02    0.23961E+02    0.12483E+01
   0.33190E+02    0.13786E+02    0.23961E+02    0.12483E+01
   0.33678E+02    0.13775E+02    0.23930E+02    0.12428E+01
   0.33678E+02    0.13775E+02    0.23930E+02    0.12428E+01
   0.33416E+02    0.13586E+02    0.23925E+02    0.13713E+01
   0.33416E+02    0.13586E+02    0.23925E+02    0.13713E+01
   0.33378E+02    0.13625E+02    0.23825E+02    0.12375E+01
   0.33378E+02    0.13625E+02    0.23825E+02    0.12375E+01
   0.33207E+02    0.13823E+02    0.24465E+02    0.11309E+01
   0.33207E+02    0.13823E+02    0.24465E+02    0.11309E+01
   0.33482E+02    0.13632E+02    0.24092E+02    0.12875E+01
   0.33482E+02    0.13632E+02    0.24092E+02    0.12875E+01
   0.33215E+02    0.13648E+02    0.24015E+02    0.10849E+01
   0.33215E+02    0.13648E+02    0.24015E+02    0.10849E+01
   0.33049E+02    0.13687E+02    0.23803E+02    0.13341E+01
   0.33049E+02    0.13687E+02    0.23803E+02    0.13341E+01
   0.33523E+02    0.13674E+02    0.23957E+02    0.13123E+01
   0.33523E+02    0.13674E+02    0.23957E+02    0.13123E+01
   0.32817E+02    0.13670E+02    0.24420E+02    0.12594E+01
   0.32817E+02    0.13670E+02    0.24420E+02    0.12594E+01
   0.33177E+02    0.13646E+02    0.24563E+02    0.11778E+01
   0.33177E+02    0.13646E+02    0.24563E+02    0.11778E+01
   0.33496E+02    0.13681E+02    0.24440E+02    0.13811E+01
   0.33496E+02    0.13681E+02    0.24440E+02    0.13811E+01
   0.33217E+02    0.13753E+02    0.24012E+02    0.11961E+01
   0.33217E+02    0.13753E+02    0.24012E+02    0.11961E+01
   0.32681E+02    0.13903E+02    0.24350E+02    0.12311E+01
   0.32681E+02    0.13903E+02    0.24350E+02    0.12311E+01
   0.32911E+02    0.13709E+02    0.24337E+02    0.12390E+01
   0.32911E+02    0.13709E+02    0.24337E+02    0.12390E+01
   0.33226E+02    0.13920E+02    0.24446E+02    0.11633E+01
   0.33226E+02    0.13920E+02    0.24446E+02    0.11633E+01
   0.32566E+02    0.13624E+02    0.24023E+02    0.11464E+01
   0.32566E+02    0.13624E+02    0.24023E+02    0.11464E+01
   0.33027E+02    0.13900E+02    0.24303E+02    0.11202E+01
   0.33027E+02    0.13900E+02    0.24303E+02    0.11202E+01
   0.32783E+02    0.13749E+02    0.24349E+02    0.13521E+01
   0.32783E+02    0.13749E+02    0.24349E+02    0.13521E+01
   0.32920E+02    0.13662E+02    0.23821E+02    0.13383E+01
   0.32920E+02    0.13662E+02    0.23821E+02    0.13383E+01
   0.33014E+02    0.13796E+02    0.24229E+02    0.12148E+01
   0.33014E+02    0.13796E+02    0.24229E+02    0.12148E+01
   0.32443E+02    0.13976E+02    0.24090E+02    0.14144E+01
   0.32443E+02    0.13976E+02    0.24090E+02    0.14144E+01
   0.32484E+02    0.13765E+02    0.23916E+02    0.11632E+01
   0.32484E+02    0.13765E+02    0.23916E+02    0.11632E+01
   0.32729E+02    0.13842E+02    0.23723E+02    0.14747E+01
   0.32729E+02    0.13842E+02    0.23723E+02    0.14747E+01
   0.33087E+02    0.13715E+02    0.24263E+02    0.14297E+01
   0.33087E+02    0.13715E+02    0.24263E+02    0.14297E+01
   0.33164E+02    0.13821E+02    0.23967E+02    0.13602E+01
   0.33164E+02    0.13821E+02    0.23967E+02    0.13602E+01
   0.32661E+02    0.13902E+02    0.24509E+02    0.11695E+01
   0.32661E+02    0.13902E+02    0.24509E+02    0.11695E+01
   0.33030E+02    0.13757E+02    0.24016E+02    0.13520E+01
   0.33030E+02    0.13757E+02    0.24016E+02    0.13520E+01
   0.32561E+02    0.13815E+02    0.24113E+02    0.11633E+01
   0.32561E+02    0.13815E+02    0.24113E+02    0.11633E+01
   0.32981E+02    0.13854E+02    0.23961E+02    0.13450E+01
   0.32981E+02    0.13854E+02    0.23961E+02    0.13450E+01
   0.32852E+02    0.13740E+02    0.24067E+02    0.12127E+01
   0.32852E+02    0.13740E+02    0.24067E+02    0.12127E+01
   0.32961E+02    0.13657E+02    0.23886E+02    0.13545E+01
   0.32961E+02    0.13657E+02    0.23886E+02    0.13545E+01
   0.32678E+02    0.13736E+02    0.24671E+02    0.13445E+01
   0.32678E+02    0.13736E+02    0.24671E+02    0.13445E+01
   0.32691E+02    0.13681E+02    0.24277E+02    0.12724E+01
   0.32691E+02    0.13681E+02    0.24277E+02    0.12724E+01
   0.32946E+02    0.13721E+02    0.23790E+02    0.11614E+01
   0.32946E+02    0.13721E+02    0.23790E+02    0.11614E+01
   0.32734E+02    0.13845E+02    0.24322E+02    0.12329E+01
   0.32734E+02    0.13845E+02    0.24322E+02    0.12329E+01
   0.32968E+02    0.13787E+02    0.23878E+02    0.13006E+01
   0.32968E+02    0.13787E+02    0.23878E+02    0.13006E+01
   0.32490E+02    0.13852E+02    0.24221E+02    0.13551E+01
   0.32490E+02    0.13852E+02    0.24221E+02    0.13551E+01
   0.33064E+02    0.13840E+02    0.23936E+02    0.12354E+01
   0.33064E+02    0.13840E+02    0.23936E+02    0.12354E+01
   0.32675E+02    0.13729E+02    0.24507E+02    0.11710E+01
   0.32675E+02    0.13729E+02    0.24507E+02    0.11710E+01
   0.32992E+02    0.13830E+02    0.23960E+02    0.99621E+00
   0.32992E+02    0.13830E+02    0.23960E+02    0.99621E+00
   0.32629E+02    0.13981E+02    0.23499E+02    0.13129E+01
   0.32629E+02    0.13981E+02    0.23499E+02    0.13129E+01
   0.32725E+02    0.13853E+02    0.23875E+02    0.12286E+01
   0.32725E+02    0.13853E+02    0.23875E+02    0.12286E+01
   0.32629E+02    0.14095E+02    0.23970E+02    0.12902E+01
   0.32629E+02    0.14095E+02    0.23970E+02    0.12902E+01
   0.32833E+02    0.13979E+02    0.23582E+02    0.13048E+01
   0.32833E+02    0.13979E+02    0.23582E+02    0.13048E+01
   0.33128E+02    0.13809E+02    0.23818E+02    0.12241E+01
   0.33128E+02    0.13809E+02    0.23818E+02    0.12241E+01
   0.32888E+02    0.13889E+02    0.24123E+02    0.11373E+01
   0.32888E+02    0.13889E+02    0.24123E+02    0.11373E+01
   0.32897E+02    0.13902E+02    0.24305E+02    0.13714E+01
   0.32897E+02    0.13902E+02    0.24305E+02    0.13714E+01
   0.33487E+02    0.13909E+02    0.24058E+02    0.11968E+01
   0.33487E+02    0.13909E+02    0.24058E+02    0.11968E+01
   0.33264E+02    0.13912E+02    0.23976E+02    0.12796E+01
   0.33264E+02    0.13912E+02    0.23976E+02    0.12796E+01
   0.33020E+02    0.13924E+02    0.23782E+02    0.13255E+01
   0.33020E+02    0.13924E+02    0.23782E+02    0.13255E+01
   0.32964E+02    0.13960E+02    0.24290E+02    0.13150E+01
   0.32964E+02    0.13960E+02    0.24290E+02    0.13150E+01
   0.33345E+02    0.13807E+02    0.23748E+02    0.13262E+01
   0.33345E+02    0.13807E+02    0.23748E+02    0.13262E+01
   0.33343E+02    0.13786E+02    0.24314E+02    0.11922E+01
   0.33343E+02    0.13786E+02    0.24314E+02    0.11922E+01
   0.33126E+02    0.13841E+02    0.23717E+02    0.11596E+01
   0.33126E+02    0.13841E+02    0.23717E+02    0.11596E+01
   0.33851E+02    0.14015E+02    0.23549E+02    0.12830E+01
   0.33851E+02    0.14015E+02    0.23549E+02    0.12830E+01
   0.33511E+02    0.14000E+02    0.23695E+02    0.14212E+01
   0.33511E+02    0.14000E+02    0.23695E+02    0.14212E+01
   0.33247E+02    0.13833E+02    0.24144E+02    0.12681E+01
   0.33247E+02    0.13833E+02    0.24144E+02    0.12681E+01
   0.32913E+02    0.13800E+02    0.23456E+02    0.14567E+01
   0.32913E+02    0.13800E+02    0.23456E+02    0.14567E+01
   0.33454E+02    0.13876E+02    0.23527E+02    0.13932E+01
   0.33454E+02    0.13876E+02    0.23527E+02    0.13932E+01
   0.33183E+02    0.13823E+02    0.23876E+02    0.12481E+01
   0.33183E+02    0.13823E+02    0.23876E+02    0.12481E+01
   0.33035E+02    0.13642E+02    0.23595E+02    0.12312E+01
   0.33035E+02    0.13642E+02    0.23595E+02    0.12312E+01
   0.33262E+02    0.13747E+02    0.24155E+02    0.14356E+01
   0.33262E+02    0.13747E+02    0.24155E+02    0.14356E+01
   0.32813E+02    0.13779E+02    0.24232E+02    0.13913E+01
   0.32813E+02    0.13779E+02    0.24232E+02    0.13913E+01
   0.33571E+02    0.13693E+02    0.24215E+02    0.12101E+01
   0.33571E+02    0.13693E+02    0.24215E+02    0.12101E+01
   0.32589E+02    0.13832E+02    0.23646E+02    0.13075E+01
   0.32589E+02    0.13832E+02    0.23646E+02    0.13075E+01
   0.33214E+02    0.13889E+02    0.24253E+02    0.11341E+01
   0.33214E+02    0.13889E+02    0.24253E+02    0.11341E+01
   0.33214E+02    0.13867E+02    0.23824E+02    0.13397E+01
   0.33214E+02    0.13867E+02    0.23824E+02    0.13397E+01
   0.33218E+02    0.13688E+02    0.23476E+02    0.11876E+01
   0.33218E+02    0.13688E+02    0.23476E+02    0.11876E+01
   0.33290E+02    0.13598E+02    0.23736E+02    0.10637E+01
   0.33290E+02    0.13598E+02    0.23736E+02    0.10637E+01
   0.32756E+02    0.13721E+02    0.24018E+02    0.11852E+01
   0.32756E+02    0.13721E+02    0.24018E+02    0.11852E+01
   0.33117E+02    0.13891E+02    0.24130E+02    0.11120E+01
   0.33117E+02    0.13891E+02    0.24130E+02    0.11120E+01
   0.32672E+02    0.13759E+02    0.24382E+02    0.11762E+01
   0.32672E+02    0.13759E+02    0.24382E+02    0.11762E+01
   0.33436E+02    0.13677E+02    0.23818E+02    0.12800E+01
   0.33436E+02    0.13677E+02    0.23818E+02    0.12800E+01
   0.32749E+02    0.13616E+02    0.23800E+02    0.13309E+01
   0.32749E+02    0.13616E+02    0.23800E+02    0.13309E+01
   0.32915E+02    0.13885E+02    0.24302E+02    0.13219E+01
   0.32915E+02    0.13885E+02    0.24302E+02    0.13219E+01
   0.32559E+02    0.13560E+02    0.24413E+02    0.11352E+01
   0.32559E+02    0.13560E+02    0.24413E+02    0.11352E+01
   0.32860E+02    0.13910E+02    0.24265E+02    0.13257E+01
   0.32860E+02    0.13910E+02    0.24265E+02    0.13257E+01
   0.32974E+02    0.13731E+02    0.23702E+02    0.12948E+01
   0.32974E+02    0.13731E+02    0.23702E+02    0.12948E+01
   0.33052E+02    0.13773E+02    0.23957E+02    0.12308E+01
   0.33052E+02    0.13773E+02    0.23957E+02    0.12308E+01
   0.32684E+02    0.13852E+02    0.24154E+02    0.12008E+01
   0.32684E+02    0.13852E+02    0.24154E+02    0.12008E+01
   0.32878E+02    0.13903E+02    0.23866E+02    0.13328E+01
   0.32878E+02    0.13903E+02    0.23866E+02    0.13328E+01
   0.32649E+02    0.13990E+02    0.23963E+02    0.11962E+01
   0.32649E+02    0.13990E+02    0.23963E+02    0.11962E+01
   0.32526E+02    0.13862E+02    0.23893E+02    0.12951E+01
   0.32526E+02    0.13862E+02    0.23893E+02    0.12951E+01
   0.32958E+02    0.13859E+02    0.24213E+02    0.11244E+01
   0.32958E+02    0.13859E+02    0.24213E+02    0.11244E+01
   0.33280E+02    0.13792E+02    0.23505E+02    0.12363E+01
   0.33280E+02    0.13792E+02    0.23505E+02    0.12363E+01
   0.32593E+02    0.13699E+02    0.23481E+02    0.10627E+01
   0.32593E+02    0.13699E+02    0.23481E+02    0.10627E+01
   0.32680E+02    0.13776E+02    0.23806E+02    0.11907E+01
   0.32680E+02    0.13776E+02    0.23806E+02    0.11907E+01
   0.33360E+02    0.13914E+02    0.23353E+02    0.10533E+01
   0.33360E+02    0.13914E+02    0.23353E+02    0.10533E+01
   0.33103E+02    0.14032E+02    0.23868E+02    0.12347E+01
   0.33103E+02    0.14032E+02    0.23868E+02    0.12347E+01
   0.32830E+02    0.14002E+02    0.23400E+02    0.11222E+01
   0.32830E+02    0.14002E+02    0.23400E+02    0.11222E+01
   0.33267E+02    0.13946E+02    0.23402E+02    0.10843E+01
   0.33267E+02    0.13946E+02    0.23402E+02    0.10843E+01
   0.33441E+02    0.13524E+02    0.23359E+02    0.14289E+01
   0.33441E+02    0.13524E+02    0.23359E+02    0.14289E+01
   0.33284E+02    0.13870E+02    0.23390E+02    0.13947E+01
   0.33284E+02    0.13870E+02    0.23390E+02    0.13947E+01
   0.32535E+02    0.13801E+02    0.23318E+02    0.14470E+01
   0.32535E+02    0.13801E+02    0.23318E+02    0.14470E+01
   0.33041E+02    0.13750E+02    0.23458E+02    0.13101E+01
   0.33041E+02    0.13750E+02    0.23458E+02    0.13101E+01
   0.32714E+02    0.13907E+02    0.23635E+02    0.12111E+01
   0.32714E+02    0.13907E+02    0.23635E+02    0.12111E+01
   0.33084E+02    0.14008E+02    0.23398E+02    0.12836E+01
   0.33084E+02    0.14008E+02    0.23398E+02    0.12836E+01
   0.33099E+02    0.14024E+02    0.23261E+02    0.12855E+01
   0.33099E+02    0.14024E+02    0.23261E+02    0.12855E+01
   0.33223E+02    0.13592E+02    0.23064E+02    0.12560E+01
   0.33223E+02    0.13592E+02    0.23064E+02    0.12560E+01
   0.33203E+02    0.13871E+02    0.23422E+02    0.12625E+01
   0.33203E+02    0.13871E+02    0.23422E+02    0.12625E+01
   0.33222E+02    0.13748E+02    0.23518E+02    0.14135E+01
   0.33222E+02    0.13748E+02    0.23518E+02    0.14135E+01
   0.33073E+02    0.13902E+02    0.23815E+02    0.13423E+01
   0.33073E+02    0.13902E+02    0.23815E+02    0.13423E+01
   0.33659E+02    0.13885E+02    0.23441E+02    0.11922E+01
   0.33659E+02    0.13885E+02    0.23441E+02    0.11922E+01
   0.33467E+02    0.14006E+02    0.23378E+02    0.13159E+01
   0.33467E+02    0.14006E+02    0.23378E+02    0.13159E+01
   0.33582E+02    0.13741E+02    0.23531E+02    0.11608E+01
   0.33582E+02    0.13741E+02    0.23531E+02    0.11608E+01
   0.33491E+02    0.13888E+02    0.23825E+02    0.12591E+01
   0.33491E+02    0.13888E+02    0.23825E+02    0.12591E+01
   0.33540E+02    0.13671E+02    0.23442E+02    0.11179E+01
   0.33540E+02    0.13671E+02    0.23442E+02    0.11179E+01
   0.33751E+02    0.13766E+02    0.23853E+02    0.12093E+01
   0.33751E+02    0.13766E+02    0.23853E+02    0.12093E+01
   0.33350E+02    0.13859E+02    0.23773E+02    0.13120E+01
   0.33350E+02    0.13859E+02    0.23773E+02    0.13120E+01
   0.33445E+02    0.13839E+02    0.23488E+02    0.12800E+01
   0.33445E+02    0.13839E+02    0.23488E+02    0.12800E+01
   0.33149E+02    0.13895E+02    0.23920E+02    0.11208E+01
   0.33149E+02    0.13895E+02    0.23920E+02    0.11208E+01
   0.33093E+02    0.13730E+02    0.24387E+02    0.12645E+01
   0.33093E+02    0.13730E+02    0.24387E+02    0.12645E+01
   0.32917E+02    0.13890E+02    0.24202E+02    0.11735E+01
   0.32917E+02    0.13890E+02    0.24202E+02    0.11735E+01
   0.33493E+02    0.13840E+02    0.23793E+02    0.11489E+01
   0.33493E+02    0.13840E+02    0.23793E+02    0.11489E+01
   0.32619E+02    0.13744E+02    0.24325E+02    0.12268E+01
   0.32619E+02    0.13744E+02    0.24325E+02    0.12268E+01
   0.33332E+02    0.13786E+02    0.24055E+02    0.13565E+01
   0.33332E+02    0.13786E+02    0.24055E+02    0.13565E+01
   0.32774E+02    0.13740E+02    0.24112E+02    0.12833E+01
   0.32774E+02    0.13740E+02    0.24112E+02    0.12833E+01
   0.33136E+02    0.13850E+02    0.24480E+02    0.10650E+01
   0.33136E+02    0.13850E+02    0.24480E+02    0.10650E+01
   0.32829E+02    0.13748E+02    0.24299E+02    0.11492E+01
   0.32829E+02    0.13748E+02    0.24299E+02    0.11492E+01
   0.32686E+02    0.13807E+02    0.24337E+02    0.13524E+01
   0.32686E+02    0.13807E+02    0.24337E+02    0.13524E+01
   0.32959E+02    0.13860E+02    0.24026E+02    0.11565E+01
   0.32959E+02    0.13860E+02    0.24026E+02    0.11565E+01
   0.32912E+02    0.13650E+02    0.24001E+02    0.12599E+01
   0.32912E+02    0.13650E+02    0.24001E+02    0.12599E+01
   0.32591E+02    0.13866E+02    0.24265E+02    0.13158E+01
   0.32591E+02    0.13866E+02    0.24265E+02    0.13158E+01
   0.33063E+02    0.13755E+02    0.24272E+02    0.14289E+01
   0.33063E+02    0.13755E+02    0.24272E+02    0.14289E+01
   0.32749E+02    0.13894E+02    0.24269E+02    0.12977E+01
   0.32749E+02    0.13894E+02    0.24269E+02    0.12977E+01
   0.32698E+02    0.13770E+02    0.24166E+02    0.10983E+01
   0.32698E+02    0.13770E+02    0.24166E+02    0.10983E+01
   0.32778E+02    0.14116E+02    0.24132E+02    0.12407E+01
   0.32778E+02    0.14116E+02    0.24132E+02    0.12407E+01
   0.32753E+02    0.13651E+02    0.24026E+02    0.13547E+01
   0.32753E+02    0.13651E+02    0.24026E+02    0.13547E+01
   0.32444E+02    0.13796E+02    0.24395E+02    0.12467E+01
   0.32444E+02    0.13796E+02    0.24395E+02    0.12467E+01
   0.32814E+02    0.14000E+02    0.24144E+02    0.13403E+01
   0.32814E+02    0.14000E+02    0.24144E+02    0.13403E+01
   0.32627E+02    0.14090E+02    0.24144E+02    0.14390E+01
   0.32627E+02    0.14090E+02    0.24144E+02    0.14390E+01
   0.32112E+02    0.13851E+02    0.24353E+02    0.12124E+01
   0.32112E+02    0.13851E+02    0.24353E+02    0.12124E+01
   0.32975E+02    0.13862E+02    0.23948E+02    0.12116E+01
   0.32975E+02    0.13862E+02    0.23948E+02    0.12116E+01
   0.32658E+02    0.13716E+02    0.23821E+02    0.13101E+01
   0.32658E+02    0.13716E+02    0.23821E+02    0.13101E+01
   0.32952E+02    0.13775E+02    0.24038E+02    0.13742E+01
   0.32952E+02    0.13775E+02    0.24038E+02    0.13742E+01
   0.32918E+02    0.13794E+02    0.23853E+02    0.13735E+01
   0.32918E+02    0.13794E+02    0.23853E+02    0.13735E+01
   0.32317E+02    0.13862E+02    0.24182E+02    0.13174E+01
   0.32317E+02    0.13862E+02    0.24182E+02    0.13174E+01
   0.32634E+02    0.14112E+02    0.23402E+02    0.13284E+01
   0.32634E+02    0.14112E+02    0.23402E+02    0.13284E+01
   0.32623E+02    0.13905E+02    0.23609E+02    0.11002E+01
   0.32623E+02    0.13905E+02    0.23609E+02    0.11002E+01
   0.32659E+02    0.13760E+02    0.23851E+02    0.11939E+01
   0.32659E+02    0.13760E+02    0.23851E+02    0.11939E+01
   0.32643E+02    0.13765E+02    0.23950E+02    0.11278E+01
   0.32643E+02    0.13765E+02    0.23950E+02    0.11278E+01
   0.32986E+02    0.13791E+02    0.24169E+02    0.12204E+01
   0.32986E+02    0.13791E+02    0.24169E+02    0.12204E+01
   0.32924E+02    0.13779E+02    0.23662E+02    0.13268E+01
   0.32924E+02    0.13779E+02    0.23662E+02    0.13268E+01
   0.33261E+02    0.13826E+02    0.23957E+02    0.13058E+01
   0.33261E+02    0.13826E+02    0.23957E+02    0.13058E+01
   0.32424E+02    0.13638E+02    0.24320E+02    0.12377E+01
   0.32424E+02    0.13638E+02    0.24320E+02    0.12377E+01
   0.33056E+02    0.13769E+02    0.24073E+02    0.12835E+01
   0.33056E+02    0.13769E+02    0.24073E+02    0.12835E+01
   0.32695E+02    0.13803E+02    0.24028E+02    0.12261E+01
   0.32695E+02    0.13803E+02    0.24028E+02    0.12261E+01
   0.32697E+02    0.13817E+02    0.24320E+02    0.12142E+01
   0.32697E+02    0.13817E+02    0.24320E+02    0.12142E+01
   0.33456E+02    0.13695E+02    0.24199E+02    0.13714E+01
   0.33456E+02    0.13695E+02    0.24199E+02    0.13714E+01
   0.33094E+02    0.13787E+02    0.24038E+02    0.13497E+01
   0.33094E+02    0.13787E+02    0.24038E+02    0.13497E+01
   0.33716E+02    0.13799E+02    0.24242E+02    0.11695E+01
   0.33716E+02    0.13799E+02    0.24242E+02    0.11695E+01
   0.33519E+02    0.13856E+02    0.24277E+02    0.15133E+01
   0.33519E+02    0.13856E+02    0.24277E+02    0.15133E+01
   0.33495E+02    0.14066E+02    0.24674E+02    0.13627E+01
   0.33495E+02    0.14066E+02    0.24674E+02    0.13627E+01
   0.32977E+02    0.13725E+02    0.23895E+02    0.12183E+01
   0.32977E+02    0.13725E+02    0.23895E+02    0.12183E+01
   0.33675E+02    0.13879E+02    0.24480E+02    0.12187E+01
   0.33675E+02    0.13879E+02    0.24480E+02    0.12187E+01
   0.33505E+02    0.13709E+02    0.24293E+02    0.13717E+01
   0.33505E+02    0.13709E+02    0.24293E+02    0.13717E+01
   0.33576E+02    0.13598E+02    0.24468E+02    0.12310E+01
   0.33576E+02    0.13598E+02    0.24468E+02    0.12310E+01
   0.33182E+02    0.13712E+02    0.24201E+02    0.12171E+01
   0.33182E+02    0.13712E+02    0.24201E+02    0.12171E+01
   0.32858E+02    0.13819E+02    0.24466E+02    0.90430E+00
   0.32858E+02    0.13819E+02    0.24466E+02    0.90430E+00
   0.33026E+02    0.13730E+02    0.24057E+02    0.11753E+01
   0.33026E+02    0.13730E+02    0.24057E+02    0.11753E+01
   0.33301E+02    0.13798E+02    0.24771E+02    0.11625E+01
   0.33301E+02    0.13798E+02    0.24771E+02    0.11625E+01
   0.33035E+02    0.13787E+02    0.24523E+02    0.11927E+01
   0.33035E+02    0.13787E+02    0.24523E+02    0.11927E+01
   0.33161E+02    0.13783E+02    0.24665E+02    0.12371E+01
   0.33161E+02    0.13783E+02    0.24665E+02    0.12371E+01
   0.33029E+02    0.13968E+02    0.24466E+02    0.10660E+01
   0.33029E+02    0.13968E+02    0.24466E+02    0.10660E+01
   0.33034E+02    0.13818E+02    0.24368E+02    0.11589E+01
   0.33034E+02    0.13818E+02    0.24368E+02    0.11589E+01
   0.33025E+02    0.13696E+02    0.24071E+02    0.10787E+01
   0.33025E+02    0.13696E+02    0.24071E+02    0.10787E+01
   0.33099E+02    0.13736E+02    0.24403E+02    0.14184E+01
   0.33099E+02    0.13736E+02    0.24403E+02    0.14184E+01
   0.32854E+02    0.13741E+02    0.24130E+02    0.12625E+01
   0.32854E+02    0.13741E+02    0.24130E+02    0.12625E+01
   0.32746E+02    0.13832E+02    0.24316E+02    0.10971E+01
   0.32746E+02    0.13832E+02    0.24316E+02    0.10971E+01
   0.32701E+02    0.13956E+02    0.24168E+02    0.12201E+01
   0.32701E+02    0.13956E+02    0.24168E+02    0.12201E+01
   0.32188E+02    0.13912E+02    0.24107E+02    0.12771E+01
   0.32188E+02    0.13912E+02    0.24107E+02    0.12771E+01
   0.32187E+02    0.13922E+02    0.24015E+02    0.13327E+01
   0.32187E+02    0.13922E+02    0.24015E+02    0.13327E+01
   0.32479E+02    0.13714E+02    0.23775E+02    0.12620E+01
   0.32479E+02    0.13714E+02    0.23775E+02    0.12620E+01
   0.32911E+02    0.13909E+02    0.23776E+02    0.11339E+01
   0.32911E+02    0.13909E+02    0.23776E+02    0.11339E+01
   0.32330E+02    0.13984E+02    0.23655E+02    0.13981E+01
   0.32330E+02    0.13984E+02    0.23655E+02    0.13981E+01
   0.32328E+02    0.13752E+02    0.23642E+02    0.11786E+01
   0.32328E+02    0.13752E+02    0.23642E+02    0.11786E+01
   0.32192E+02    0.13966E+02    0.23935E+02    0.13127E+01
   0.32192E+02    0.13966E+02    0.23935E+02    0.13127E+01
   0.32542E+02    0.13754E+02    0.23797E+02    0.12282E+01
   0.32542E+02    0.13754E+02    0.23797E+02    0.12282E+01
   0.32595E+02    0.13924E+02    0.23671E+02    0.14238E+01
   0.32595E+02    0.13924E+02    0.23671E+02    0.14238E+01
   0.32287E+02    0.13707E+02    0.23803E+02    0.13045E+01
   0.32287E+02    0.13707E+02    0.23803E+02    0.13045E+01
   0.32648E+02    0.13869E+02    0.24055E+02    0.12689E+01
   0.32648E+02    0.13869E+02    0.24055E+02    0.12689E+01
   0.32859E+02    0.14042E+02    0.23757E+02    0.11520E+01
   0.32859E+02    0.14042E+02    0.23757E+02    0.11520E+01
   0.32262E+02    0.13889E+02    0.23716E+02    0.13198E+01
   0.32262E+02    0.13889E+02    0.23716E+02    0.13198E+01
   0.32771E+02    0.14044E+02    0.24101E+02    0.12150E+01
   0.32771E+02    0.14044E+02    0.24101E+02    0.12150E+01
   0.33067E+02    0.14020E+02    0.23863E+02    0.12582E+01
   0.33067E+02    0.14020E+02    0.23863E+02    0.12582E+01
   0.32787E+02    0.13963E+02    0.23889E+02    0.14327E+01
   0.32787E+02    0.13963E+02    0.23889E+02    0.14327E+01
   0.33257E+02    0.13859E+02    0.23767E+02    0.12761E+01
   0.33257E+02    0.13859E+02    0.23767E+02    0.12761E+01
   0.32724E+02    0.13985E+02    0.23865E+02    0.12741E+01
   0.32724E+02    0.13985E+02    0.23865E+02    0.12741E+01
   0.33368E+02    0.13885E+02    0.24174E+02    0.11873E+01
   0.33368E+02    0.13885E+02    0.24174E+02    0.11873E+01
   0.32774E+02    0.13895E+02    0.24147E+02    0.13326E+01
   0.32774E+02    0.13895E+02    0.24147E+02    0.13326E+01
   0.33485E+02    0.13860E+02    0.23955E+02    0.11274E+01
   0.33485E+02    0.13860E+02    0.23955E+02    0.11274E+01
   0.33139E+02    0.13823E+02    0.23767E+02    0.13708E+01
   0.33139E+02    0.13823E+02    0.23767E+02    0.13708E+01
   0.33518E+02    0.13802E+02    0.23934E+02    0.11342E+01
   0.33518E+02    0.13802E+02    0.23934E+02    0.11342E+01
   0.33304E+02    0.13750E+02    0.23941E+02    0.11718E+01
   0.33304E+02    0.13750E+02    0.23941E+02    0.11718E+01
   0.33097E+02    0.13689E+02    0.24080E+02    0.12173E+01
   0.33097E+02    0.13689E+02    0.24080E+02    0.12173E+01
   0.33703E+02    0.13976E+02    0.24197E+02    0.11328E+01
   0.33703E+02    0.13976E+02    0.24197E+02    0.11328E+01
   0.33636E+02    0.13795E+02    0.24572E+02    0.14489E+01
   0.33636E+02    0.13795E+02    0.24572E+02    0.14489E+01
   0.33329E+02    0.13749E+02    0.24669E+02    0.12294E+01
   0.33329E+02    0.13749E+02    0.24669E+02    0.12294E+01
   0.33130E+02    0.13893E+02    0.24532E+02    0.11436E+01
   0.33130E+02    0.13893E+02    0.24532E+02    0.11436E+01
   0.33463E+02    0.13876E+02    0.24360E+02    0.11798E+01
   0.33463E+02    0.13876E+02    0.24360E+02    0.11798E+01
   0.33514E+02    0.13758E+02    0.24425E+02    0.14729E+01
   0.33514E+02    0.13758E+02    0.24425E+02    0.14729E+01
   0.33266E+02    0.13612E+02    0.24023E+02    0.12651E+01
   0.33266E+02    0.13612E+02    0.24023E+02    0.12651E+01
   0.32759E+02    0.13633E+02    0.24312E+02    0.12188E+01
   0.32759E+02    0.13633E+02    0.24312E+02    0.12188E+01
   0.32783E+02    0.13815E+02    0.24308E+02    0.11817E+01
   0.32783E+02    0.13815E+02    0.24308E+02    0.11817E+01
   0.32544E+02    0.13941E+02    0.23760E+02    0.11740E+01
   0.32544E+02    0.13941E+02    0.23760E+02    0.11740E+01
   0.32692E+02    0.13926E+02    0.24633E+02    0.13780E+01
   0.32692E+02    0.13926E+02    0.24633E+02    0.13780E+01
   0.32351E+02    0.13654E+02    0.24421E+02    0.11519E+01
   0.32351E+02    0.13654E+02    0.24421E+02    0.11519E+01
   0.32530E+02    0.13948E+02    0.24524E+02    0.11534E+01
   0.32530E+02    0.13948E+02    0.24524E+02    0.11534E+01
   0.32602E+02    0.13859E+02    0.24361E+02    0.12815E+01
   0.32602E+02    0.13859E+02    0.24361E+02    0.12815E+01
   0.32657E+02    0.13685E+02    0.24033E+02    0.13384E+01
   0.32657E+02    0.13685E+02    0.24033E+02    0.13384E+01
   0.32602E+02    0.13764E+02    0.23972E+02    0.12913E+01
   0.32602E+02    0.13764E+02    0.23972E+02    0.12913E+01
   0.32871E+02    0.13630E+02    0.23747E+02    0.12833E+01
   0.32871E+02    0.13630E+02    0.23747E+02    0.12833E+01
   0.32681E+02    0.13995E+02    0.24334E+02    0.12372E+01
   0.32681E+02    0.13995E+02    0.24334E+02    0.12372E+01
   0.32717E+02    0.13752E+02    0.24311E+02    0.13246E+01
   0.32717E+02    0.13752E+02    0.24311E+02    0.13246E+01
   0.32798E+02    0.13800E+02    0.24086E+02    0.12555E+01
   0.32798E+02    0.13800E+02    0.24086E+02    0.12555E+01
   0.32731E+02    0.13732E+02    0.24154E+02    0.10940E+01
   0.32731E+02    0.13732E+02    0.24154E+02    0.10940E+01
   0.32823E+02    0.13721E+02    0.24361E+02    0.12630E+01
   0.32823E+02    0.13721E+02    0.24361E+02    0.12630E+01
   0.32739E+02    0.13872E+02    0.24257E+02    0.14021E+01
   0.32739E+02    0.13872E+02    0.24257E+02    0.14021E+01
   0.32629E+02    0.13940E+02    0.24472E+02    0.12398E+01
   0.32629E+02    0.13940E+02    0.24472E+02    0.12398E+01
   0.32846E+02    0.13819E+02    0.23997E+02    0.13442E+01
   0.32846E+02    0.13819E+02    0.23997E+02    0.13442E+01
   0.32968E+02    0.13749E+02    0.23865E+02    0.14124E+01
   0.32968E+02    0.13749E+02    0.23865E+02    0.14124E+01
   0.32582E+02    0.13781E+02    0.23743E+02    0.14035E+01
   0.32582E+02    0.13781E+02    0.23743E+02    0.14035E+01
   0.33089E+02    0.13796E+02    0.24023E+02    0.14141E+01
   0.33089E+02    0.13796E+02    0.24023E+02    0.14141E+01
   0.32905E+02    0.13891E+02    0.24032E+02    0.10458E+01
   0.32905E+02    0.13891E+02    0.24032E+02    0.10458E+01
   0.33228E+02    0.13699E+02    0.23541E+02    0.14205E+01
   0.33228E+02    0.13699E+02    0.23541E+02    0.14205E+01
   0.33438E+02    0.13934E+02    0.23837E+02    0.11455E+01
   0.33438E+02    0.13934E+02    0.23837E+02    0.11455E+01
   0.32899E+02    0.13670E+02    0.23984E+02    0.14189E+01
   0.32899E+02    0.13670E+02    0.23984E+02    0.14189E+01
