   0.26383E+02    0.68820E+01    0.18776E+02    0.16567E+01
   0.26383E+02    0.68820E+01    0.18776E+02    0.16567E+01
   0.26519E+02    0.69694E+01    0.18665E+02    0.16509E+01
   0.26519E+02    0.69694E+01    0.18665E+02    0.16509E+01
   0.26576E+02    0.68333E+01    0.18326E+02    0.16794E+01
   0.26576E+02    0.68333E+01    0.18326E+02    0.16794E+01
   0.26253E+02    0.70338E+01    0.19191E+02    0.16586E+01
   0.26253E+02    0.70338E+01    0.19191E+02    0.16586E+01
   0.26582E+02    0.69433E+01    0.18388E+02    0.16322E+01
   0.26582E+02    0.69433E+01    0.18388E+02    0.16322E+01
   0.26273E+02    0.71040E+01    0.19144E+02    0.16723E+01
   0.26273E+02    0.71040E+01    0.19144E+02    0.16723E+01
   0.26191E+02    0.67582E+01    0.18936E+02    0.16383E+01
   0.26191E+02    0.67582E+01    0.18936E+02    0.16383E+01
   0.26190E+02    0.67372E+01    0.18746E+02    0.16212E+01
   0.26190E+02    0.67372E+01    0.18746E+02    0.16212E+01
   0.26643E+02    0.67846E+01    0.18699E+02    0.16653E+01
   0.26643E+02    0.67846E+01    0.18699E+02    0.16653E+01
   0.26926E+02    0.69623E+01    0.19203E+02    0.16418E+01
   0.26926E+02    0.69623E+01    0.19203E+02    0.16418E+01
   0.25787E+02    0.69278E+01    0.18587E+02    0.16423E+01
   0.25787E+02    0.69278E+01    0.18587E+02    0.16423E+01
   0.26532E+02    0.69939E+01    0.18753E+02    0.16444E+01
   0.26532E+02    0.69939E+01    0.18753E+02    0.16444E+01
   0.26567E+02    0.68463E+01    0.18650E+02    0.16737E+01
   0.26567E+02    0.68463E+01    0.18650E+02    0.16737E+01
   0.26850E+02    0.69511E+01    0.18525E+02    0.16507E+01
   0.26850E+02    0.69511E+01    0.18525E+02    0.16507E+01
   0.26750E+02    0.67660E+01    0.18581E+02    0.16754E+01
   0.26750E+02    0.67660E+01    0.18581E+02    0.16754E+01
   0.26539E+02    0.68313E+01    0.18933E+02    0.15961E+01
   0.26539E+02    0.68313E+01    0.18933E+02    0.15961E+01
   0.26500E+02    0.68702E+01    0.18520E+02    0.16473E+01
   0.26500E+02    0.68702E+01    0.18520E+02    0.16473E+01
   0.26397E+02    0.67262E+01    0.18779E+02    0.16532E+01
   0.26397E+02    0.67262E+01    0.18779E+02    0.16532E+01
   0.26430E+02    0.67673E+01    0.18504E+02    0.16460E+01
   0.26430E+02    0.67673E+01    0.18504E+02    0.16460E+01
   0.26102E+02    0.69497E+01    0.18655E+02    0.16291E+01
   0.26102E+02    0.69497E+01    0.18655E+02    0.16291E+01
   0.26206E+02    0.71204E+01    0.18846E+02    0.16507E+01
   0.26206E+02    0.71204E+01    0.18846E+02    0.16507E+01
   0.25433E+02    0.68130E+01    0.18483E+02    0.16572E+01
   0.25433E+02    0.68130E+01    0.18483E+02    0.16572E+01
   0.26409E+02    0.68768E+01    0.18606E+02    0.16749E+01
   0.26409E+02    0.68768E+01    0.18606E+02    0.16749E+01
   0.26284E+02    0.69546E+01    0.18306E+02    0.16831E+01
   0.26284E+02    0.69546E+01    0.18306E+02    0.16831E+01
   0.26675E+02    0.68667E+01    0.18769E+02    0.16653E+01
   0.26675E+02    0.68667E+01    0.18769E+02    0.16653E+01
   0.26463E+02    0.68449E+01    0.19013E+02    0.15918E+01
   0.26463E+02    0.68449E+01    0.19013E+02    0.15918E+01
   0.26580E+02    0.69313E+01    0.18444E+02    0.16633E+01
   0.26580E+02    0.69313E+01    0.18444E+02    0.16633E+01
   0.26367E+02    0.69242E+01    0.18738E+02    0.16394E+01
   0.26367E+02    0.69242E+01    0.18738E+02    0.16394E+01
   0.25901E+02    0.69449E+01    0.18517E+02    0.16390E+01
   0.25901E+02    0.69449E+01    0.18517E+02    0.16390E+01
   0.26175E+02    0.68187E+01    0.18748E+02    0.16580E+01
   0.26175E+02    0.68187E+01    0.18748E+02    0.16580E+01
   0.26365E+02    0.68827E+01    0.18678E+02    0.16678E+01
   0.26365E+02    0.68827E+01    0.18678E+02    0.16678E+01
   0.26469E+02    0.68154E+01    0.19241E+02    0.16656E+01
   0.26469E+02    0.68154E+01    0.19241E+02    0.16656E+01
   0.25995E+02    0.69641E+01    0.19069E+02    0.16649E+01
   0.25995E+02    0.69641E+01    0.19069E+02    0.16649E+01
   0.25825E+02    0.68564E+01    0.19108E+02    0.16431E+01
   0.25825E+02    0.68564E+01    0.19108E+02    0.16431E+01
   0.26394E+02    0.67368E+01    0.19394E+02    0.17146E+01
   0.26394E+02    0.67368E+01    0.19394E+02    0.17146E+01
   0.26263E+02    0.69990E+01    0.19287E+02    0.16846E+01
   0.26263E+02    0.69990E+01    0.19287E+02    0.16846E+01
   0.26235E+02    0.68262E+01    0.18952E+02    0.16914E+01
   0.26235E+02    0.68262E+01    0.18952E+02    0.16914E+01
   0.26301E+02    0.67115E+01    0.19267E+02    0.16718E+01
   0.26301E+02    0.67115E+01    0.19267E+02    0.16718E+01
   0.26187E+02    0.68657E+01    0.18782E+02    0.16482E+01
   0.26187E+02    0.68657E+01    0.18782E+02    0.16482E+01
   0.26063E+02    0.68680E+01    0.19195E+02    0.16996E+01
   0.26063E+02    0.68680E+01    0.19195E+02    0.16996E+01
   0.25974E+02    0.68231E+01    0.18789E+02    0.16691E+01
   0.25974E+02    0.68231E+01    0.18789E+02    0.16691E+01
   0.26062E+02    0.67676E+01    0.18579E+02    0.17093E+01
   0.26062E+02    0.67676E+01    0.18579E+02    0.17093E+01
   0.25973E+02    0.69599E+01    0.18771E+02    0.16814E+01
   0.25973E+02    0.69599E+01    0.18771E+02    0.16814E+01
   0.25382E+02    0.68974E+01    0.18446E+02    0.17170E+01
   0.25382E+02    0.68974E+01    0.18446E+02    0.17170E+01
   0.26449E+02    0.69765E+01    0.18799E+02    0.16858E+01
   0.26449E+02    0.69765E+01    0.18799E+02    0.16858E+01
   0.26172E+02    0.67883E+01    0.18675E+02    0.16898E+01
   0.26172E+02    0.67883E+01    0.18675E+02    0.16898E+01
   0.26130E+02    0.67691E+01    0.18697E+02    0.16733E+01
   0.26130E+02    0.67691E+01    0.18697E+02    0.16733E+01
   0.26453E+02    0.67002E+01    0.18522E+02    0.16500E+01
   0.26453E+02    0.67002E+01    0.18522E+02    0.16500E+01
   0.25954E+02    0.68755E+01    0.18692E+02    0.16256E+01
   0.25954E+02    0.68755E+01    0.18692E+02    0.16256E+01
   0.25918E+02    0.67744E+01    0.18771E+02    0.16634E+01
   0.25918E+02    0.67744E+01    0.18771E+02    0.16634E+01
   0.26141E+02    0.68331E+01    0.19160E+02    0.16485E+01
   0.26141E+02    0.68331E+01    0.19160E+02    0.16485E+01
   0.25582E+02    0.69142E+01    0.18684E+02    0.16571E+01
   0.25582E+02    0.69142E+01    0.18684E+02    0.16571E+01
   0.25822E+02    0.68026E+01    0.18787E+02    0.16616E+01
   0.25822E+02    0.68026E+01    0.18787E+02    0.16616E+01
   0.26288E+02    0.68759E+01    0.18932E+02    0.16457E+01
   0.26288E+02    0.68759E+01    0.18932E+02    0.16457E+01
   0.25821E+02    0.67273E+01    0.18784E+02    0.16312E+01
   0.25821E+02    0.67273E+01    0.18784E+02    0.16312E+01
   0.26242E+02    0.69198E+01    0.18950E+02    0.17019E+01
   0.26242E+02    0.69198E+01    0.18950E+02    0.17019E+01
   0.25828E+02    0.70122E+01    0.18686E+02    0.16817E+01
   0.25828E+02    0.70122E+01    0.18686E+02    0.16817E+01
   0.25906E+02    0.69364E+01    0.18826E+02    0.16725E+01
   0.25906E+02    0.69364E+01    0.18826E+02    0.16725E+01
   0.26139E+02    0.68582E+01    0.18586E+02    0.16906E+01
   0.26139E+02    0.68582E+01    0.18586E+02    0.16906E+01
   0.25839E+02    0.67859E+01    0.18923E+02    0.16845E+01
   0.25839E+02    0.67859E+01    0.18923E+02    0.16845E+01
   0.26119E+02    0.67506E+01    0.19331E+02    0.17170E+01
   0.26119E+02    0.67506E+01    0.19331E+02    0.17170E+01
   0.26053E+02    0.69640E+01    0.19086E+02    0.16880E+01
   0.26053E+02    0.69640E+01    0.19086E+02    0.16880E+01
   0.25558E+02    0.68489E+01    0.18963E+02    0.16797E+01
   0.25558E+02    0.68489E+01    0.18963E+02    0.16797E+01
   0.25935E+02    0.70148E+01    0.18668E+02    0.16844E+01
   0.25935E+02    0.70148E+01    0.18668E+02    0.16844E+01
   0.26382E+02    0.69158E+01    0.19299E+02    0.16882E+01
   0.26382E+02    0.69158E+01    0.19299E+02    0.16882E+01
   0.25880E+02    0.69144E+01    0.18995E+02    0.17087E+01
   0.25880E+02    0.69144E+01    0.18995E+02    0.17087E+01
   0.25604E+02    0.71045E+01    0.19184E+02    0.16955E+01
   0.25604E+02    0.71045E+01    0.19184E+02    0.16955E+01
   0.25393E+02    0.67850E+01    0.18739E+02    0.16947E+01
   0.25393E+02    0.67850E+01    0.18739E+02    0.16947E+01
   0.25848E+02    0.68801E+01    0.19210E+02    0.16742E+01
   0.25848E+02    0.68801E+01    0.19210E+02    0.16742E+01
   0.25966E+02    0.69342E+01    0.19498E+02    0.16615E+01
   0.25966E+02    0.69342E+01    0.19498E+02    0.16615E+01
   0.25677E+02    0.69452E+01    0.19325E+02    0.16872E+01
   0.25677E+02    0.69452E+01    0.19325E+02    0.16872E+01
   0.26238E+02    0.68281E+01    0.18648E+02    0.16486E+01
   0.26238E+02    0.68281E+01    0.18648E+02    0.16486E+01
   0.25978E+02    0.69742E+01    0.18909E+02    0.17104E+01
   0.25978E+02    0.69742E+01    0.18909E+02    0.17104E+01
   0.26072E+02    0.67755E+01    0.18632E+02    0.16510E+01
   0.26072E+02    0.67755E+01    0.18632E+02    0.16510E+01
   0.26015E+02    0.71128E+01    0.18714E+02    0.16683E+01
   0.26015E+02    0.71128E+01    0.18714E+02    0.16683E+01
   0.25931E+02    0.69197E+01    0.18791E+02    0.16968E+01
   0.25931E+02    0.69197E+01    0.18791E+02    0.16968E+01
   0.26036E+02    0.68656E+01    0.18914E+02    0.16842E+01
   0.26036E+02    0.68656E+01    0.18914E+02    0.16842E+01
   0.26304E+02    0.67219E+01    0.18551E+02    0.16987E+01
   0.26304E+02    0.67219E+01    0.18551E+02    0.16987E+01
   0.26477E+02    0.68067E+01    0.18880E+02    0.16717E+01
   0.26477E+02    0.68067E+01    0.18880E+02    0.16717E+01
   0.26350E+02    0.70259E+01    0.18727E+02    0.16446E+01
   0.26350E+02    0.70259E+01    0.18727E+02    0.16446E+01
   0.26473E+02    0.67552E+01    0.18803E+02    0.16579E+01
   0.26473E+02    0.67552E+01    0.18803E+02    0.16579E+01
   0.26822E+02    0.70167E+01    0.18092E+02    0.16383E+01
   0.26822E+02    0.70167E+01    0.18092E+02    0.16383E+01
   0.26936E+02    0.68022E+01    0.18755E+02    0.16536E+01
   0.26936E+02    0.68022E+01    0.18755E+02    0.16536E+01
   0.26707E+02    0.69163E+01    0.18429E+02    0.16324E+01
   0.26707E+02    0.69163E+01    0.18429E+02    0.16324E+01
   0.26548E+02    0.66505E+01    0.18152E+02    0.16669E+01
   0.26548E+02    0.66505E+01    0.18152E+02    0.16669E+01
   0.26736E+02    0.68608E+01    0.18502E+02    0.16591E+01
   0.26736E+02    0.68608E+01    0.18502E+02    0.16591E+01
   0.26640E+02    0.67605E+01    0.18457E+02    0.16434E+01
   0.26640E+02    0.67605E+01    0.18457E+02    0.16434E+01
   0.27173E+02    0.69054E+01    0.18233E+02    0.16461E+01
   0.27173E+02    0.69054E+01    0.18233E+02    0.16461E+01
   0.26792E+02    0.67331E+01    0.18492E+02    0.15844E+01
   0.26792E+02    0.67331E+01    0.18492E+02    0.15844E+01
   0.26449E+02    0.71614E+01    0.18128E+02    0.16377E+01
   0.26449E+02    0.71614E+01    0.18128E+02    0.16377E+01
   0.27047E+02    0.68780E+01    0.18439E+02    0.16209E+01
   0.27047E+02    0.68780E+01    0.18439E+02    0.16209E+01
   0.26931E+02    0.68960E+01    0.18542E+02    0.16341E+01
   0.26931E+02    0.68960E+01    0.18542E+02    0.16341E+01
   0.27006E+02    0.67165E+01    0.18709E+02    0.16614E+01
   0.27006E+02    0.67165E+01    0.18709E+02    0.16614E+01
   0.26633E+02    0.70853E+01    0.18892E+02    0.16662E+01
   0.26633E+02    0.70853E+01    0.18892E+02    0.16662E+01
   0.26726E+02    0.67219E+01    0.18548E+02    0.16251E+01
   0.26726E+02    0.67219E+01    0.18548E+02    0.16251E+01
   0.26630E+02    0.68125E+01    0.18392E+02    0.16424E+01
   0.26630E+02    0.68125E+01    0.18392E+02    0.16424E+01
   0.27042E+02    0.68538E+01    0.18991E+02    0.16866E+01
   0.27042E+02    0.68538E+01    0.18991E+02    0.16866E+01
   0.26688E+02    0.68581E+01    0.19069E+02    0.16686E+01
   0.26688E+02    0.68581E+01    0.19069E+02    0.16686E+01
   0.26497E+02    0.69785E+01    0.18678E+02    0.16566E+01
   0.26497E+02    0.69785E+01    0.18678E+02    0.16566E+01
   0.26137E+02    0.70019E+01    0.18895E+02    0.16521E+01
   0.26137E+02    0.70019E+01    0.18895E+02    0.16521E+01
   0.26285E+02    0.68183E+01    0.19176E+02    0.16435E+01
   0.26285E+02    0.68183E+01    0.19176E+02    0.16435E+01
   0.26396E+02    0.70747E+01    0.19245E+02    0.16139E+01
   0.26396E+02    0.70747E+01    0.19245E+02    0.16139E+01
   0.26490E+02    0.68206E+01    0.18710E+02    0.16687E+01
   0.26490E+02    0.68206E+01    0.18710E+02    0.16687E+01
   0.26388E+02    0.70881E+01    0.18806E+02    0.16821E+01
   0.26388E+02    0.70881E+01    0.18806E+02    0.16821E+01
   0.26183E+02    0.67368E+01    0.19568E+02    0.16503E+01
   0.26183E+02    0.67368E+01    0.19568E+02    0.16503E+01
   0.26140E+02    0.68751E+01    0.19126E+02    0.16404E+01
   0.26140E+02    0.68751E+01    0.19126E+02    0.16404E+01
   0.26100E+02    0.68640E+01    0.19392E+02    0.16902E+01
   0.26100E+02    0.68640E+01    0.19392E+02    0.16902E+01
   0.26117E+02    0.70315E+01    0.18676E+02    0.16309E+01
   0.26117E+02    0.70315E+01    0.18676E+02    0.16309E+01
   0.26241E+02    0.68869E+01    0.18676E+02    0.16892E+01
   0.26241E+02    0.68869E+01    0.18676E+02    0.16892E+01
   0.26521E+02    0.67376E+01    0.18816E+02    0.16608E+01
   0.26521E+02    0.67376E+01    0.18816E+02    0.16608E+01
   0.26034E+02    0.68378E+01    0.19048E+02    0.16567E+01
   0.26034E+02    0.68378E+01    0.19048E+02    0.16567E+01
   0.26041E+02    0.69769E+01    0.19100E+02    0.16794E+01
   0.26041E+02    0.69769E+01    0.19100E+02    0.16794E+01
   0.26522E+02    0.69002E+01    0.18703E+02    0.16607E+01
   0.26522E+02    0.69002E+01    0.18703E+02    0.16607E+01
   0.25697E+02    0.69593E+01    0.19078E+02    0.16588E+01
   0.25697E+02    0.69593E+01    0.19078E+02    0.16588E+01
   0.25828E+02    0.68360E+01    0.19048E+02    0.16287E+01
   0.25828E+02    0.68360E+01    0.19048E+02    0.16287E+01
   0.26025E+02    0.67741E+01    0.18905E+02    0.16749E+01
   0.26025E+02    0.67741E+01    0.18905E+02    0.16749E+01
   0.26200E+02    0.67657E+01    0.18468E+02    0.16404E+01
   0.26200E+02    0.67657E+01    0.18468E+02    0.16404E+01
   0.26425E+02    0.68030E+01    0.18336E+02    0.16218E+01
   0.26425E+02    0.68030E+01    0.18336E+02    0.16218E+01
   0.25988E+02    0.70324E+01    0.19030E+02    0.16730E+01
   0.25988E+02    0.70324E+01    0.19030E+02    0.16730E+01
   0.25580E+02    0.68901E+01    0.18998E+02    0.16696E+01
   0.25580E+02    0.68901E+01    0.18998E+02    0.16696E+01
   0.25872E+02    0.68228E+01    0.18722E+02    0.16388E+01
   0.25872E+02    0.68228E+01    0.18722E+02    0.16388E+01
   0.26022E+02    0.68864E+01    0.19348E+02    0.16697E+01
   0.26022E+02    0.68864E+01    0.19348E+02    0.16697E+01
   0.26549E+02    0.68856E+01    0.18484E+02    0.17208E+01
   0.26549E+02    0.68856E+01    0.18484E+02    0.17208E+01
   0.26126E+02    0.68084E+01    0.19059E+02    0.16572E+01
   0.26126E+02    0.68084E+01    0.19059E+02    0.16572E+01
   0.26516E+02    0.69213E+01    0.19075E+02    0.16638E+01
   0.26516E+02    0.69213E+01    0.19075E+02    0.16638E+01
   0.26315E+02    0.67484E+01    0.18978E+02    0.16642E+01
   0.26315E+02    0.67484E+01    0.18978E+02    0.16642E+01
   0.26527E+02    0.67880E+01    0.18904E+02    0.16341E+01
   0.26527E+02    0.67880E+01    0.18904E+02    0.16341E+01
   0.26399E+02    0.69995E+01    0.18908E+02    0.16448E+01
   0.26399E+02    0.69995E+01    0.18908E+02    0.16448E+01
   0.26519E+02    0.69516E+01    0.18536E+02    0.16657E+01
   0.26519E+02    0.69516E+01    0.18536E+02    0.16657E+01
   0.25793E+02    0.67618E+01    0.18229E+02    0.16566E+01
   0.25793E+02    0.67618E+01    0.18229E+02    0.16566E+01
   0.26409E+02    0.69399E+01    0.18747E+02    0.16647E+01
   0.26409E+02    0.69399E+01    0.18747E+02    0.16647E+01
   0.26555E+02    0.68924E+01    0.18394E+02    0.16482E+01
   0.26555E+02    0.68924E+01    0.18394E+02    0.16482E+01
   0.25922E+02    0.68362E+01    0.18504E+02    0.16470E+01
   0.25922E+02    0.68362E+01    0.18504E+02    0.16470E+01
   0.26170E+02    0.68802E+01    0.18296E+02    0.16739E+01
   0.26170E+02    0.68802E+01    0.18296E+02    0.16739E+01
   0.26191E+02    0.69234E+01    0.18720E+02    0.16679E+01
   0.26191E+02    0.69234E+01    0.18720E+02    0.16679E+01
   0.26222E+02    0.67333E+01    0.18387E+02    0.16323E+01
   0.26222E+02    0.67333E+01    0.18387E+02    0.16323E+01
   0.26387E+02    0.68814E+01    0.18711E+02    0.15552E+01
   0.26387E+02    0.68814E+01    0.18711E+02    0.15552E+01
   0.26161E+02    0.71018E+01    0.18804E+02    0.16924E+01
   0.26161E+02    0.71018E+01    0.18804E+02    0.16924E+01
   0.26201E+02    0.67323E+01    0.18727E+02    0.16439E+01
   0.26201E+02    0.67323E+01    0.18727E+02    0.16439E+01
   0.26141E+02    0.69430E+01    0.18585E+02    0.16484E+01
   0.26141E+02    0.69430E+01    0.18585E+02    0.16484E+01
   0.26328E+02    0.69297E+01    0.18900E+02    0.16235E+01
   0.26328E+02    0.69297E+01    0.18900E+02    0.16235E+01
   0.26553E+02    0.69910E+01    0.18443E+02    0.16481E+01
   0.26553E+02    0.69910E+01    0.18443E+02    0.16481E+01
   0.26527E+02    0.70829E+01    0.18491E+02    0.16785E+01
   0.26527E+02    0.70829E+01    0.18491E+02    0.16785E+01
   0.26465E+02    0.69688E+01    0.19055E+02    0.16630E+01
   0.26465E+02    0.69688E+01    0.19055E+02    0.16630E+01
   0.26090E+02    0.67798E+01    0.18738E+02    0.16782E+01
   0.26090E+02    0.67798E+01    0.18738E+02    0.16782E+01
   0.26620E+02    0.68631E+01    0.18784E+02    0.16404E+01
   0.26620E+02    0.68631E+01    0.18784E+02    0.16404E+01
   0.26463E+02    0.68662E+01    0.18635E+02    0.16861E+01
   0.26463E+02    0.68662E+01    0.18635E+02    0.16861E+01
   0.26251E+02    0.69097E+01    0.18731E+02    0.16536E+01
   0.26251E+02    0.69097E+01    0.18731E+02    0.16536E+01
   0.26326E+02    0.68976E+01    0.18763E+02    0.16331E+01
   0.26326E+02    0.68976E+01    0.18763E+02    0.16331E+01
   0.26794E+02    0.68629E+01    0.18677E+02    0.16379E+01
   0.26794E+02    0.68629E+01    0.18677E+02    0.16379E+01
   0.26220E+02    0.67545E+01    0.18716E+02    0.16977E+01
   0.26220E+02    0.67545E+01    0.18716E+02    0.16977E+01
   0.26203E+02    0.68650E+01    0.18562E+02    0.16489E+01
   0.26203E+02    0.68650E+01    0.18562E+02    0.16489E+01
   0.26645E+02    0.68862E+01    0.18867E+02    0.16547E+01
   0.26645E+02    0.68862E+01    0.18867E+02    0.16547E+01
   0.25983E+02    0.69685E+01    0.18419E+02    0.16543E+01
   0.25983E+02    0.69685E+01    0.18419E+02    0.16543E+01
   0.26473E+02    0.69060E+01    0.19040E+02    0.16174E+01
   0.26473E+02    0.69060E+01    0.19040E+02    0.16174E+01
   0.26658E+02    0.70358E+01    0.19334E+02    0.16823E+01
   0.26658E+02    0.70358E+01    0.19334E+02    0.16823E+01
   0.26254E+02    0.68018E+01    0.18905E+02    0.16808E+01
   0.26254E+02    0.68018E+01    0.18905E+02    0.16808E+01
   0.26142E+02    0.69499E+01    0.19330E+02    0.16405E+01
   0.26142E+02    0.69499E+01    0.19330E+02    0.16405E+01
   0.26126E+02    0.69073E+01    0.18811E+02    0.16639E+01
   0.26126E+02    0.69073E+01    0.18811E+02    0.16639E+01
   0.26439E+02    0.69266E+01    0.19049E+02    0.16355E+01
   0.26439E+02    0.69266E+01    0.19049E+02    0.16355E+01
   0.26321E+02    0.70253E+01    0.18337E+02    0.16325E+01
   0.26321E+02    0.70253E+01    0.18337E+02    0.16325E+01
   0.26295E+02    0.69918E+01    0.19016E+02    0.16332E+01
   0.26295E+02    0.69918E+01    0.19016E+02    0.16332E+01
   0.26478E+02    0.69920E+01    0.19125E+02    0.16390E+01
   0.26478E+02    0.69920E+01    0.19125E+02    0.16390E+01
   0.26559E+02    0.69210E+01    0.18729E+02    0.16756E+01
   0.26559E+02    0.69210E+01    0.18729E+02    0.16756E+01
   0.26356E+02    0.70392E+01    0.18347E+02    0.16178E+01
   0.26356E+02    0.70392E+01    0.18347E+02    0.16178E+01
   0.26204E+02    0.67907E+01    0.19055E+02    0.16476E+01
   0.26204E+02    0.67907E+01    0.19055E+02    0.16476E+01
   0.26424E+02    0.68222E+01    0.19292E+02    0.16698E+01
   0.26424E+02    0.68222E+01    0.19292E+02    0.16698E+01
   0.26211E+02    0.67466E+01    0.18842E+02    0.16583E+01
   0.26211E+02    0.67466E+01    0.18842E+02    0.16583E+01
   0.26921E+02    0.68626E+01    0.18804E+02    0.16496E+01
   0.26921E+02    0.68626E+01    0.18804E+02    0.16496E+01
   0.26552E+02    0.68277E+01    0.18909E+02    0.16395E+01
   0.26552E+02    0.68277E+01    0.18909E+02    0.16395E+01
   0.26347E+02    0.70634E+01    0.18032E+02    0.16643E+01
   0.26347E+02    0.70634E+01    0.18032E+02    0.16643E+01
   0.27057E+02    0.68456E+01    0.18492E+02    0.16929E+01
   0.27057E+02    0.68456E+01    0.18492E+02    0.16929E+01
   0.26955E+02    0.67385E+01    0.18315E+02    0.16237E+01
   0.26955E+02    0.67385E+01    0.18315E+02    0.16237E+01
   0.26635E+02    0.68722E+01    0.18323E+02    0.16246E+01
   0.26635E+02    0.68722E+01    0.18323E+02    0.16246E+01
   0.26878E+02    0.67182E+01    0.18332E+02    0.16537E+01
   0.26878E+02    0.67182E+01    0.18332E+02    0.16537E+01
   0.27438E+02    0.68094E+01    0.18915E+02    0.16693E+01
   0.27438E+02    0.68094E+01    0.18915E+02    0.16693E+01
   0.26787E+02    0.67826E+01    0.18315E+02    0.16445E+01
   0.26787E+02    0.67826E+01    0.18315E+02    0.16445E+01
   0.26515E+02    0.68559E+01    0.19231E+02    0.16209E+01
   0.26515E+02    0.68559E+01    0.19231E+02    0.16209E+01
   0.26556E+02    0.68930E+01    0.18567E+02    0.16379E+01
   0.26556E+02    0.68930E+01    0.18567E+02    0.16379E+01
   0.26716E+02    0.68436E+01    0.18772E+02    0.16710E+01
   0.26716E+02    0.68436E+01    0.18772E+02    0.16710E+01
   0.26536E+02    0.70322E+01    0.18835E+02    0.16426E+01
   0.26536E+02    0.70322E+01    0.18835E+02    0.16426E+01
   0.26820E+02    0.68978E+01    0.18140E+02    0.16618E+01
   0.26820E+02    0.68978E+01    0.18140E+02    0.16618E+01
   0.26597E+02    0.69701E+01    0.18692E+02    0.16475E+01
   0.26597E+02    0.69701E+01    0.18692E+02    0.16475E+01
   0.27071E+02    0.68502E+01    0.18357E+02    0.16906E+01
   0.27071E+02    0.68502E+01    0.18357E+02    0.16906E+01
   0.26737E+02    0.69917E+01    0.18612E+02    0.16723E+01
   0.26737E+02    0.69917E+01    0.18612E+02    0.16723E+01
   0.26732E+02    0.69531E+01    0.18036E+02    0.16119E+01
   0.26732E+02    0.69531E+01    0.18036E+02    0.16119E+01
   0.26860E+02    0.69075E+01    0.18889E+02    0.16339E+01
   0.26860E+02    0.69075E+01    0.18889E+02    0.16339E+01
   0.26608E+02    0.67992E+01    0.18808E+02    0.16806E+01
   0.26608E+02    0.67992E+01    0.18808E+02    0.16806E+01
   0.26581E+02    0.70949E+01    0.18703E+02    0.16904E+01
   0.26581E+02    0.70949E+01    0.18703E+02    0.16904E+01
   0.26790E+02    0.69103E+01    0.18269E+02    0.16851E+01
   0.26790E+02    0.69103E+01    0.18269E+02    0.16851E+01
   0.26850E+02    0.70644E+01    0.18473E+02    0.16621E+01
   0.26850E+02    0.70644E+01    0.18473E+02    0.16621E+01
   0.27107E+02    0.68321E+01    0.18827E+02    0.16256E+01
   0.27107E+02    0.68321E+01    0.18827E+02    0.16256E+01
   0.26479E+02    0.66589E+01    0.18575E+02    0.16503E+01
   0.26479E+02    0.66589E+01    0.18575E+02    0.16503E+01
   0.27051E+02    0.66848E+01    0.18860E+02    0.17035E+01
   0.27051E+02    0.66848E+01    0.18860E+02    0.17035E+01
   0.26461E+02    0.68030E+01    0.18998E+02    0.16333E+01
   0.26461E+02    0.68030E+01    0.18998E+02    0.16333E+01
   0.26571E+02    0.69993E+01    0.18646E+02    0.16521E+01
   0.26571E+02    0.69993E+01    0.18646E+02    0.16521E+01
   0.27243E+02    0.67843E+01    0.19139E+02    0.17033E+01
   0.27243E+02    0.67843E+01    0.19139E+02    0.17033E+01
   0.26591E+02    0.70516E+01    0.18857E+02    0.16795E+01
   0.26591E+02    0.70516E+01    0.18857E+02    0.16795E+01
   0.26726E+02    0.70266E+01    0.18507E+02    0.16607E+01
   0.26726E+02    0.70266E+01    0.18507E+02    0.16607E+01
   0.26875E+02    0.70002E+01    0.19109E+02    0.16546E+01
   0.26875E+02    0.70002E+01    0.19109E+02    0.16546E+01
   0.26745E+02    0.69891E+01    0.19328E+02    0.16847E+01
   0.26745E+02    0.69891E+01    0.19328E+02    0.16847E+01
   0.26273E+02    0.68252E+01    0.18981E+02    0.16350E+01
   0.26273E+02    0.68252E+01    0.18981E+02    0.16350E+01
   0.26395E+02    0.66969E+01    0.19060E+02    0.16506E+01
   0.26395E+02    0.66969E+01    0.19060E+02    0.16506E+01
   0.26679E+02    0.67625E+01    0.18898E+02    0.16237E+01
   0.26679E+02    0.67625E+01    0.18898E+02    0.16237E+01
   0.26329E+02    0.70236E+01    0.18724E+02    0.16902E+01
   0.26329E+02    0.70236E+01    0.18724E+02    0.16902E+01
   0.26741E+02    0.71226E+01    0.19049E+02    0.16787E+01
   0.26741E+02    0.71226E+01    0.19049E+02    0.16787E+01
   0.26370E+02    0.68345E+01    0.19211E+02    0.16679E+01
   0.26370E+02    0.68345E+01    0.19211E+02    0.16679E+01
   0.25748E+02    0.68319E+01    0.18770E+02    0.16819E+01
   0.25748E+02    0.68319E+01    0.18770E+02    0.16819E+01
   0.26319E+02    0.68896E+01    0.18800E+02    0.16621E+01
   0.26319E+02    0.68896E+01    0.18800E+02    0.16621E+01
   0.26821E+02    0.67638E+01    0.18931E+02    0.16642E+01
   0.26821E+02    0.67638E+01    0.18931E+02    0.16642E+01
   0.26094E+02    0.67466E+01    0.18935E+02    0.16677E+01
   0.26094E+02    0.67466E+01    0.18935E+02    0.16677E+01
   0.26076E+02    0.67941E+01    0.18552E+02    0.16485E+01
   0.26076E+02    0.67941E+01    0.18552E+02    0.16485E+01
   0.26831E+02    0.68559E+01    0.18882E+02    0.16205E+01
   0.26831E+02    0.68559E+01    0.18882E+02    0.16205E+01
   0.26397E+02    0.69439E+01    0.18921E+02    0.16598E+01
   0.26397E+02    0.69439E+01    0.18921E+02    0.16598E+01
   0.26059E+02    0.69285E+01    0.18718E+02    0.16427E+01
   0.26059E+02    0.69285E+01    0.18718E+02    0.16427E+01
   0.26698E+02    0.69806E+01    0.18768E+02    0.16919E+01
   0.26698E+02    0.69806E+01    0.18768E+02    0.16919E+01
   0.26613E+02    0.68801E+01    0.18668E+02    0.16617E+01
   0.26613E+02    0.68801E+01    0.18668E+02    0.16617E+01
   0.26293E+02    0.68534E+01    0.18587E+02    0.16697E+01
   0.26293E+02    0.68534E+01    0.18587E+02    0.16697E+01
   0.26339E+02    0.68428E+01    0.18450E+02    0.16469E+01
   0.26339E+02    0.68428E+01    0.18450E+02    0.16469E+01
   0.26681E+02    0.66831E+01    0.18533E+02    0.16476E+01
   0.26681E+02    0.66831E+01    0.18533E+02    0.16476E+01
   0.26046E+02    0.67084E+01    0.18521E+02    0.16527E+01
   0.26046E+02    0.67084E+01    0.18521E+02    0.16527E+01
   0.26476E+02    0.66361E+01    0.18542E+02    0.16940E+01
   0.26476E+02    0.66361E+01    0.18542E+02    0.16940E+01
   0.25812E+02    0.68046E+01    0.18433E+02    0.16556E+01
   0.25812E+02    0.68046E+01    0.18433E+02    0.16556E+01
   0.26462E+02    0.68976E+01    0.18351E+02    0.16700E+01
   0.26462E+02    0.68976E+01    0.18351E+02    0.16700E+01
   0.26071E+02    0.70635E+01    0.18929E+02    0.16956E+01
   0.26071E+02    0.70635E+01    0.18929E+02    0.16956E+01
   0.26914E+02    0.69856E+01    0.18826E+02    0.16889E+01
   0.26914E+02    0.69856E+01    0.18826E+02    0.16889E+01
   0.26013E+02    0.68406E+01    0.18787E+02    0.16738E+01
   0.26013E+02    0.68406E+01    0.18787E+02    0.16738E+01
   0.26349E+02    0.68945E+01    0.18749E+02    0.16475E+01
   0.26349E+02    0.68945E+01    0.18749E+02    0.16475E+01
   0.26105E+02    0.69946E+01    0.19042E+02    0.16719E+01
   0.26105E+02    0.69946E+01    0.19042E+02    0.16719E+01
   0.26436E+02    0.70262E+01    0.19052E+02    0.16621E+01
   0.26436E+02    0.70262E+01    0.19052E+02    0.16621E+01
   0.25908E+02    0.68100E+01    0.18722E+02    0.16623E+01
   0.25908E+02    0.68100E+01    0.18722E+02    0.16623E+01
   0.26195E+02    0.69171E+01    0.19112E+02    0.17002E+01
   0.26195E+02    0.69171E+01    0.19112E+02    0.17002E+01
   0.26029E+02    0.69160E+01    0.18528E+02    0.16480E+01
   0.26029E+02    0.69160E+01    0.18528E+02    0.16480E+01
   0.25990E+02    0.68667E+01    0.18990E+02    0.16724E+01
   0.25990E+02    0.68667E+01    0.18990E+02    0.16724E+01
   0.26020E+02    0.68921E+01    0.19090E+02    0.16792E+01
   0.26020E+02    0.68921E+01    0.19090E+02    0.16792E+01
   0.25846E+02    0.68239E+01    0.19334E+02    0.17183E+01
   0.25846E+02    0.68239E+01    0.19334E+02    0.17183E+01
   0.26183E+02    0.67284E+01    0.19007E+02    0.16577E+01
   0.26183E+02    0.67284E+01    0.19007E+02    0.16577E+01
   0.25705E+02    0.69468E+01    0.18959E+02    0.16603E+01
   0.25705E+02    0.69468E+01    0.18959E+02    0.16603E+01
   0.25822E+02    0.70308E+01    0.19087E+02    0.16373E+01
   0.25822E+02    0.70308E+01    0.19087E+02    0.16373E+01
   0.25536E+02    0.69860E+01    0.19060E+02    0.16962E+01
   0.25536E+02    0.69860E+01    0.19060E+02    0.16962E+01
   0.25933E+02    0.67524E+01    0.19356E+02    0.16538E+01
   0.25933E+02    0.67524E+01    0.19356E+02    0.16538E+01
   0.26153E+02    0.69127E+01    0.19025E+02    0.16677E+01
   0.26153E+02    0.69127E+01    0.19025E+02    0.16677E+01
   0.26616E+02    0.66504E+01    0.18772E+02    0.16437E+01
   0.26616E+02    0.66504E+01    0.18772E+02    0.16437E+01
   0.25795E+02    0.68317E+01    0.19169E+02    0.16252E+01
   0.25795E+02    0.68317E+01    0.19169E+02    0.16252E+01
   0.26383E+02    0.68917E+01    0.18858E+02    0.16891E+01
   0.26383E+02    0.68917E+01    0.18858E+02    0.16891E+01
   0.26263E+02    0.71526E+01    0.18954E+02    0.17067E+01
   0.26263E+02    0.71526E+01    0.18954E+02    0.17067E+01
   0.25994E+02    0.69641E+01    0.18772E+02    0.16693E+01
   0.25994E+02    0.69641E+01    0.18772E+02    0.16693E+01
   0.25792E+02    0.69226E+01    0.18723E+02    0.16725E+01
   0.25792E+02    0.69226E+01    0.18723E+02    0.16725E+01
   0.26280E+02    0.66999E+01    0.18926E+02    0.16681E+01
   0.26280E+02    0.66999E+01    0.18926E+02    0.16681E+01
   0.26292E+02    0.67580E+01    0.18777E+02    0.16715E+01
   0.26292E+02    0.67580E+01    0.18777E+02    0.16715E+01
   0.26074E+02    0.67808E+01    0.18547E+02    0.17208E+01
   0.26074E+02    0.67808E+01    0.18547E+02    0.17208E+01
   0.26445E+02    0.68897E+01    0.18163E+02    0.16545E+01
   0.26445E+02    0.68897E+01    0.18163E+02    0.16545E+01
   0.26227E+02    0.69070E+01    0.18568E+02    0.17216E+01
   0.26227E+02    0.69070E+01    0.18568E+02    0.17216E+01
   0.26389E+02    0.70105E+01    0.18649E+02    0.16524E+01
   0.26389E+02    0.70105E+01    0.18649E+02    0.16524E+01
   0.26147E+02    0.68652E+01    0.19110E+02    0.15689E+01
   0.26147E+02    0.68652E+01    0.19110E+02    0.15689E+01
   0.26754E+02    0.66572E+01    0.18409E+02    0.16689E+01
   0.26754E+02    0.66572E+01    0.18409E+02    0.16689E+01
   0.26447E+02    0.68640E+01    0.18603E+02    0.16222E+01
   0.26447E+02    0.68640E+01    0.18603E+02    0.16222E+01
   0.26400E+02    0.69211E+01    0.18656E+02    0.16371E+01
   0.26400E+02    0.69211E+01    0.18656E+02    0.16371E+01
   0.26830E+02    0.69184E+01    0.18121E+02    0.16549E+01
   0.26830E+02    0.69184E+01    0.18121E+02    0.16549E+01
   0.26601E+02    0.70360E+01    0.18206E+02    0.16349E+01
   0.26601E+02    0.70360E+01    0.18206E+02    0.16349E+01
   0.26888E+02    0.67482E+01    0.18674E+02    0.16025E+01
   0.26888E+02    0.67482E+01    0.18674E+02    0.16025E+01
   0.26764E+02    0.70209E+01    0.18718E+02    0.16665E+01
   0.26764E+02    0.70209E+01    0.18718E+02    0.16665E+01
   0.26695E+02    0.69850E+01    0.18625E+02    0.16366E+01
   0.26695E+02    0.69850E+01    0.18625E+02    0.16366E+01
   0.26577E+02    0.69793E+01    0.18878E+02    0.16602E+01
   0.26577E+02    0.69793E+01    0.18878E+02    0.16602E+01
   0.26242E+02    0.67182E+01    0.18643E+02    0.16448E+01
   0.26242E+02    0.67182E+01    0.18643E+02    0.16448E+01
   0.26713E+02    0.67476E+01    0.18713E+02    0.16434E+01
   0.26713E+02    0.67476E+01    0.18713E+02    0.16434E+01
   0.26727E+02    0.69283E+01    0.18585E+02    0.16662E+01
   0.26727E+02    0.69283E+01    0.18585E+02    0.16662E+01
   0.26218E+02    0.69297E+01    0.18817E+02    0.17087E+01
   0.26218E+02    0.69297E+01    0.18817E+02    0.17087E+01
   0.26245E+02    0.68144E+01    0.18429E+02    0.16675E+01
   0.26245E+02    0.68144E+01    0.18429E+02    0.16675E+01
   0.26623E+02    0.69576E+01    0.18640E+02    0.16661E+01
   0.26623E+02    0.69576E+01    0.18640E+02    0.16661E+01
   0.26670E+02    0.70209E+01    0.18902E+02    0.16780E+01
   0.26670E+02    0.70209E+01    0.18902E+02    0.16780E+01
   0.26506E+02    0.70609E+01    0.18880E+02    0.16304E+01
   0.26506E+02    0.70609E+01    0.18880E+02    0.16304E+01
   0.26666E+02    0.69169E+01    0.18761E+02    0.16684E+01
   0.26666E+02    0.69169E+01    0.18761E+02    0.16684E+01
   0.26883E+02    0.68269E+01    0.18623E+02    0.16506E+01
   0.26883E+02    0.68269E+01    0.18623E+02    0.16506E+01
   0.26736E+02    0.67841E+01    0.19138E+02    0.16531E+01
   0.26736E+02    0.67841E+01    0.19138E+02    0.16531E+01
   0.26835E+02    0.68372E+01    0.18771E+02    0.16480E+01
   0.26835E+02    0.68372E+01    0.18771E+02    0.16480E+01
   0.26302E+02    0.69573E+01    0.18666E+02    0.16625E+01
   0.26302E+02    0.69573E+01    0.18666E+02    0.16625E+01
   0.26670E+02    0.69497E+01    0.18861E+02    0.16253E+01
   0.26670E+02    0.69497E+01    0.18861E+02    0.16253E+01
   0.26660E+02    0.69094E+01    0.18980E+02    0.16554E+01
   0.26660E+02    0.69094E+01    0.18980E+02    0.16554E+01
   0.26665E+02    0.70165E+01    0.18657E+02    0.16377E+01
   0.26665E+02    0.70165E+01    0.18657E+02    0.16377E+01
   0.26283E+02    0.68068E+01    0.18333E+02    0.16265E+01
   0.26283E+02    0.68068E+01    0.18333E+02    0.16265E+01
   0.26783E+02    0.69492E+01    0.19253E+02    0.16437E+01
   0.26783E+02    0.69492E+01    0.19253E+02    0.16437E+01
   0.26570E+02    0.68341E+01    0.18775E+02    0.16391E+01
   0.26570E+02    0.68341E+01    0.18775E+02    0.16391E+01
   0.26348E+02    0.68601E+01    0.18436E+02    0.16666E+01
   0.26348E+02    0.68601E+01    0.18436E+02    0.16666E+01
   0.26377E+02    0.69324E+01    0.18582E+02    0.16527E+01
   0.26377E+02    0.69324E+01    0.18582E+02    0.16527E+01
   0.26368E+02    0.67889E+01    0.18425E+02    0.16979E+01
   0.26368E+02    0.67889E+01    0.18425E+02    0.16979E+01
   0.26360E+02    0.66808E+01    0.18566E+02    0.16175E+01
   0.26360E+02    0.66808E+01    0.18566E+02    0.16175E+01
   0.26613E+02    0.68108E+01    0.18630E+02    0.16456E+01
   0.26613E+02    0.68108E+01    0.18630E+02    0.16456E+01
   0.26719E+02    0.68882E+01    0.19267E+02    0.16405E+01
   0.26719E+02    0.68882E+01    0.19267E+02    0.16405E+01
   0.26875E+02    0.69402E+01    0.18801E+02    0.16790E+01
   0.26875E+02    0.69402E+01    0.18801E+02    0.16790E+01
   0.26784E+02    0.67737E+01    0.18927E+02    0.16696E+01
   0.26784E+02    0.67737E+01    0.18927E+02    0.16696E+01
   0.25645E+02    0.69292E+01    0.19204E+02    0.16714E+01
   0.25645E+02    0.69292E+01    0.19204E+02    0.16714E+01
   0.26781E+02    0.68337E+01    0.19200E+02    0.16363E+01
   0.26781E+02    0.68337E+01    0.19200E+02    0.16363E+01
   0.26176E+02    0.69192E+01    0.18924E+02    0.16385E+01
   0.26176E+02    0.69192E+01    0.18924E+02    0.16385E+01
   0.26202E+02    0.70294E+01    0.18884E+02    0.16461E+01
   0.26202E+02    0.70294E+01    0.18884E+02    0.16461E+01
   0.26429E+02    0.69947E+01    0.19029E+02    0.16540E+01
   0.26429E+02    0.69947E+01    0.19029E+02    0.16540E+01
   0.26149E+02    0.69693E+01    0.19063E+02    0.16279E+01
   0.26149E+02    0.69693E+01    0.19063E+02    0.16279E+01
   0.26556E+02    0.69825E+01    0.18709E+02    0.16106E+01
   0.26556E+02    0.69825E+01    0.18709E+02    0.16106E+01
   0.26176E+02    0.69080E+01    0.19094E+02    0.16332E+01
   0.26176E+02    0.69080E+01    0.19094E+02    0.16332E+01
   0.26606E+02    0.68370E+01    0.19026E+02    0.16651E+01
   0.26606E+02    0.68370E+01    0.19026E+02    0.16651E+01
   0.26324E+02    0.67610E+01    0.18927E+02    0.16100E+01
   0.26324E+02    0.67610E+01    0.18927E+02    0.16100E+01
   0.26303E+02    0.67768E+01    0.18644E+02    0.16532E+01
   0.26303E+02    0.67768E+01    0.18644E+02    0.16532E+01
   0.25979E+02    0.69704E+01    0.18115E+02    0.16239E+01
   0.25979E+02    0.69704E+01    0.18115E+02    0.16239E+01
   0.26841E+02    0.67440E+01    0.18496E+02    0.16832E+01
   0.26841E+02    0.67440E+01    0.18496E+02    0.16832E+01
   0.26433E+02    0.67421E+01    0.18694E+02    0.16566E+01
   0.26433E+02    0.67421E+01    0.18694E+02    0.16566E+01
   0.26408E+02    0.67779E+01    0.18573E+02    0.16066E+01
   0.26408E+02    0.67779E+01    0.18573E+02    0.16066E+01
   0.25945E+02    0.69241E+01    0.19252E+02    0.16645E+01
   0.25945E+02    0.69241E+01    0.19252E+02    0.16645E+01
   0.26367E+02    0.67526E+01    0.18529E+02    0.16712E+01
   0.26367E+02    0.67526E+01    0.18529E+02    0.16712E+01
   0.26392E+02    0.70913E+01    0.18317E+02    0.17078E+01
   0.26392E+02    0.70913E+01    0.18317E+02    0.17078E+01
   0.26552E+02    0.70501E+01    0.18969E+02    0.16577E+01
   0.26552E+02    0.70501E+01    0.18969E+02    0.16577E+01
   0.26519E+02    0.68940E+01    0.18788E+02    0.16494E+01
   0.26519E+02    0.68940E+01    0.18788E+02    0.16494E+01
   0.26054E+02    0.70436E+01    0.18827E+02    0.16622E+01
   0.26054E+02    0.70436E+01    0.18827E+02    0.16622E+01
   0.26256E+02    0.70494E+01    0.19051E+02    0.16534E+01
   0.26256E+02    0.70494E+01    0.19051E+02    0.16534E+01
   0.26040E+02    0.70003E+01    0.18741E+02    0.16667E+01
   0.26040E+02    0.70003E+01    0.18741E+02    0.16667E+01
   0.26520E+02    0.68094E+01    0.18775E+02    0.16717E+01
   0.26520E+02    0.68094E+01    0.18775E+02    0.16717E+01
   0.25850E+02    0.68154E+01    0.18502E+02    0.16768E+01
   0.25850E+02    0.68154E+01    0.18502E+02    0.16768E+01
   0.26508E+02    0.69279E+01    0.19105E+02    0.16943E+01
   0.26508E+02    0.69279E+01    0.19105E+02    0.16943E+01
   0.26242E+02    0.67508E+01    0.18818E+02    0.16285E+01
   0.26242E+02    0.67508E+01    0.18818E+02    0.16285E+01
   0.26382E+02    0.68032E+01    0.18777E+02    0.16462E+01
   0.26382E+02    0.68032E+01    0.18777E+02    0.16462E+01
   0.26752E+02    0.68341E+01    0.18392E+02    0.16494E+01
   0.26752E+02    0.68341E+01    0.18392E+02    0.16494E+01
   0.26327E+02    0.68813E+01    0.17967E+02    0.16557E+01
   0.26327E+02    0.68813E+01    0.17967E+02    0.16557E+01
   0.26699E+02    0.69128E+01    0.18719E+02    0.16926E+01
   0.26699E+02    0.69128E+01    0.18719E+02    0.16926E+01
   0.26650E+02    0.68537E+01    0.18169E+02    0.16920E+01
   0.26650E+02    0.68537E+01    0.18169E+02    0.16920E+01
   0.26674E+02    0.69697E+01    0.18857E+02    0.16757E+01
   0.26674E+02    0.69697E+01    0.18857E+02    0.16757E+01
   0.26759E+02    0.68759E+01    0.18873E+02    0.16551E+01
   0.26759E+02    0.68759E+01    0.18873E+02    0.16551E+01
   0.26394E+02    0.67732E+01    0.18572E+02    0.16521E+01
   0.26394E+02    0.67732E+01    0.18572E+02    0.16521E+01
   0.26287E+02    0.68211E+01    0.18623E+02    0.16292E+01
   0.26287E+02    0.68211E+01    0.18623E+02    0.16292E+01
   0.26380E+02    0.69552E+01    0.18322E+02    0.16604E+01
   0.26380E+02    0.69552E+01    0.18322E+02    0.16604E+01
   0.26424E+02    0.68655E+01    0.18586E+02    0.16219E+01
   0.26424E+02    0.68655E+01    0.18586E+02    0.16219E+01
   0.26748E+02    0.70277E+01    0.18188E+02    0.16586E+01
   0.26748E+02    0.70277E+01    0.18188E+02    0.16586E+01
   0.26771E+02    0.68267E+01    0.19336E+02    0.16677E+01
   0.26771E+02    0.68267E+01    0.19336E+02    0.16677E+01
   0.26467E+02    0.68249E+01    0.18722E+02    0.16268E+01
   0.26467E+02    0.68249E+01    0.18722E+02    0.16268E+01
   0.26454E+02    0.69407E+01    0.18671E+02    0.16360E+01
   0.26454E+02    0.69407E+01    0.18671E+02    0.16360E+01
   0.26033E+02    0.67878E+01    0.18840E+02    0.16722E+01
   0.26033E+02    0.67878E+01    0.18840E+02    0.16722E+01
   0.26952E+02    0.67726E+01    0.19004E+02    0.16555E+01
   0.26952E+02    0.67726E+01    0.19004E+02    0.16555E+01
   0.26045E+02    0.68390E+01    0.19094E+02    0.17206E+01
   0.26045E+02    0.68390E+01    0.19094E+02    0.17206E+01
   0.26330E+02    0.70783E+01    0.18672E+02    0.16627E+01
   0.26330E+02    0.70783E+01    0.18672E+02    0.16627E+01
   0.25989E+02    0.68895E+01    0.18957E+02    0.16733E+01
   0.25989E+02    0.68895E+01    0.18957E+02    0.16733E+01
   0.26365E+02    0.67902E+01    0.19378E+02    0.16637E+01
   0.26365E+02    0.67902E+01    0.19378E+02    0.16637E+01
   0.26226E+02    0.68625E+01    0.19037E+02    0.16676E+01
   0.26226E+02    0.68625E+01    0.19037E+02    0.16676E+01
   0.26231E+02    0.70363E+01    0.18919E+02    0.16625E+01
   0.26231E+02    0.70363E+01    0.18919E+02    0.16625E+01
   0.25833E+02    0.67765E+01    0.18775E+02    0.16490E+01
   0.25833E+02    0.67765E+01    0.18775E+02    0.16490E+01
   0.26176E+02    0.70096E+01    0.19044E+02    0.16951E+01
   0.26176E+02    0.70096E+01    0.19044E+02    0.16951E+01
   0.26590E+02    0.67446E+01    0.19200E+02    0.16289E+01
   0.26590E+02    0.67446E+01    0.19200E+02    0.16289E+01
   0.25926E+02    0.66820E+01    0.18569E+02    0.16409E+01
   0.25926E+02    0.66820E+01    0.18569E+02    0.16409E+01
   0.26225E+02    0.67947E+01    0.18791E+02    0.16757E+01
   0.26225E+02    0.67947E+01    0.18791E+02    0.16757E+01
   0.26305E+02    0.69982E+01    0.18869E+02    0.16563E+01
   0.26305E+02    0.69982E+01    0.18869E+02    0.16563E+01
   0.25938E+02    0.69773E+01    0.19352E+02    0.17118E+01
   0.25938E+02    0.69773E+01    0.19352E+02    0.17118E+01
   0.25717E+02    0.69076E+01    0.18738E+02    0.16812E+01
   0.25717E+02    0.69076E+01    0.18738E+02    0.16812E+01
   0.26191E+02    0.70708E+01    0.19090E+02    0.16986E+01
   0.26191E+02    0.70708E+01    0.19090E+02    0.16986E+01
   0.26324E+02    0.70478E+01    0.18977E+02    0.16767E+01
   0.26324E+02    0.70478E+01    0.18977E+02    0.16767E+01
   0.25371E+02    0.66873E+01    0.19106E+02    0.16697E+01
   0.25371E+02    0.66873E+01    0.19106E+02    0.16697E+01
   0.25585E+02    0.66722E+01    0.18989E+02    0.16483E+01
   0.25585E+02    0.66722E+01    0.18989E+02    0.16483E+01
   0.26107E+02    0.69377E+01    0.18962E+02    0.16628E+01
   0.26107E+02    0.69377E+01    0.18962E+02    0.16628E+01
   0.25964E+02    0.69585E+01    0.18720E+02    0.16588E+01
   0.25964E+02    0.69585E+01    0.18720E+02    0.16588E+01
   0.26289E+02    0.70162E+01    0.18808E+02    0.16738E+01
   0.26289E+02    0.70162E+01    0.18808E+02    0.16738E+01
   0.25820E+02    0.67785E+01    0.18367E+02    0.16581E+01
   0.25820E+02    0.67785E+01    0.18367E+02    0.16581E+01
   0.25934E+02    0.68151E+01    0.18784E+02    0.16594E+01
   0.25934E+02    0.68151E+01    0.18784E+02    0.16594E+01
   0.25800E+02    0.69863E+01    0.18951E+02    0.16519E+01
   0.25800E+02    0.69863E+01    0.18951E+02    0.16519E+01
   0.25978E+02    0.68796E+01    0.18800E+02    0.16475E+01
   0.25978E+02    0.68796E+01    0.18800E+02    0.16475E+01
   0.26404E+02    0.69405E+01    0.18581E+02    0.16665E+01
   0.26404E+02    0.69405E+01    0.18581E+02    0.16665E+01
   0.26203E+02    0.67652E+01    0.18766E+02    0.16702E+01
   0.26203E+02    0.67652E+01    0.18766E+02    0.16702E+01
   0.26509E+02    0.67744E+01    0.18405E+02    0.16425E+01
   0.26509E+02    0.67744E+01    0.18405E+02    0.16425E+01
   0.26483E+02    0.70973E+01    0.18566E+02    0.16620E+01
   0.26483E+02    0.70973E+01    0.18566E+02    0.16620E+01
   0.26364E+02    0.68955E+01    0.18440E+02    0.16616E+01
   0.26364E+02    0.68955E+01    0.18440E+02    0.16616E+01
   0.26408E+02    0.69068E+01    0.18095E+02    0.16187E+01
   0.26408E+02    0.69068E+01    0.18095E+02    0.16187E+01
   0.26680E+02    0.66987E+01    0.18520E+02    0.16530E+01
   0.26680E+02    0.66987E+01    0.18520E+02    0.16530E+01
   0.26438E+02    0.68097E+01    0.18384E+02    0.16309E+01
   0.26438E+02    0.68097E+01    0.18384E+02    0.16309E+01
   0.26421E+02    0.68005E+01    0.18662E+02    0.16840E+01
   0.26421E+02    0.68005E+01    0.18662E+02    0.16840E+01
   0.26324E+02    0.68350E+01    0.18174E+02    0.16340E+01
   0.26324E+02    0.68350E+01    0.18174E+02    0.16340E+01
   0.26833E+02    0.67936E+01    0.18718E+02    0.16420E+01
   0.26833E+02    0.67936E+01    0.18718E+02    0.16420E+01
   0.26735E+02    0.69675E+01    0.18198E+02    0.16522E+01
   0.26735E+02    0.69675E+01    0.18198E+02    0.16522E+01
   0.26517E+02    0.70025E+01    0.18657E+02    0.16460E+01
   0.26517E+02    0.70025E+01    0.18657E+02    0.16460E+01
   0.26652E+02    0.69427E+01    0.18639E+02    0.16757E+01
   0.26652E+02    0.69427E+01    0.18639E+02    0.16757E+01
   0.26484E+02    0.67124E+01    0.18776E+02    0.16563E+01
   0.26484E+02    0.67124E+01    0.18776E+02    0.16563E+01
   0.26199E+02    0.69663E+01    0.18713E+02    0.16357E+01
   0.26199E+02    0.69663E+01    0.18713E+02    0.16357E+01
   0.26307E+02    0.69498E+01    0.19185E+02    0.16600E+01
   0.26307E+02    0.69498E+01    0.19185E+02    0.16600E+01
   0.26556E+02    0.68147E+01    0.18807E+02    0.16486E+01
   0.26556E+02    0.68147E+01    0.18807E+02    0.16486E+01
   0.26532E+02    0.69018E+01    0.18820E+02    0.16945E+01
   0.26532E+02    0.69018E+01    0.18820E+02    0.16945E+01
   0.26905E+02    0.69763E+01    0.18683E+02    0.16719E+01
   0.26905E+02    0.69763E+01    0.18683E+02    0.16719E+01
   0.26375E+02    0.66559E+01    0.19032E+02    0.16568E+01
   0.26375E+02    0.66559E+01    0.19032E+02    0.16568E+01
   0.26612E+02    0.68884E+01    0.18658E+02    0.16848E+01
   0.26612E+02    0.68884E+01    0.18658E+02    0.16848E+01
   0.26803E+02    0.67436E+01    0.19204E+02    0.16642E+01
   0.26803E+02    0.67436E+01    0.19204E+02    0.16642E+01
   0.26468E+02    0.67964E+01    0.18738E+02    0.16240E+01
   0.26468E+02    0.67964E+01    0.18738E+02    0.16240E+01
   0.26516E+02    0.69583E+01    0.19080E+02    0.15938E+01
   0.26516E+02    0.69583E+01    0.19080E+02    0.15938E+01
   0.26084E+02    0.70685E+01    0.19369E+02    0.16612E+01
   0.26084E+02    0.70685E+01    0.19369E+02    0.16612E+01
   0.26225E+02    0.71278E+01    0.19354E+02    0.16341E+01
   0.26225E+02    0.71278E+01    0.19354E+02    0.16341E+01
   0.26149E+02    0.69357E+01    0.19362E+02    0.16883E+01
   0.26149E+02    0.69357E+01    0.19362E+02    0.16883E+01
   0.26411E+02    0.69095E+01    0.18839E+02    0.16519E+01
   0.26411E+02    0.69095E+01    0.18839E+02    0.16519E+01
   0.26113E+02    0.69758E+01    0.19507E+02    0.16993E+01
   0.26113E+02    0.69758E+01    0.19507E+02    0.16993E+01
   0.26012E+02    0.68893E+01    0.18689E+02    0.16815E+01
   0.26012E+02    0.68893E+01    0.18689E+02    0.16815E+01
   0.25941E+02    0.67393E+01    0.18441E+02    0.16599E+01
   0.25941E+02    0.67393E+01    0.18441E+02    0.16599E+01
   0.26429E+02    0.68393E+01    0.18689E+02    0.16965E+01
   0.26429E+02    0.68393E+01    0.18689E+02    0.16965E+01
   0.26277E+02    0.68011E+01    0.18701E+02    0.16861E+01
   0.26277E+02    0.68011E+01    0.18701E+02    0.16861E+01
   0.26169E+02    0.69474E+01    0.18969E+02    0.16355E+01
   0.26169E+02    0.69474E+01    0.18969E+02    0.16355E+01
   0.26285E+02    0.67822E+01    0.19051E+02    0.16780E+01
   0.26285E+02    0.67822E+01    0.19051E+02    0.16780E+01
   0.26493E+02    0.68921E+01    0.18766E+02    0.16796E+01
   0.26493E+02    0.68921E+01    0.18766E+02    0.16796E+01
   0.26446E+02    0.69925E+01    0.19005E+02    0.16140E+01
   0.26446E+02    0.69925E+01    0.19005E+02    0.16140E+01
   0.26177E+02    0.68933E+01    0.19128E+02    0.16407E+01
   0.26177E+02    0.68933E+01    0.19128E+02    0.16407E+01
   0.26797E+02    0.69133E+01    0.18848E+02    0.16878E+01
   0.26797E+02    0.69133E+01    0.18848E+02    0.16878E+01
   0.26480E+02    0.67826E+01    0.18814E+02    0.16425E+01
   0.26480E+02    0.67826E+01    0.18814E+02    0.16425E+01
   0.26818E+02    0.68934E+01    0.18997E+02    0.16463E+01
   0.26818E+02    0.68934E+01    0.18997E+02    0.16463E+01
   0.26672E+02    0.67196E+01    0.18839E+02    0.16625E+01
   0.26672E+02    0.67196E+01    0.18839E+02    0.16625E+01
   0.26398E+02    0.68294E+01    0.18744E+02    0.16424E+01
   0.26398E+02    0.68294E+01    0.18744E+02    0.16424E+01
   0.26649E+02    0.69434E+01    0.18719E+02    0.16179E+01
   0.26649E+02    0.69434E+01    0.18719E+02    0.16179E+01
   0.26429E+02    0.69020E+01    0.18496E+02    0.16535E+01
   0.26429E+02    0.69020E+01    0.18496E+02    0.16535E+01
   0.26858E+02    0.70753E+01    0.18410E+02    0.16019E+01
   0.26858E+02    0.70753E+01    0.18410E+02    0.16019E+01
   0.26620E+02    0.68472E+01    0.18449E+02    0.16821E+01
   0.26620E+02    0.68472E+01    0.18449E+02    0.16821E+01
   0.26697E+02    0.68449E+01    0.18367E+02    0.16369E+01
   0.26697E+02    0.68449E+01    0.18367E+02    0.16369E+01
   0.26664E+02    0.67427E+01    0.18276E+02    0.16409E+01
   0.26664E+02    0.67427E+01    0.18276E+02    0.16409E+01
   0.26602E+02    0.66254E+01    0.18104E+02    0.16344E+01
   0.26602E+02    0.66254E+01    0.18104E+02    0.16344E+01
   0.27134E+02    0.69162E+01    0.18680E+02    0.16596E+01
   0.27134E+02    0.69162E+01    0.18680E+02    0.16596E+01
   0.27263E+02    0.70617E+01    0.18612E+02    0.16379E+01
   0.27263E+02    0.70617E+01    0.18612E+02    0.16379E+01
   0.26611E+02    0.68595E+01    0.18106E+02    0.16831E+01
   0.26611E+02    0.68595E+01    0.18106E+02    0.16831E+01
   0.26886E+02    0.68393E+01    0.18664E+02    0.16418E+01
   0.26886E+02    0.68393E+01    0.18664E+02    0.16418E+01
   0.26555E+02    0.69180E+01    0.18759E+02    0.16560E+01
   0.26555E+02    0.69180E+01    0.18759E+02    0.16560E+01
   0.26380E+02    0.68454E+01    0.18627E+02    0.16457E+01
   0.26380E+02    0.68454E+01    0.18627E+02    0.16457E+01
   0.26721E+02    0.68539E+01    0.18451E+02    0.16526E+01
   0.26721E+02    0.68539E+01    0.18451E+02    0.16526E+01
   0.26543E+02    0.67306E+01    0.18625E+02    0.16481E+01
   0.26543E+02    0.67306E+01    0.18625E+02    0.16481E+01
   0.26403E+02    0.69997E+01    0.18689E+02    0.16454E+01
   0.26403E+02    0.69997E+01    0.18689E+02    0.16454E+01
   0.26301E+02    0.67838E+01    0.18650E+02    0.16473E+01
   0.26301E+02    0.67838E+01    0.18650E+02    0.16473E+01
   0.26625E+02    0.69085E+01    0.18853E+02    0.16628E+01
   0.26625E+02    0.69085E+01    0.18853E+02    0.16628E+01
   0.26329E+02    0.69328E+01    0.19211E+02    0.16269E+01
   0.26329E+02    0.69328E+01    0.19211E+02    0.16269E+01
   0.26395E+02    0.67998E+01    0.19235E+02    0.16609E+01
   0.26395E+02    0.67998E+01    0.19235E+02    0.16609E+01
   0.26256E+02    0.68930E+01    0.19046E+02    0.16458E+01
   0.26256E+02    0.68930E+01    0.19046E+02    0.16458E+01
   0.26533E+02    0.70091E+01    0.19124E+02    0.16618E+01
   0.26533E+02    0.70091E+01    0.19124E+02    0.16618E+01
   0.26364E+02    0.68892E+01    0.19248E+02    0.16670E+01
   0.26364E+02    0.68892E+01    0.19248E+02    0.16670E+01
   0.26186E+02    0.68686E+01    0.18825E+02    0.16733E+01
   0.26186E+02    0.68686E+01    0.18825E+02    0.16733E+01
   0.26531E+02    0.69065E+01    0.19164E+02    0.16742E+01
   0.26531E+02    0.69065E+01    0.19164E+02    0.16742E+01
   0.26018E+02    0.68268E+01    0.19268E+02    0.16558E+01
   0.26018E+02    0.68268E+01    0.19268E+02    0.16558E+01
   0.25992E+02    0.70269E+01    0.19130E+02    0.16710E+01
   0.25992E+02    0.70269E+01    0.19130E+02    0.16710E+01
   0.25742E+02    0.68334E+01    0.19035E+02    0.16945E+01
   0.25742E+02    0.68334E+01    0.19035E+02    0.16945E+01
   0.26062E+02    0.67744E+01    0.18974E+02    0.16489E+01
   0.26062E+02    0.67744E+01    0.18974E+02    0.16489E+01
   0.26147E+02    0.68159E+01    0.19205E+02    0.16774E+01
   0.26147E+02    0.68159E+01    0.19205E+02    0.16774E+01
   0.26451E+02    0.71503E+01    0.19227E+02    0.16838E+01
   0.26451E+02    0.71503E+01    0.19227E+02    0.16838E+01
   0.26258E+02    0.69343E+01    0.19545E+02    0.16723E+01
   0.26258E+02    0.69343E+01    0.19545E+02    0.16723E+01
   0.26268E+02    0.69244E+01    0.18440E+02    0.16106E+01
   0.26268E+02    0.69244E+01    0.18440E+02    0.16106E+01
   0.26231E+02    0.68220E+01    0.19007E+02    0.16549E+01
   0.26231E+02    0.68220E+01    0.19007E+02    0.16549E+01
   0.26215E+02    0.69281E+01    0.18643E+02    0.16851E+01
   0.26215E+02    0.69281E+01    0.18643E+02    0.16851E+01
   0.26145E+02    0.66866E+01    0.19332E+02    0.16550E+01
   0.26145E+02    0.66866E+01    0.19332E+02    0.16550E+01
   0.26351E+02    0.68954E+01    0.18853E+02    0.16622E+01
   0.26351E+02    0.68954E+01    0.18853E+02    0.16622E+01
   0.26440E+02    0.69647E+01    0.19151E+02    0.16660E+01
   0.26440E+02    0.69647E+01    0.19151E+02    0.16660E+01
   0.26417E+02    0.69589E+01    0.18614E+02    0.16791E+01
   0.26417E+02    0.69589E+01    0.18614E+02    0.16791E+01
   0.26490E+02    0.67793E+01    0.18599E+02    0.16469E+01
   0.26490E+02    0.67793E+01    0.18599E+02    0.16469E+01
   0.26299E+02    0.67551E+01    0.18433E+02    0.16801E+01
   0.26299E+02    0.67551E+01    0.18433E+02    0.16801E+01
   0.26546E+02    0.70366E+01    0.18700E+02    0.16496E+01
   0.26546E+02    0.70366E+01    0.18700E+02    0.16496E+01
   0.26357E+02    0.66570E+01    0.18280E+02    0.16522E+01
   0.26357E+02    0.66570E+01    0.18280E+02    0.16522E+01
   0.26464E+02    0.66326E+01    0.18342E+02    0.16557E+01
   0.26464E+02    0.66326E+01    0.18342E+02    0.16557E+01
   0.26842E+02    0.68244E+01    0.18083E+02    0.16589E+01
   0.26842E+02    0.68244E+01    0.18083E+02    0.16589E+01
   0.26730E+02    0.68995E+01    0.18542E+02    0.16225E+01
   0.26730E+02    0.68995E+01    0.18542E+02    0.16225E+01
   0.26756E+02    0.69974E+01    0.18567E+02    0.16570E+01
   0.26756E+02    0.69974E+01    0.18567E+02    0.16570E+01
   0.26289E+02    0.69213E+01    0.18258E+02    0.16284E+01
   0.26289E+02    0.69213E+01    0.18258E+02    0.16284E+01
   0.27070E+02    0.70345E+01    0.18110E+02    0.16857E+01
   0.27070E+02    0.70345E+01    0.18110E+02    0.16857E+01
   0.26542E+02    0.67610E+01    0.18398E+02    0.16428E+01
   0.26542E+02    0.67610E+01    0.18398E+02    0.16428E+01
   0.26606E+02    0.68664E+01    0.18448E+02    0.16889E+01
   0.26606E+02    0.68664E+01    0.18448E+02    0.16889E+01
   0.26913E+02    0.67762E+01    0.18768E+02    0.16572E+01
   0.26913E+02    0.67762E+01    0.18768E+02    0.16572E+01
   0.27256E+02    0.68252E+01    0.18730E+02    0.16507E+01
   0.27256E+02    0.68252E+01    0.18730E+02    0.16507E+01
   0.26777E+02    0.67475E+01    0.18782E+02    0.16215E+01
   0.26777E+02    0.67475E+01    0.18782E+02    0.16215E+01
   0.26788E+02    0.68655E+01    0.18658E+02    0.16682E+01
   0.26788E+02    0.68655E+01    0.18658E+02    0.16682E+01
   0.26469E+02    0.70186E+01    0.18994E+02    0.16365E+01
   0.26469E+02    0.70186E+01    0.18994E+02    0.16365E+01
   0.26902E+02    0.69627E+01    0.19007E+02    0.16291E+01
   0.26902E+02    0.69627E+01    0.19007E+02    0.16291E+01
   0.26710E+02    0.69354E+01    0.18582E+02    0.15883E+01
   0.26710E+02    0.69354E+01    0.18582E+02    0.15883E+01
   0.26652E+02    0.70154E+01    0.18898E+02    0.16486E+01
   0.26652E+02    0.70154E+01    0.18898E+02    0.16486E+01
   0.26960E+02    0.68578E+01    0.18789E+02    0.16233E+01
   0.26960E+02    0.68578E+01    0.18789E+02    0.16233E+01
   0.26734E+02    0.68801E+01    0.18729E+02    0.16394E+01
   0.26734E+02    0.68801E+01    0.18729E+02    0.16394E+01
   0.26833E+02    0.69393E+01    0.19539E+02    0.16470E+01
   0.26833E+02    0.69393E+01    0.19539E+02    0.16470E+01
   0.26244E+02    0.69583E+01    0.19004E+02    0.16944E+01
   0.26244E+02    0.69583E+01    0.19004E+02    0.16944E+01
   0.26146E+02    0.68261E+01    0.19247E+02    0.16221E+01
   0.26146E+02    0.68261E+01    0.19247E+02    0.16221E+01
   0.26226E+02    0.68081E+01    0.18637E+02    0.16747E+01
   0.26226E+02    0.68081E+01    0.18637E+02    0.16747E+01
   0.26294E+02    0.66628E+01    0.19086E+02    0.16585E+01
   0.26294E+02    0.66628E+01    0.19086E+02    0.16585E+01
   0.26241E+02    0.69260E+01    0.18990E+02    0.16432E+01
   0.26241E+02    0.69260E+01    0.18990E+02    0.16432E+01
   0.26408E+02    0.69857E+01    0.18736E+02    0.16328E+01
   0.26408E+02    0.69857E+01    0.18736E+02    0.16328E+01
   0.26455E+02    0.70676E+01    0.18609E+02    0.16519E+01
   0.26455E+02    0.70676E+01    0.18609E+02    0.16519E+01
   0.26378E+02    0.69359E+01    0.18727E+02    0.16674E+01
   0.26378E+02    0.69359E+01    0.18727E+02    0.16674E+01
   0.26317E+02    0.67757E+01    0.18741E+02    0.16377E+01
   0.26317E+02    0.67757E+01    0.18741E+02    0.16377E+01
   0.26222E+02    0.69018E+01    0.18457E+02    0.16728E+01
   0.26222E+02    0.69018E+01    0.18457E+02    0.16728E+01
   0.26599E+02    0.68642E+01    0.18854E+02    0.16365E+01
   0.26599E+02    0.68642E+01    0.18854E+02    0.16365E+01
   0.25826E+02    0.69697E+01    0.18765E+02    0.16642E+01
   0.25826E+02    0.69697E+01    0.18765E+02    0.16642E+01
   0.25920E+02    0.69655E+01    0.18795E+02    0.16694E+01
   0.25920E+02    0.69655E+01    0.18795E+02    0.16694E+01
   0.26307E+02    0.70003E+01    0.18623E+02    0.16513E+01
   0.26307E+02    0.70003E+01    0.18623E+02    0.16513E+01
