   0.23208E+02    0.65732E+02    0.23211E+03    0.34160E+03
   0.22475E+02    0.65680E+02    0.23019E+03    0.34158E+03
   0.22083E+02    0.65675E+02    0.22855E+03    0.34149E+03
   0.23225E+02    0.65704E+02    0.22944E+03    0.34125E+03
   0.22971E+02    0.65748E+02    0.23209E+03    0.34134E+03
   0.23017E+02    0.65831E+02    0.23138E+03    0.34100E+03
   0.22692E+02    0.65824E+02    0.22929E+03    0.34154E+03
   0.21862E+02    0.65811E+02    0.22822E+03    0.34128E+03
   0.21667E+02    0.65752E+02    0.23181E+03    0.34166E+03
   0.22590E+02    0.65644E+02    0.23244E+03    0.34196E+03
   0.22965E+02    0.65586E+02    0.23101E+03    0.34205E+03
   0.23213E+02    0.65565E+02    0.22992E+03    0.34199E+03
   0.22931E+02    0.65645E+02    0.23003E+03    0.34228E+03
   0.23299E+02    0.65692E+02    0.23154E+03    0.34246E+03
   0.24252E+02    0.65688E+02    0.23006E+03    0.34217E+03
   0.22914E+02    0.65689E+02    0.22931E+03    0.34259E+03
   0.22949E+02    0.65661E+02    0.23077E+03    0.34239E+03
   0.23588E+02    0.65666E+02    0.23145E+03    0.34250E+03
   0.23105E+02    0.65729E+02    0.22792E+03    0.34261E+03
   0.23157E+02    0.65744E+02    0.22980E+03    0.34214E+03
   0.21457E+02    0.65736E+02    0.22995E+03    0.34249E+03
   0.22672E+02    0.65673E+02    0.22981E+03    0.34252E+03
   0.23069E+02    0.65698E+02    0.23082E+03    0.34244E+03
   0.22789E+02    0.65694E+02    0.23271E+03    0.34230E+03
   0.22842E+02    0.65687E+02    0.23170E+03    0.34208E+03
   0.22515E+02    0.65738E+02    0.23206E+03    0.34258E+03
   0.23024E+02    0.65772E+02    0.23411E+03    0.34246E+03
   0.22673E+02    0.65769E+02    0.23555E+03    0.34251E+03
   0.22467E+02    0.65747E+02    0.23672E+03    0.34246E+03
   0.23825E+02    0.65713E+02    0.23644E+03    0.34244E+03
   0.22752E+02    0.65712E+02    0.23796E+03    0.34305E+03
   0.21451E+02    0.65825E+02    0.23754E+03    0.34270E+03
   0.23521E+02    0.65902E+02    0.23463E+03    0.34232E+03
   0.22867E+02    0.65952E+02    0.23639E+03    0.34265E+03
   0.22105E+02    0.65918E+02    0.23611E+03    0.34263E+03
   0.24194E+02    0.65764E+02    0.23750E+03    0.34271E+03
   0.22338E+02    0.65733E+02    0.23511E+03    0.34295E+03
   0.23793E+02    0.65759E+02    0.23526E+03    0.34280E+03
   0.23465E+02    0.65747E+02    0.23524E+03    0.34297E+03
   0.21468E+02    0.65790E+02    0.23351E+03    0.34311E+03
   0.24051E+02    0.65817E+02    0.23349E+03    0.34287E+03
   0.23669E+02    0.65817E+02    0.23432E+03    0.34280E+03
   0.23213E+02    0.65830E+02    0.23479E+03    0.34295E+03
   0.21732E+02    0.65850E+02    0.23644E+03    0.34290E+03
   0.22577E+02    0.65858E+02    0.23567E+03    0.34272E+03
   0.23974E+02    0.65814E+02    0.23443E+03    0.34241E+03
   0.23374E+02    0.65813E+02    0.23246E+03    0.34309E+03
   0.22693E+02    0.65901E+02    0.23179E+03    0.34261E+03
   0.23930E+02    0.65895E+02    0.23171E+03    0.34216E+03
   0.23956E+02    0.65819E+02    0.23408E+03    0.34236E+03
   0.22503E+02    0.65732E+02    0.23321E+03    0.34307E+03
   0.22984E+02    0.65682E+02    0.23045E+03    0.34222E+03
   0.23782E+02    0.65672E+02    0.23136E+03    0.34234E+03
   0.23448E+02    0.65709E+02    0.23131E+03    0.34147E+03
   0.22727E+02    0.65737E+02    0.22977E+03    0.34131E+03
   0.23351E+02    0.65690E+02    0.23196E+03    0.34177E+03
   0.24913E+02    0.65678E+02    0.23056E+03    0.34138E+03
   0.23228E+02    0.65757E+02    0.23029E+03    0.34056E+03
   0.22850E+02    0.65771E+02    0.23173E+03    0.34033E+03
   0.23091E+02    0.65765E+02    0.22856E+03    0.34093E+03
   0.23801E+02    0.65741E+02    0.23161E+03    0.34079E+03
   0.22981E+02    0.65754E+02    0.23140E+03    0.34037E+03
   0.23673E+02    0.65817E+02    0.22890E+03    0.34024E+03
   0.21873E+02    0.65835E+02    0.22817E+03    0.34053E+03
   0.23112E+02    0.65837E+02    0.22892E+03    0.34034E+03
   0.21782E+02    0.65791E+02    0.23008E+03    0.34009E+03
   0.22692E+02    0.65760E+02    0.23066E+03    0.34002E+03
   0.22553E+02    0.65856E+02    0.22941E+03    0.34003E+03
   0.22963E+02    0.65934E+02    0.22846E+03    0.33976E+03
   0.22923E+02    0.65919E+02    0.23252E+03    0.33970E+03
   0.23273E+02    0.65922E+02    0.22988E+03    0.34006E+03
   0.23068E+02    0.65903E+02    0.23024E+03    0.33972E+03
   0.22909E+02    0.65914E+02    0.23354E+03    0.34015E+03
   0.24774E+02    0.65900E+02    0.23477E+03    0.34007E+03
   0.22054E+02    0.65878E+02    0.23189E+03    0.34063E+03
   0.23410E+02    0.65899E+02    0.23572E+03    0.34061E+03
   0.22208E+02    0.65975E+02    0.23634E+03    0.34063E+03
   0.23892E+02    0.66039E+02    0.23574E+03    0.34015E+03
   0.22609E+02    0.66106E+02    0.23735E+03    0.34095E+03
   0.22293E+02    0.66174E+02    0.23393E+03    0.34033E+03
   0.23523E+02    0.66175E+02    0.23693E+03    0.34030E+03
   0.22950E+02    0.66126E+02    0.23514E+03    0.34063E+03
   0.22798E+02    0.66118E+02    0.23765E+03    0.34087E+03
   0.23183E+02    0.66111E+02    0.23700E+03    0.34053E+03
   0.22712E+02    0.66154E+02    0.23634E+03    0.34084E+03
   0.23721E+02    0.66194E+02    0.23811E+03    0.34111E+03
   0.22740E+02    0.66149E+02    0.23686E+03    0.34176E+03
   0.23305E+02    0.66126E+02    0.23939E+03    0.34226E+03
   0.22514E+02    0.66121E+02    0.23896E+03    0.34151E+03
   0.24642E+02    0.66222E+02    0.24089E+03    0.34230E+03
   0.22559E+02    0.66263E+02    0.23966E+03    0.34249E+03
   0.23156E+02    0.66200E+02    0.24063E+03    0.34247E+03
   0.23379E+02    0.66141E+02    0.24180E+03    0.34218E+03
   0.23284E+02    0.66145E+02    0.24027E+03    0.34230E+03
   0.22806E+02    0.66233E+02    0.23926E+03    0.34215E+03
   0.23295E+02    0.66241E+02    0.24068E+03    0.34246E+03
   0.23141E+02    0.66201E+02    0.23984E+03    0.34280E+03
   0.22758E+02    0.66147E+02    0.23957E+03    0.34170E+03
   0.23847E+02    0.66190E+02    0.24120E+03    0.34221E+03
   0.23805E+02    0.66202E+02    0.24033E+03    0.34246E+03
   0.22351E+02    0.66207E+02    0.24178E+03    0.34251E+03
   0.22926E+02    0.66190E+02    0.24023E+03    0.34248E+03
   0.22314E+02    0.66244E+02    0.24208E+03    0.34265E+03
   0.22557E+02    0.66354E+02    0.24097E+03    0.34254E+03
   0.22796E+02    0.66396E+02    0.24184E+03    0.34241E+03
   0.23020E+02    0.66443E+02    0.24259E+03    0.34246E+03
   0.22322E+02    0.66472E+02    0.24260E+03    0.34176E+03
   0.20709E+02    0.66481E+02    0.24163E+03    0.34120E+03
   0.23472E+02    0.66448E+02    0.24128E+03    0.34112E+03
   0.22559E+02    0.66411E+02    0.24369E+03    0.34075E+03
   0.23010E+02    0.66417E+02    0.24492E+03    0.34038E+03
   0.23202E+02    0.66448E+02    0.24322E+03    0.34044E+03
   0.23580E+02    0.66491E+02    0.24121E+03    0.34034E+03
   0.23608E+02    0.66493E+02    0.24292E+03    0.34028E+03
   0.23856E+02    0.66505E+02    0.24146E+03    0.34038E+03
   0.22925E+02    0.66563E+02    0.24466E+03    0.34018E+03
   0.22894E+02    0.66571E+02    0.24050E+03    0.34037E+03
   0.22628E+02    0.66538E+02    0.24227E+03    0.34033E+03
   0.23354E+02    0.66503E+02    0.23960E+03    0.34006E+03
   0.22820E+02    0.66496E+02    0.23961E+03    0.33966E+03
   0.22549E+02    0.66533E+02    0.24220E+03    0.33986E+03
   0.23006E+02    0.66535E+02    0.24229E+03    0.33940E+03
   0.23092E+02    0.66530E+02    0.24057E+03    0.33948E+03
   0.22886E+02    0.66564E+02    0.24366E+03    0.33950E+03
   0.21738E+02    0.66638E+02    0.23989E+03    0.33982E+03
   0.22118E+02    0.66675E+02    0.23973E+03    0.33974E+03
   0.23505E+02    0.66650E+02    0.23878E+03    0.33965E+03
   0.23309E+02    0.66632E+02    0.23795E+03    0.34002E+03
   0.22723E+02    0.66588E+02    0.23977E+03    0.33952E+03
   0.23441E+02    0.66520E+02    0.23922E+03    0.34010E+03
   0.22884E+02    0.66446E+02    0.23867E+03    0.33887E+03
   0.23224E+02    0.66409E+02    0.24149E+03    0.33933E+03
   0.24002E+02    0.66440E+02    0.23851E+03    0.33959E+03
   0.23789E+02    0.66438E+02    0.23713E+03    0.33910E+03
   0.22761E+02    0.66460E+02    0.23635E+03    0.33931E+03
   0.22768E+02    0.66452E+02    0.23496E+03    0.33976E+03
   0.22941E+02    0.66393E+02    0.23533E+03    0.33958E+03
   0.23590E+02    0.66353E+02    0.23484E+03    0.34026E+03
   0.22582E+02    0.66342E+02    0.23663E+03    0.33980E+03
   0.22747E+02    0.66324E+02    0.23489E+03    0.34000E+03
   0.22869E+02    0.66306E+02    0.23389E+03    0.34091E+03
   0.22937E+02    0.66276E+02    0.23387E+03    0.34098E+03
   0.22460E+02    0.66229E+02    0.23422E+03    0.34095E+03
   0.23562E+02    0.66159E+02    0.23211E+03    0.34120E+03
   0.22831E+02    0.66147E+02    0.23272E+03    0.34162E+03
   0.22422E+02    0.66136E+02    0.23559E+03    0.34135E+03
   0.22114E+02    0.66057E+02    0.23404E+03    0.34142E+03
   0.23543E+02    0.65987E+02    0.23347E+03    0.34189E+03
   0.23025E+02    0.65997E+02    0.23164E+03    0.34143E+03
   0.23781E+02    0.66026E+02    0.23080E+03    0.34190E+03
   0.23044E+02    0.66010E+02    0.22844E+03    0.34209E+03
   0.23591E+02    0.65973E+02    0.22905E+03    0.34196E+03
   0.23068E+02    0.65882E+02    0.22877E+03    0.34244E+03
   0.22825E+02    0.65842E+02    0.22989E+03    0.34316E+03
   0.22669E+02    0.65791E+02    0.22710E+03    0.34251E+03
   0.22918E+02    0.65727E+02    0.22642E+03    0.34330E+03
   0.22120E+02    0.65678E+02    0.22625E+03    0.34306E+03
   0.23633E+02    0.65610E+02    0.22335E+03    0.34284E+03
   0.22794E+02    0.65588E+02    0.22149E+03    0.34289E+03
   0.24137E+02    0.65588E+02    0.22310E+03    0.34270E+03
   0.23794E+02    0.65563E+02    0.22314E+03    0.34329E+03
   0.22370E+02    0.65541E+02    0.22273E+03    0.34321E+03
   0.22472E+02    0.65512E+02    0.22235E+03    0.34325E+03
   0.23423E+02    0.65396E+02    0.21957E+03    0.34337E+03
   0.23524E+02    0.65312E+02    0.21757E+03    0.34388E+03
   0.22855E+02    0.65306E+02    0.21764E+03    0.34370E+03
   0.22682E+02    0.65353E+02    0.21698E+03    0.34401E+03
   0.21909E+02    0.65289E+02    0.21700E+03    0.34392E+03
   0.23325E+02    0.65166E+02    0.21524E+03    0.34416E+03
   0.23296E+02    0.65112E+02    0.21569E+03    0.34464E+03
   0.22965E+02    0.65033E+02    0.21180E+03    0.34348E+03
   0.22809E+02    0.64954E+02    0.21188E+03    0.34407E+03
   0.22969E+02    0.64798E+02    0.21126E+03    0.34361E+03
   0.22601E+02    0.64660E+02    0.20901E+03    0.34372E+03
   0.21946E+02    0.64657E+02    0.20544E+03    0.34294E+03
   0.24329E+02    0.64676E+02    0.20603E+03    0.34280E+03
   0.22717E+02    0.64714E+02    0.20650E+03    0.34256E+03
   0.22933E+02    0.64792E+02    0.20491E+03    0.34203E+03
   0.23506E+02    0.64775E+02    0.20474E+03    0.34241E+03
   0.22342E+02    0.64733E+02    0.20455E+03    0.34204E+03
   0.22928E+02    0.64661E+02    0.20382E+03    0.34172E+03
   0.23015E+02    0.64598E+02    0.20223E+03    0.34184E+03
   0.22949E+02    0.64565E+02    0.20140E+03    0.34197E+03
   0.22421E+02    0.64525E+02    0.20065E+03    0.34119E+03
   0.23232E+02    0.64480E+02    0.19966E+03    0.34125E+03
   0.22098E+02    0.64470E+02    0.19963E+03    0.34094E+03
   0.23624E+02    0.64444E+02    0.19872E+03    0.34099E+03
   0.23003E+02    0.64433E+02    0.20173E+03    0.34042E+03
   0.22011E+02    0.64409E+02    0.19959E+03    0.33980E+03
   0.22519E+02    0.64398E+02    0.19888E+03    0.34010E+03
   0.22910E+02    0.64436E+02    0.20022E+03    0.33962E+03
   0.22246E+02    0.64433E+02    0.19856E+03    0.33946E+03
   0.22674E+02    0.64497E+02    0.19762E+03    0.33855E+03
   0.23314E+02    0.64521E+02    0.19830E+03    0.33852E+03
   0.22818E+02    0.64517E+02    0.19897E+03    0.33811E+03
   0.22774E+02    0.64496E+02    0.20066E+03    0.33848E+03
   0.23113E+02    0.64514E+02    0.19668E+03    0.33834E+03
   0.22970E+02    0.64549E+02    0.19973E+03    0.33862E+03
   0.21904E+02    0.64598E+02    0.19951E+03    0.33860E+03
   0.23092E+02    0.64554E+02    0.19961E+03    0.33832E+03
   0.23866E+02    0.64514E+02    0.20135E+03    0.33810E+03
   0.22123E+02    0.64539E+02    0.20126E+03    0.33872E+03
   0.23230E+02    0.64610E+02    0.20207E+03    0.33834E+03
   0.23528E+02    0.64688E+02    0.20060E+03    0.33823E+03
   0.23043E+02    0.64742E+02    0.20278E+03    0.33820E+03
   0.22926E+02    0.64777E+02    0.20710E+03    0.33899E+03
   0.23624E+02    0.64873E+02    0.20772E+03    0.33871E+03
   0.23442E+02    0.64940E+02    0.20903E+03    0.33841E+03
   0.22110E+02    0.64963E+02    0.21062E+03    0.33879E+03
   0.22184E+02    0.65003E+02    0.21186E+03    0.33897E+03
   0.23897E+02    0.65071E+02    0.21348E+03    0.33864E+03
   0.22960E+02    0.65167E+02    0.21620E+03    0.33885E+03
   0.22725E+02    0.65262E+02    0.21649E+03    0.33901E+03
   0.22533E+02    0.65286E+02    0.21730E+03    0.33871E+03
   0.22614E+02    0.65311E+02    0.22049E+03    0.33937E+03
   0.22855E+02    0.65376E+02    0.22064E+03    0.33919E+03
   0.23083E+02    0.65485E+02    0.22205E+03    0.33971E+03
   0.23411E+02    0.65608E+02    0.22339E+03    0.33987E+03
   0.22338E+02    0.65723E+02    0.22654E+03    0.33967E+03
   0.23118E+02    0.65769E+02    0.22817E+03    0.34003E+03
   0.22442E+02    0.65752E+02    0.22972E+03    0.34031E+03
   0.22912E+02    0.65808E+02    0.23326E+03    0.34023E+03
   0.22864E+02    0.65880E+02    0.23425E+03    0.33967E+03
   0.23020E+02    0.65998E+02    0.23373E+03    0.33964E+03
   0.21106E+02    0.66070E+02    0.23668E+03    0.34006E+03
   0.22742E+02    0.66110E+02    0.24127E+03    0.33996E+03
   0.23396E+02    0.66081E+02    0.23938E+03    0.34072E+03
   0.23786E+02    0.66121E+02    0.24207E+03    0.34099E+03
   0.21295E+02    0.66270E+02    0.24093E+03    0.34046E+03
   0.22103E+02    0.66422E+02    0.24264E+03    0.34088E+03
   0.22473E+02    0.66447E+02    0.24098E+03    0.34063E+03
   0.22773E+02    0.66397E+02    0.24374E+03    0.34097E+03
   0.22167E+02    0.66369E+02    0.24446E+03    0.34129E+03
   0.22688E+02    0.66364E+02    0.24455E+03    0.34067E+03
   0.23355E+02    0.66383E+02    0.24360E+03    0.34038E+03
   0.22769E+02    0.66403E+02    0.24462E+03    0.34011E+03
   0.23534E+02    0.66442E+02    0.24541E+03    0.33997E+03
   0.23683E+02    0.66461E+02    0.24469E+03    0.33934E+03
   0.22983E+02    0.66487E+02    0.24508E+03    0.34008E+03
   0.23030E+02    0.66459E+02    0.24605E+03    0.34042E+03
   0.21928E+02    0.66469E+02    0.24599E+03    0.34058E+03
   0.21787E+02    0.66491E+02    0.24513E+03    0.34074E+03
   0.23442E+02    0.66516E+02    0.24364E+03    0.34042E+03
   0.22728E+02    0.66524E+02    0.24537E+03    0.34063E+03
   0.22099E+02    0.66481E+02    0.24391E+03    0.34092E+03
   0.22257E+02    0.66448E+02    0.24176E+03    0.34144E+03
   0.22281E+02    0.66405E+02    0.24348E+03    0.34172E+03
   0.22489E+02    0.66379E+02    0.24504E+03    0.34159E+03
   0.22856E+02    0.66321E+02    0.24633E+03    0.34136E+03
   0.23067E+02    0.66312E+02    0.24695E+03    0.34164E+03
   0.24334E+02    0.66364E+02    0.24243E+03    0.34185E+03
   0.23731E+02    0.66426E+02    0.24356E+03    0.34168E+03
   0.23601E+02    0.66520E+02    0.24288E+03    0.34220E+03
   0.22407E+02    0.66507E+02    0.24317E+03    0.34183E+03
   0.22662E+02    0.66446E+02    0.24014E+03    0.34167E+03
   0.21978E+02    0.66360E+02    0.24087E+03    0.34202E+03
   0.22945E+02    0.66263E+02    0.24099E+03    0.34257E+03
   0.23098E+02    0.66189E+02    0.24179E+03    0.34302E+03
   0.22704E+02    0.66230E+02    0.24089E+03    0.34308E+03
   0.23142E+02    0.66274E+02    0.24175E+03    0.34272E+03
   0.22683E+02    0.66278E+02    0.24186E+03    0.34223E+03
   0.22955E+02    0.66269E+02    0.24057E+03    0.34266E+03
   0.22808E+02    0.66282E+02    0.24146E+03    0.34284E+03
   0.23202E+02    0.66331E+02    0.24138E+03    0.34287E+03
   0.22862E+02    0.66316E+02    0.24350E+03    0.34303E+03
   0.23884E+02    0.66283E+02    0.24080E+03    0.34321E+03
   0.23004E+02    0.66246E+02    0.24096E+03    0.34262E+03
   0.23407E+02    0.66210E+02    0.24101E+03    0.34237E+03
   0.23627E+02    0.66171E+02    0.24020E+03    0.34356E+03
   0.22699E+02    0.66165E+02    0.24218E+03    0.34305E+03
   0.23807E+02    0.66125E+02    0.23758E+03    0.34319E+03
   0.23009E+02    0.66115E+02    0.23674E+03    0.34323E+03
   0.23257E+02    0.66057E+02    0.23461E+03    0.34308E+03
   0.22235E+02    0.66008E+02    0.23373E+03    0.34248E+03
   0.22680E+02    0.65904E+02    0.23199E+03    0.34315E+03
   0.23167E+02    0.65933E+02    0.23260E+03    0.34234E+03
   0.23031E+02    0.65993E+02    0.23183E+03    0.34240E+03
   0.22421E+02    0.65937E+02    0.23010E+03    0.34296E+03
   0.21789E+02    0.65810E+02    0.23208E+03    0.34245E+03
   0.23555E+02    0.65719E+02    0.22965E+03    0.34231E+03
   0.21833E+02    0.65706E+02    0.22818E+03    0.34249E+03
   0.23238E+02    0.65762E+02    0.22831E+03    0.34185E+03
   0.22513E+02    0.65832E+02    0.22736E+03    0.34180E+03
   0.21956E+02    0.65834E+02    0.22922E+03    0.34158E+03
   0.22326E+02    0.65741E+02    0.22691E+03    0.34070E+03
   0.22622E+02    0.65693E+02    0.22578E+03    0.34110E+03
   0.23232E+02    0.65703E+02    0.22462E+03    0.34136E+03
   0.22747E+02    0.65695E+02    0.22401E+03    0.34088E+03
   0.23191E+02    0.65677E+02    0.22290E+03    0.34117E+03
   0.23376E+02    0.65592E+02    0.22262E+03    0.34136E+03
   0.22397E+02    0.65539E+02    0.22077E+03    0.34081E+03
   0.23183E+02    0.65460E+02    0.22270E+03    0.34132E+03
   0.22428E+02    0.65440E+02    0.22158E+03    0.34110E+03
   0.24061E+02    0.65459E+02    0.22093E+03    0.34097E+03
   0.22937E+02    0.65536E+02    0.21743E+03    0.34053E+03
   0.22349E+02    0.65527E+02    0.22030E+03    0.34069E+03
   0.22208E+02    0.65531E+02    0.21872E+03    0.34080E+03
   0.23319E+02    0.65454E+02    0.21966E+03    0.34090E+03
   0.23001E+02    0.65457E+02    0.21829E+03    0.34106E+03
   0.22603E+02    0.65419E+02    0.21840E+03    0.34099E+03
   0.23980E+02    0.65410E+02    0.21749E+03    0.34107E+03
   0.21913E+02    0.65381E+02    0.21640E+03    0.34091E+03
   0.24019E+02    0.65338E+02    0.21474E+03    0.34113E+03
   0.23162E+02    0.65236E+02    0.21352E+03    0.34141E+03
   0.23049E+02    0.65187E+02    0.21227E+03    0.34140E+03
   0.23503E+02    0.65148E+02    0.21351E+03    0.34071E+03
   0.22008E+02    0.65155E+02    0.21466E+03    0.34079E+03
   0.22198E+02    0.65281E+02    0.21570E+03    0.34049E+03
   0.22000E+02    0.65324E+02    0.21515E+03    0.34030E+03
   0.23396E+02    0.65350E+02    0.21690E+03    0.34056E+03
   0.22758E+02    0.65338E+02    0.21880E+03    0.34026E+03
   0.22227E+02    0.65340E+02    0.21732E+03    0.34041E+03
   0.22568E+02    0.65360E+02    0.21946E+03    0.34092E+03
   0.21622E+02    0.65283E+02    0.21828E+03    0.34119E+03
   0.23107E+02    0.65210E+02    0.22057E+03    0.34142E+03
   0.23521E+02    0.65229E+02    0.21838E+03    0.34089E+03
   0.22812E+02    0.65349E+02    0.22087E+03    0.34142E+03
   0.22627E+02    0.65491E+02    0.22084E+03    0.34160E+03
   0.23670E+02    0.65562E+02    0.21813E+03    0.34091E+03
   0.22252E+02    0.65511E+02    0.22067E+03    0.34122E+03
   0.23074E+02    0.65511E+02    0.21749E+03    0.34072E+03
   0.22945E+02    0.65530E+02    0.21873E+03    0.34135E+03
   0.22869E+02    0.65569E+02    0.22114E+03    0.34144E+03
   0.23976E+02    0.65530E+02    0.22253E+03    0.34170E+03
   0.22486E+02    0.65469E+02    0.22210E+03    0.34172E+03
   0.22966E+02    0.65398E+02    0.22132E+03    0.34162E+03
   0.22806E+02    0.65343E+02    0.22084E+03    0.34260E+03
   0.22707E+02    0.65346E+02    0.22369E+03    0.34275E+03
   0.23505E+02    0.65391E+02    0.22222E+03    0.34220E+03
   0.22002E+02    0.65443E+02    0.22343E+03    0.34282E+03
   0.23239E+02    0.65475E+02    0.22281E+03    0.34261E+03
   0.22409E+02    0.65453E+02    0.22228E+03    0.34315E+03
   0.22703E+02    0.65352E+02    0.22012E+03    0.34389E+03
   0.22291E+02    0.65268E+02    0.22283E+03    0.34405E+03
   0.22834E+02    0.65307E+02    0.21983E+03    0.34423E+03
   0.23021E+02    0.65307E+02    0.21973E+03    0.34438E+03
   0.22583E+02    0.65294E+02    0.22043E+03    0.34436E+03
   0.22150E+02    0.65251E+02    0.22053E+03    0.34449E+03
   0.22608E+02    0.65282E+02    0.22274E+03    0.34461E+03
   0.23330E+02    0.65275E+02    0.22129E+03    0.34432E+03
   0.22822E+02    0.65246E+02    0.22130E+03    0.34368E+03
   0.23121E+02    0.65246E+02    0.21974E+03    0.34470E+03
   0.22510E+02    0.65246E+02    0.22094E+03    0.34483E+03
   0.22975E+02    0.65236E+02    0.22113E+03    0.34524E+03
   0.22150E+02    0.65218E+02    0.22153E+03    0.34484E+03
   0.23768E+02    0.65203E+02    0.22253E+03    0.34529E+03
   0.23677E+02    0.65183E+02    0.22312E+03    0.34530E+03
   0.23108E+02    0.65213E+02    0.22003E+03    0.34477E+03
   0.23458E+02    0.65230E+02    0.22049E+03    0.34511E+03
   0.22124E+02    0.65227E+02    0.22247E+03    0.34521E+03
   0.22829E+02    0.65163E+02    0.22072E+03    0.34527E+03
   0.22076E+02    0.65098E+02    0.22114E+03    0.34480E+03
   0.22158E+02    0.65072E+02    0.21973E+03    0.34504E+03
   0.22797E+02    0.65056E+02    0.22020E+03    0.34494E+03
   0.24107E+02    0.65017E+02    0.21904E+03    0.34448E+03
   0.23222E+02    0.65088E+02    0.21876E+03    0.34507E+03
   0.22430E+02    0.65090E+02    0.21623E+03    0.34445E+03
   0.23205E+02    0.65055E+02    0.21683E+03    0.34443E+03
   0.22808E+02    0.65008E+02    0.21699E+03    0.34514E+03
   0.21456E+02    0.65014E+02    0.21595E+03    0.34464E+03
   0.22925E+02    0.64975E+02    0.21457E+03    0.34448E+03
   0.22945E+02    0.64863E+02    0.21411E+03    0.34443E+03
   0.23191E+02    0.64842E+02    0.21336E+03    0.34445E+03
   0.22973E+02    0.64869E+02    0.21412E+03    0.34410E+03
   0.22453E+02    0.64879E+02    0.20866E+03    0.34387E+03
   0.23306E+02    0.64897E+02    0.21172E+03    0.34385E+03
   0.23303E+02    0.64880E+02    0.20956E+03    0.34361E+03
   0.23943E+02    0.64746E+02    0.20890E+03    0.34384E+03
   0.23725E+02    0.64700E+02    0.20661E+03    0.34364E+03
   0.23215E+02    0.64688E+02    0.20913E+03    0.34281E+03
   0.22653E+02    0.64713E+02    0.20939E+03    0.34272E+03
   0.23541E+02    0.64712E+02    0.21047E+03    0.34196E+03
   0.22342E+02    0.64660E+02    0.20869E+03    0.34213E+03
   0.23005E+02    0.64675E+02    0.20786E+03    0.34190E+03
   0.22759E+02    0.64735E+02    0.20705E+03    0.34154E+03
   0.23494E+02    0.64847E+02    0.21020E+03    0.34183E+03
   0.22712E+02    0.64891E+02    0.20811E+03    0.34120E+03
   0.21992E+02    0.64822E+02    0.20882E+03    0.34112E+03
   0.23090E+02    0.64751E+02    0.20981E+03    0.34047E+03
   0.23541E+02    0.64650E+02    0.21297E+03    0.34062E+03
   0.22996E+02    0.64684E+02    0.21024E+03    0.34025E+03
   0.23406E+02    0.64764E+02    0.21079E+03    0.34004E+03
   0.22683E+02    0.64841E+02    0.21279E+03    0.33992E+03
   0.23963E+02    0.64878E+02    0.21423E+03    0.34019E+03
   0.22989E+02    0.64878E+02    0.21233E+03    0.33986E+03
   0.22285E+02    0.64980E+02    0.21590E+03    0.33917E+03
   0.22596E+02    0.65009E+02    0.21512E+03    0.33907E+03
   0.22885E+02    0.64972E+02    0.21913E+03    0.33898E+03
   0.22272E+02    0.64932E+02    0.21747E+03    0.33886E+03
   0.22832E+02    0.64955E+02    0.21960E+03    0.33847E+03
   0.22698E+02    0.65108E+02    0.22102E+03    0.33855E+03
   0.21823E+02    0.65239E+02    0.22170E+03    0.33847E+03
   0.22717E+02    0.65367E+02    0.22091E+03    0.33827E+03
   0.23226E+02    0.65407E+02    0.22261E+03    0.33883E+03
   0.22892E+02    0.65405E+02    0.22305E+03    0.33834E+03
   0.23428E+02    0.65366E+02    0.22512E+03    0.33817E+03
   0.22756E+02    0.65357E+02    0.22444E+03    0.33794E+03
   0.23885E+02    0.65332E+02    0.22546E+03    0.33808E+03
   0.23126E+02    0.65357E+02    0.22471E+03    0.33805E+03
   0.23783E+02    0.65433E+02    0.22662E+03    0.33807E+03
   0.22990E+02    0.65507E+02    0.22979E+03    0.33826E+03
   0.22637E+02    0.65602E+02    0.22950E+03    0.33855E+03
   0.22485E+02    0.65635E+02    0.22910E+03    0.33905E+03
   0.21549E+02    0.65635E+02    0.23297E+03    0.33916E+03
   0.22847E+02    0.65594E+02    0.23470E+03    0.33976E+03
   0.21982E+02    0.65627E+02    0.23741E+03    0.33932E+03
   0.23367E+02    0.65731E+02    0.23579E+03    0.33920E+03
   0.22728E+02    0.65866E+02    0.23458E+03    0.33930E+03
   0.24363E+02    0.65958E+02    0.23739E+03    0.34003E+03
   0.22769E+02    0.66023E+02    0.23706E+03    0.33966E+03
   0.22744E+02    0.66042E+02    0.23984E+03    0.33987E+03
   0.22577E+02    0.66008E+02    0.24029E+03    0.33977E+03
   0.22624E+02    0.65972E+02    0.24190E+03    0.33976E+03
   0.22831E+02    0.65999E+02    0.24535E+03    0.34004E+03
   0.23735E+02    0.66114E+02    0.24289E+03    0.34050E+03
   0.23618E+02    0.66208E+02    0.24369E+03    0.33994E+03
   0.22579E+02    0.66249E+02    0.24766E+03    0.34054E+03
   0.22312E+02    0.66286E+02    0.24668E+03    0.34064E+03
   0.23682E+02    0.66300E+02    0.24867E+03    0.34073E+03
   0.22874E+02    0.66295E+02    0.24966E+03    0.34125E+03
   0.24088E+02    0.66288E+02    0.25260E+03    0.34094E+03
   0.24488E+02    0.66298E+02    0.25236E+03    0.34111E+03
   0.22244E+02    0.66382E+02    0.25259E+03    0.34129E+03
   0.22774E+02    0.66537E+02    0.25376E+03    0.34187E+03
   0.23132E+02    0.66603E+02    0.25416E+03    0.34165E+03
   0.22325E+02    0.66618E+02    0.25530E+03    0.34143E+03
   0.21491E+02    0.66601E+02    0.25740E+03    0.34143E+03
   0.22665E+02    0.66544E+02    0.25488E+03    0.34143E+03
   0.23804E+02    0.66589E+02    0.25602E+03    0.34130E+03
   0.23269E+02    0.66644E+02    0.25408E+03    0.34177E+03
   0.22403E+02    0.66687E+02    0.25490E+03    0.34218E+03
   0.23037E+02    0.66626E+02    0.25522E+03    0.34134E+03
   0.23051E+02    0.66580E+02    0.25625E+03    0.34178E+03
   0.22834E+02    0.66601E+02    0.25465E+03    0.34280E+03
   0.22724E+02    0.66602E+02    0.25514E+03    0.34252E+03
   0.22535E+02    0.66592E+02    0.25446E+03    0.34307E+03
   0.23180E+02    0.66609E+02    0.25273E+03    0.34302E+03
   0.22007E+02    0.66589E+02    0.25762E+03    0.34309E+03
   0.22299E+02    0.66548E+02    0.25798E+03    0.34319E+03
   0.22788E+02    0.66531E+02    0.25684E+03    0.34304E+03
   0.24025E+02    0.66490E+02    0.25499E+03    0.34279E+03
   0.22018E+02    0.66552E+02    0.25564E+03    0.34278E+03
   0.23120E+02    0.66609E+02    0.25657E+03    0.34223E+03
   0.23686E+02    0.66628E+02    0.25621E+03    0.34162E+03
   0.24087E+02    0.66695E+02    0.25330E+03    0.34166E+03
   0.23569E+02    0.66748E+02    0.25356E+03    0.34071E+03
   0.22847E+02    0.66663E+02    0.25214E+03    0.34111E+03
   0.23254E+02    0.66551E+02    0.25226E+03    0.34161E+03
   0.23478E+02    0.66583E+02    0.25287E+03    0.34125E+03
   0.22652E+02    0.66719E+02    0.25411E+03    0.34024E+03
   0.23054E+02    0.66745E+02    0.25038E+03    0.34042E+03
   0.23245E+02    0.66711E+02    0.24934E+03    0.34017E+03
   0.22455E+02    0.66631E+02    0.25129E+03    0.34004E+03
   0.23070E+02    0.66514E+02    0.24935E+03    0.34044E+03
   0.21286E+02    0.66466E+02    0.24914E+03    0.34039E+03
   0.24048E+02    0.66515E+02    0.25145E+03    0.34025E+03
   0.22344E+02    0.66603E+02    0.24839E+03    0.34024E+03
   0.21964E+02    0.66636E+02    0.24798E+03    0.34031E+03
   0.23867E+02    0.66610E+02    0.24850E+03    0.33956E+03
   0.22847E+02    0.66549E+02    0.24900E+03    0.33996E+03
   0.23547E+02    0.66565E+02    0.24840E+03    0.34018E+03
   0.22108E+02    0.66560E+02    0.24952E+03    0.34005E+03
   0.23116E+02    0.66540E+02    0.24773E+03    0.34003E+03
   0.21556E+02    0.66601E+02    0.24880E+03    0.34017E+03
   0.22419E+02    0.66577E+02    0.24671E+03    0.33957E+03
   0.24016E+02    0.66564E+02    0.24626E+03    0.33969E+03
   0.23885E+02    0.66634E+02    0.24720E+03    0.33959E+03
   0.23584E+02    0.66679E+02    0.24720E+03    0.33942E+03
   0.23065E+02    0.66670E+02    0.24988E+03    0.33967E+03
   0.22977E+02    0.66633E+02    0.24939E+03    0.34004E+03
   0.22635E+02    0.66624E+02    0.24967E+03    0.33992E+03
   0.22896E+02    0.66631E+02    0.24902E+03    0.33992E+03
   0.21888E+02    0.66608E+02    0.25106E+03    0.34018E+03
   0.24269E+02    0.66656E+02    0.25015E+03    0.33958E+03
   0.22831E+02    0.66620E+02    0.24765E+03    0.34006E+03
   0.22569E+02    0.66661E+02    0.24921E+03    0.33963E+03
   0.23306E+02    0.66684E+02    0.25087E+03    0.34043E+03
   0.22871E+02    0.66740E+02    0.24827E+03    0.33992E+03
   0.22701E+02    0.66769E+02    0.24972E+03    0.33966E+03
   0.23347E+02    0.66695E+02    0.25055E+03    0.33999E+03
   0.23040E+02    0.66644E+02    0.25003E+03    0.34004E+03
   0.23478E+02    0.66633E+02    0.24973E+03    0.34042E+03
   0.24333E+02    0.66648E+02    0.25053E+03    0.34054E+03
   0.23404E+02    0.66677E+02    0.24825E+03    0.34078E+03
   0.22899E+02    0.66719E+02    0.24869E+03    0.34092E+03
   0.22333E+02    0.66695E+02    0.25137E+03    0.34130E+03
   0.22464E+02    0.66679E+02    0.24779E+03    0.34137E+03
   0.22894E+02    0.66601E+02    0.24991E+03    0.34095E+03
   0.22613E+02    0.66587E+02    0.24925E+03    0.34109E+03
   0.23002E+02    0.66614E+02    0.24712E+03    0.34117E+03
   0.23392E+02    0.66636E+02    0.25147E+03    0.34186E+03
   0.22249E+02    0.66644E+02    0.24932E+03    0.34125E+03
   0.22861E+02    0.66682E+02    0.24888E+03    0.34210E+03
   0.23365E+02    0.66656E+02    0.24974E+03    0.34196E+03
   0.22463E+02    0.66645E+02    0.24964E+03    0.34251E+03
   0.22398E+02    0.66617E+02    0.24942E+03    0.34285E+03
   0.23075E+02    0.66576E+02    0.24716E+03    0.34292E+03
   0.22746E+02    0.66466E+02    0.24739E+03    0.34349E+03
   0.22690E+02    0.66429E+02    0.24763E+03    0.34364E+03
   0.22310E+02    0.66461E+02    0.24627E+03    0.34337E+03
   0.23194E+02    0.66474E+02    0.24714E+03    0.34368E+03
   0.23417E+02    0.66497E+02    0.24502E+03    0.34320E+03
   0.22679E+02    0.66422E+02    0.24501E+03    0.34377E+03
   0.22661E+02    0.66403E+02    0.24377E+03    0.34397E+03
   0.23035E+02    0.66378E+02    0.24438E+03    0.34363E+03
   0.22672E+02    0.66311E+02    0.24439E+03    0.34398E+03
   0.23103E+02    0.66244E+02    0.24561E+03    0.34440E+03
   0.23024E+02    0.66248E+02    0.24271E+03    0.34399E+03
   0.23664E+02    0.66278E+02    0.24382E+03    0.34401E+03
   0.22377E+02    0.66315E+02    0.24023E+03    0.34439E+03
   0.23379E+02    0.66216E+02    0.24142E+03    0.34501E+03
   0.22951E+02    0.66152E+02    0.23937E+03    0.34467E+03
   0.21628E+02    0.66101E+02    0.23909E+03    0.34492E+03
   0.22688E+02    0.66028E+02    0.23697E+03    0.34484E+03
   0.22438E+02    0.65967E+02    0.23725E+03    0.34445E+03
   0.23037E+02    0.65874E+02    0.23412E+03    0.34405E+03
   0.23725E+02    0.65808E+02    0.23353E+03    0.34349E+03
   0.23772E+02    0.65771E+02    0.23167E+03    0.34349E+03
   0.22859E+02    0.65751E+02    0.23023E+03    0.34404E+03
   0.22806E+02    0.65740E+02    0.22671E+03    0.34333E+03
   0.22016E+02    0.65657E+02    0.22737E+03    0.34330E+03
   0.22407E+02    0.65599E+02    0.22362E+03    0.34350E+03
   0.24221E+02    0.65582E+02    0.22150E+03    0.34308E+03
   0.23478E+02    0.65497E+02    0.22206E+03    0.34304E+03
   0.22561E+02    0.65438E+02    0.22188E+03    0.34264E+03
   0.23796E+02    0.65322E+02    0.21734E+03    0.34254E+03
   0.22474E+02    0.65267E+02    0.21709E+03    0.34285E+03
   0.22414E+02    0.65206E+02    0.21409E+03    0.34259E+03
   0.24277E+02    0.65114E+02    0.21553E+03    0.34348E+03
   0.23314E+02    0.65105E+02    0.21420E+03    0.34319E+03
   0.22738E+02    0.65084E+02    0.21475E+03    0.34252E+03
   0.21630E+02    0.65084E+02    0.21401E+03    0.34247E+03
   0.23650E+02    0.65038E+02    0.21334E+03    0.34217E+03
   0.22933E+02    0.65080E+02    0.21256E+03    0.34148E+03
   0.23250E+02    0.65062E+02    0.21131E+03    0.34088E+03
   0.23605E+02    0.64983E+02    0.21257E+03    0.34110E+03
   0.22938E+02    0.64935E+02    0.20825E+03    0.34112E+03
   0.22633E+02    0.64983E+02    0.21078E+03    0.34118E+03
   0.22346E+02    0.65002E+02    0.20748E+03    0.34181E+03
   0.23197E+02    0.65034E+02    0.20803E+03    0.34092E+03
   0.23289E+02    0.65003E+02    0.20662E+03    0.34053E+03
   0.22963E+02    0.64925E+02    0.21107E+03    0.33979E+03
   0.23142E+02    0.64830E+02    0.20829E+03    0.34019E+03
   0.23271E+02    0.64814E+02    0.21013E+03    0.34000E+03
   0.23561E+02    0.64909E+02    0.20940E+03    0.33997E+03
   0.22760E+02    0.65013E+02    0.20741E+03    0.34018E+03
   0.22708E+02    0.65061E+02    0.21081E+03    0.33956E+03
   0.23956E+02    0.64987E+02    0.20924E+03    0.34008E+03
   0.22377E+02    0.64963E+02    0.21039E+03    0.33948E+03
   0.23446E+02    0.64939E+02    0.20872E+03    0.33930E+03
   0.23798E+02    0.64884E+02    0.20936E+03    0.33965E+03
   0.22874E+02    0.64903E+02    0.21050E+03    0.34007E+03
   0.22323E+02    0.64961E+02    0.20971E+03    0.33983E+03
   0.22991E+02    0.64894E+02    0.21070E+03    0.33994E+03
   0.22341E+02    0.64869E+02    0.20915E+03    0.34048E+03
   0.22905E+02    0.64861E+02    0.21090E+03    0.34009E+03
   0.23892E+02    0.64951E+02    0.21228E+03    0.33998E+03
   0.22524E+02    0.64986E+02    0.21279E+03    0.34008E+03
   0.23114E+02    0.65025E+02    0.21260E+03    0.34046E+03
   0.22767E+02    0.64986E+02    0.21412E+03    0.34083E+03
   0.22401E+02    0.64903E+02    0.21446E+03    0.34135E+03
   0.22791E+02    0.64940E+02    0.21345E+03    0.34100E+03
   0.22971E+02    0.64985E+02    0.21382E+03    0.34075E+03
   0.22765E+02    0.64990E+02    0.21337E+03    0.34065E+03
   0.22862E+02    0.65075E+02    0.21396E+03    0.34133E+03
   0.24132E+02    0.65166E+02    0.21651E+03    0.34109E+03
   0.23057E+02    0.65253E+02    0.21778E+03    0.34137E+03
   0.22495E+02    0.65308E+02    0.22103E+03    0.34169E+03
   0.23506E+02    0.65267E+02    0.22003E+03    0.34103E+03
   0.23410E+02    0.65211E+02    0.22283E+03    0.34104E+03
   0.21779E+02    0.65208E+02    0.22469E+03    0.34116E+03
   0.23120E+02    0.65232E+02    0.22595E+03    0.34106E+03
   0.22919E+02    0.65365E+02    0.22549E+03    0.34153E+03
   0.22091E+02    0.65468E+02    0.22603E+03    0.34070E+03
   0.23326E+02    0.65570E+02    0.22703E+03    0.34101E+03
   0.21756E+02    0.65628E+02    0.22989E+03    0.34086E+03
   0.22495E+02    0.65561E+02    0.23005E+03    0.34079E+03
   0.21800E+02    0.65529E+02    0.23050E+03    0.34044E+03
   0.23655E+02    0.65559E+02    0.22997E+03    0.34079E+03
   0.23200E+02    0.65649E+02    0.23233E+03    0.34054E+03
   0.22204E+02    0.65734E+02    0.23121E+03    0.34060E+03
   0.23012E+02    0.65803E+02    0.23361E+03    0.34047E+03
   0.23022E+02    0.65821E+02    0.23331E+03    0.34052E+03
   0.22283E+02    0.65758E+02    0.23503E+03    0.34025E+03
   0.23015E+02    0.65771E+02    0.23593E+03    0.34074E+03
   0.22831E+02    0.65876E+02    0.23506E+03    0.34034E+03
   0.22423E+02    0.65889E+02    0.23471E+03    0.33996E+03
   0.22563E+02    0.65914E+02    0.23859E+03    0.34035E+03
   0.22259E+02    0.65966E+02    0.23506E+03    0.33928E+03
   0.22793E+02    0.65978E+02    0.23700E+03    0.34006E+03
   0.22793E+02    0.66042E+02    0.23970E+03    0.33978E+03
   0.23816E+02    0.65998E+02    0.24208E+03    0.34010E+03
   0.23135E+02    0.66020E+02    0.24583E+03    0.34070E+03
   0.23602E+02    0.66147E+02    0.24275E+03    0.34045E+03
   0.24279E+02    0.66198E+02    0.24620E+03    0.34036E+03
   0.22578E+02    0.66233E+02    0.24085E+03    0.34117E+03
   0.23206E+02    0.66296E+02    0.24320E+03    0.34066E+03
   0.22951E+02    0.66295E+02    0.24153E+03    0.34156E+03
   0.22515E+02    0.66269E+02    0.24094E+03    0.34153E+03
   0.22182E+02    0.66243E+02    0.24130E+03    0.34175E+03
   0.22888E+02    0.66242E+02    0.24258E+03    0.34197E+03
   0.22472E+02    0.66245E+02    0.24027E+03    0.34239E+03
   0.22096E+02    0.66225E+02    0.24367E+03    0.34259E+03
   0.23029E+02    0.66179E+02    0.24284E+03    0.34234E+03
   0.23864E+02    0.66143E+02    0.24361E+03    0.34263E+03
   0.23310E+02    0.66125E+02    0.24345E+03    0.34295E+03
   0.22527E+02    0.66173E+02    0.24382E+03    0.34288E+03
   0.23150E+02    0.66243E+02    0.24272E+03    0.34289E+03
   0.22383E+02    0.66296E+02    0.24472E+03    0.34253E+03
   0.22541E+02    0.66309E+02    0.24462E+03    0.34273E+03
   0.22788E+02    0.66273E+02    0.24467E+03    0.34263E+03
   0.22966E+02    0.66203E+02    0.24425E+03    0.34232E+03
   0.23020E+02    0.66217E+02    0.24459E+03    0.34281E+03
   0.22619E+02    0.66211E+02    0.24578E+03    0.34226E+03
   0.22550E+02    0.66214E+02    0.24282E+03    0.34241E+03
   0.24065E+02    0.66247E+02    0.24594E+03    0.34228E+03
   0.23116E+02    0.66309E+02    0.24167E+03    0.34191E+03
   0.23013E+02    0.66319E+02    0.24308E+03    0.34182E+03
   0.22683E+02    0.66319E+02    0.24304E+03    0.34140E+03
   0.22549E+02    0.66271E+02    0.24348E+03    0.34177E+03
   0.21623E+02    0.66216E+02    0.24198E+03    0.34195E+03
   0.23832E+02    0.66232E+02    0.24070E+03    0.34218E+03
   0.23648E+02    0.66293E+02    0.24069E+03    0.34165E+03
   0.23059E+02    0.66352E+02    0.24035E+03    0.34195E+03
   0.22236E+02    0.66363E+02    0.23959E+03    0.34206E+03
   0.23521E+02    0.66290E+02    0.23910E+03    0.34257E+03
   0.24092E+02    0.66164E+02    0.24014E+03    0.34246E+03
   0.22533E+02    0.66062E+02    0.23904E+03    0.34239E+03
   0.23189E+02    0.65973E+02    0.23761E+03    0.34250E+03
   0.22891E+02    0.65949E+02    0.23938E+03    0.34296E+03
   0.22139E+02    0.65970E+02    0.23819E+03    0.34318E+03
   0.22579E+02    0.66025E+02    0.23619E+03    0.34298E+03
   0.23134E+02    0.66023E+02    0.24030E+03    0.34292E+03
   0.23039E+02    0.66017E+02    0.23945E+03    0.34296E+03
   0.23266E+02    0.65996E+02    0.23867E+03    0.34360E+03
   0.22489E+02    0.65997E+02    0.23695E+03    0.34358E+03
   0.22635E+02    0.65994E+02    0.23841E+03    0.34364E+03
   0.24476E+02    0.65927E+02    0.23655E+03    0.34345E+03
   0.23193E+02    0.65913E+02    0.23770E+03    0.34375E+03
   0.22778E+02    0.65920E+02    0.23658E+03    0.34352E+03
   0.23037E+02    0.65915E+02    0.23720E+03    0.34339E+03
   0.22539E+02    0.65939E+02    0.23713E+03    0.34285E+03
   0.23139E+02    0.65925E+02    0.23904E+03    0.34331E+03
   0.23050E+02    0.65917E+02    0.23653E+03    0.34275E+03
   0.22504E+02    0.65968E+02    0.23737E+03    0.34247E+03
   0.22753E+02    0.65994E+02    0.23889E+03    0.34282E+03
   0.21583E+02    0.65987E+02    0.23535E+03    0.34256E+03
   0.23377E+02    0.65899E+02    0.23530E+03    0.34247E+03
   0.21332E+02    0.65841E+02    0.23652E+03    0.34285E+03
   0.23254E+02    0.65823E+02    0.23589E+03    0.34296E+03
   0.23532E+02    0.65793E+02    0.23608E+03    0.34304E+03
   0.23141E+02    0.65740E+02    0.23650E+03    0.34367E+03
   0.24451E+02    0.65729E+02    0.23827E+03    0.34286E+03
   0.21469E+02    0.65792E+02    0.23588E+03    0.34284E+03
   0.23063E+02    0.65908E+02    0.23657E+03    0.34270E+03
   0.22058E+02    0.65919E+02    0.23468E+03    0.34300E+03
   0.24007E+02    0.65890E+02    0.23429E+03    0.34244E+03
   0.22786E+02    0.65784E+02    0.23529E+03    0.34256E+03
   0.23760E+02    0.65720E+02    0.23498E+03    0.34233E+03
   0.23931E+02    0.65696E+02    0.23413E+03    0.34234E+03
   0.22956E+02    0.65682E+02    0.23160E+03    0.34234E+03
   0.23073E+02    0.65667E+02    0.23088E+03    0.34194E+03
   0.23186E+02    0.65720E+02    0.23173E+03    0.34188E+03
   0.22207E+02    0.65776E+02    0.23057E+03    0.34184E+03
   0.22773E+02    0.65737E+02    0.23014E+03    0.34136E+03
   0.23081E+02    0.65720E+02    0.23178E+03    0.34137E+03
   0.23505E+02    0.65722E+02    0.23191E+03    0.34078E+03
   0.23611E+02    0.65708E+02    0.23416E+03    0.34066E+03
   0.24063E+02    0.65782E+02    0.23176E+03    0.34067E+03
   0.23597E+02    0.65830E+02    0.23419E+03    0.34011E+03
   0.23715E+02    0.65862E+02    0.23088E+03    0.34019E+03
   0.22091E+02    0.65844E+02    0.23002E+03    0.34005E+03
   0.24124E+02    0.65846E+02    0.23165E+03    0.33944E+03
   0.24880E+02    0.65833E+02    0.22963E+03    0.34033E+03
   0.22213E+02    0.65850E+02    0.23106E+03    0.34037E+03
   0.22969E+02    0.65921E+02    0.23096E+03    0.34017E+03
   0.23872E+02    0.65934E+02    0.23007E+03    0.34024E+03
   0.22471E+02    0.65946E+02    0.23149E+03    0.33980E+03
   0.23346E+02    0.65939E+02    0.23405E+03    0.34007E+03
   0.23277E+02    0.65926E+02    0.23084E+03    0.33990E+03
   0.23370E+02    0.65862E+02    0.23164E+03    0.34002E+03
   0.21941E+02    0.65879E+02    0.23129E+03    0.33978E+03
   0.22822E+02    0.65911E+02    0.23223E+03    0.33964E+03
   0.23724E+02    0.65918E+02    0.23200E+03    0.33999E+03
   0.22015E+02    0.65883E+02    0.23322E+03    0.33961E+03
   0.23506E+02    0.65864E+02    0.23441E+03    0.33927E+03
   0.24154E+02    0.65915E+02    0.23086E+03    0.33968E+03
   0.22756E+02    0.66026E+02    0.23366E+03    0.33948E+03
   0.23707E+02    0.66107E+02    0.23568E+03    0.33940E+03
   0.22906E+02    0.66062E+02    0.23531E+03    0.33952E+03
   0.22322E+02    0.66048E+02    0.23537E+03    0.33982E+03
   0.23416E+02    0.66020E+02    0.23602E+03    0.33957E+03
   0.23089E+02    0.66028E+02    0.23398E+03    0.33898E+03
   0.22883E+02    0.66129E+02    0.23223E+03    0.33902E+03
   0.22554E+02    0.66161E+02    0.22992E+03    0.33928E+03
   0.23760E+02    0.66122E+02    0.23271E+03    0.34035E+03
   0.23063E+02    0.66125E+02    0.23411E+03    0.34058E+03
   0.22361E+02    0.66036E+02    0.23301E+03    0.34160E+03
   0.22816E+02    0.65946E+02    0.23678E+03    0.34198E+03
   0.23313E+02    0.65944E+02    0.23684E+03    0.34175E+03
   0.22485E+02    0.66032E+02    0.23382E+03    0.34212E+03
   0.24237E+02    0.66014E+02    0.23188E+03    0.34223E+03
   0.22418E+02    0.65975E+02    0.23325E+03    0.34253E+03
   0.23702E+02    0.65932E+02    0.23296E+03    0.34276E+03
   0.23301E+02    0.65936E+02    0.23243E+03    0.34341E+03
   0.22291E+02    0.65943E+02    0.23318E+03    0.34318E+03
   0.22050E+02    0.65919E+02    0.23465E+03    0.34285E+03
   0.22433E+02    0.65903E+02    0.23545E+03    0.34306E+03
   0.23137E+02    0.65914E+02    0.23412E+03    0.34324E+03
   0.22479E+02    0.65922E+02    0.23563E+03    0.34346E+03
   0.23532E+02    0.65962E+02    0.23306E+03    0.34362E+03
   0.23310E+02    0.65989E+02    0.23263E+03    0.34371E+03
   0.22478E+02    0.66013E+02    0.23361E+03    0.34376E+03
   0.22954E+02    0.65977E+02    0.23442E+03    0.34447E+03
   0.24006E+02    0.65883E+02    0.23113E+03    0.34395E+03
   0.23122E+02    0.65844E+02    0.23455E+03    0.34432E+03
   0.22945E+02    0.65906E+02    0.23300E+03    0.34329E+03
   0.23016E+02    0.65940E+02    0.23532E+03    0.34391E+03
   0.22881E+02    0.65887E+02    0.23475E+03    0.34381E+03
   0.22611E+02    0.65900E+02    0.23362E+03    0.34385E+03
   0.21736E+02    0.65906E+02    0.23364E+03    0.34419E+03
   0.22264E+02    0.65914E+02    0.23358E+03    0.34372E+03
   0.22752E+02    0.65890E+02    0.23499E+03    0.34391E+03
   0.22666E+02    0.65863E+02    0.23359E+03    0.34362E+03
   0.23500E+02    0.65863E+02    0.23321E+03    0.34389E+03
   0.23162E+02    0.65868E+02    0.23317E+03    0.34333E+03
   0.24054E+02    0.65861E+02    0.23248E+03    0.34351E+03
   0.22273E+02    0.65860E+02    0.23129E+03    0.34335E+03
   0.22330E+02    0.65876E+02    0.23093E+03    0.34352E+03
   0.23074E+02    0.65832E+02    0.23206E+03    0.34282E+03
   0.23093E+02    0.65800E+02    0.23538E+03    0.34342E+03
   0.22444E+02    0.65758E+02    0.23194E+03    0.34373E+03
   0.22896E+02    0.65762E+02    0.23382E+03    0.34309E+03
   0.23144E+02    0.65758E+02    0.23261E+03    0.34333E+03
   0.23412E+02    0.65731E+02    0.23104E+03    0.34329E+03
   0.23005E+02    0.65720E+02    0.23128E+03    0.34343E+03
   0.23437E+02    0.65640E+02    0.23102E+03    0.34339E+03
   0.23390E+02    0.65577E+02    0.23120E+03    0.34312E+03
   0.22804E+02    0.65542E+02    0.22823E+03    0.34302E+03
   0.21983E+02    0.65490E+02    0.22784E+03    0.34299E+03
   0.22915E+02    0.65542E+02    0.22944E+03    0.34247E+03
   0.23509E+02    0.65526E+02    0.22389E+03    0.34270E+03
   0.22553E+02    0.65479E+02    0.22579E+03    0.34209E+03
   0.23312E+02    0.65428E+02    0.22572E+03    0.34253E+03
   0.21064E+02    0.65382E+02    0.22513E+03    0.34253E+03
   0.22523E+02    0.65274E+02    0.22286E+03    0.34186E+03
   0.23076E+02    0.65210E+02    0.22463E+03    0.34164E+03
   0.23700E+02    0.65252E+02    0.22258E+03    0.34184E+03
   0.22471E+02    0.65403E+02    0.21979E+03    0.34198E+03
   0.21962E+02    0.65484E+02    0.21893E+03    0.34145E+03
   0.22656E+02    0.65409E+02    0.21931E+03    0.34211E+03
   0.23420E+02    0.65234E+02    0.22003E+03    0.34100E+03
   0.24172E+02    0.65115E+02    0.21822E+03    0.34063E+03
   0.23458E+02    0.65084E+02    0.21705E+03    0.34076E+03
   0.22531E+02    0.65131E+02    0.21662E+03    0.34105E+03
   0.22714E+02    0.65134E+02    0.21558E+03    0.34088E+03
   0.22673E+02    0.65136E+02    0.21453E+03    0.33997E+03
   0.22883E+02    0.65167E+02    0.21297E+03    0.34021E+03
   0.22493E+02    0.65159E+02    0.21143E+03    0.33965E+03
   0.22307E+02    0.65117E+02    0.20986E+03    0.33975E+03
   0.23251E+02    0.65058E+02    0.21168E+03    0.33925E+03
   0.23284E+02    0.65008E+02    0.21054E+03    0.33964E+03
   0.22693E+02    0.65041E+02    0.21084E+03    0.33933E+03
   0.22726E+02    0.65060E+02    0.21138E+03    0.33946E+03
   0.22580E+02    0.65096E+02    0.21174E+03    0.33886E+03
   0.23353E+02    0.65116E+02    0.21281E+03    0.33914E+03
   0.22483E+02    0.65089E+02    0.21422E+03    0.33856E+03
   0.22265E+02    0.65123E+02    0.21308E+03    0.33887E+03
   0.22491E+02    0.65189E+02    0.21445E+03    0.33830E+03
   0.22296E+02    0.65264E+02    0.21759E+03    0.33787E+03
   0.22922E+02    0.65312E+02    0.21878E+03    0.33905E+03
   0.23362E+02    0.65373E+02    0.21680E+03    0.33824E+03
   0.23018E+02    0.65400E+02    0.21752E+03    0.33897E+03
   0.22756E+02    0.65399E+02    0.21795E+03    0.33862E+03
   0.22806E+02    0.65363E+02    0.21786E+03    0.33933E+03
   0.23939E+02    0.65292E+02    0.22108E+03    0.33954E+03
   0.23475E+02    0.65282E+02    0.22115E+03    0.34007E+03
   0.23318E+02    0.65353E+02    0.22360E+03    0.33986E+03
   0.22715E+02    0.65499E+02    0.22412E+03    0.34019E+03
   0.22570E+02    0.65634E+02    0.22524E+03    0.33951E+03
   0.23213E+02    0.65634E+02    0.22456E+03    0.33952E+03
   0.23467E+02    0.65614E+02    0.22453E+03    0.34050E+03
   0.21988E+02    0.65614E+02    0.22724E+03    0.34011E+03
   0.21733E+02    0.65533E+02    0.22713E+03    0.34069E+03
   0.22806E+02    0.65500E+02    0.22857E+03    0.34083E+03
   0.23191E+02    0.65532E+02    0.23102E+03    0.34104E+03
   0.22595E+02    0.65560E+02    0.22893E+03    0.34091E+03
   0.23687E+02    0.65711E+02    0.23185E+03    0.34074E+03
   0.21960E+02    0.65802E+02    0.23072E+03    0.34138E+03
   0.22994E+02    0.65788E+02    0.23280E+03    0.34121E+03
   0.22753E+02    0.65731E+02    0.23155E+03    0.34124E+03
   0.23404E+02    0.65675E+02    0.23283E+03    0.34152E+03
   0.22480E+02    0.65692E+02    0.23128E+03    0.34131E+03
   0.23244E+02    0.65726E+02    0.23120E+03    0.34131E+03
   0.23981E+02    0.65720E+02    0.23159E+03    0.34173E+03
   0.22851E+02    0.65746E+02    0.23211E+03    0.34170E+03
   0.23542E+02    0.65806E+02    0.23338E+03    0.34178E+03
   0.23540E+02    0.65799E+02    0.23380E+03    0.34270E+03
   0.23381E+02    0.65771E+02    0.23821E+03    0.34300E+03
   0.22835E+02    0.65684E+02    0.23657E+03    0.34353E+03
   0.22697E+02    0.65692E+02    0.23619E+03    0.34380E+03
   0.23337E+02    0.65748E+02    0.23355E+03    0.34392E+03
   0.22841E+02    0.65783E+02    0.23316E+03    0.34441E+03
   0.22347E+02    0.65777E+02    0.23236E+03    0.34472E+03
   0.22782E+02    0.65672E+02    0.23210E+03    0.34524E+03
   0.23364E+02    0.65580E+02    0.23506E+03    0.34516E+03
   0.22844E+02    0.65575E+02    0.23494E+03    0.34563E+03
   0.22675E+02    0.65647E+02    0.23448E+03    0.34533E+03
   0.23158E+02    0.65701E+02    0.23574E+03    0.34526E+03
   0.24251E+02    0.65721E+02    0.23393E+03    0.34539E+03
   0.22674E+02    0.65705E+02    0.23509E+03    0.34516E+03
   0.22382E+02    0.65666E+02    0.23557E+03    0.34566E+03
   0.23222E+02    0.65642E+02    0.23549E+03    0.34598E+03
   0.23725E+02    0.65640E+02    0.23771E+03    0.34542E+03
   0.23689E+02    0.65710E+02    0.23638E+03    0.34541E+03
   0.22779E+02    0.65773E+02    0.23434E+03    0.34532E+03
   0.21952E+02    0.65770E+02    0.23763E+03    0.34517E+03
   0.23385E+02    0.65762E+02    0.23613E+03    0.34500E+03
   0.23039E+02    0.65729E+02    0.23416E+03    0.34541E+03
   0.24129E+02    0.65716E+02    0.23257E+03    0.34485E+03
   0.23618E+02    0.65740E+02    0.23346E+03    0.34493E+03
   0.22492E+02    0.65715E+02    0.23298E+03    0.34505E+03
   0.22657E+02    0.65669E+02    0.23243E+03    0.34487E+03
   0.22642E+02    0.65621E+02    0.23407E+03    0.34488E+03
   0.23386E+02    0.65561E+02    0.23320E+03    0.34422E+03
   0.23583E+02    0.65580E+02    0.23063E+03    0.34400E+03
   0.22032E+02    0.65532E+02    0.23205E+03    0.34412E+03
   0.23687E+02    0.65525E+02    0.22908E+03    0.34367E+03
   0.22390E+02    0.65540E+02    0.23025E+03    0.34310E+03
   0.22957E+02    0.65596E+02    0.22860E+03    0.34339E+03
   0.22074E+02    0.65532E+02    0.22867E+03    0.34322E+03
   0.22957E+02    0.65464E+02    0.22728E+03    0.34307E+03
   0.23054E+02    0.65426E+02    0.22668E+03    0.34328E+03
   0.23376E+02    0.65348E+02    0.22363E+03    0.34328E+03
   0.22916E+02    0.65330E+02    0.22695E+03    0.34281E+03
   0.23764E+02    0.65338E+02    0.22447E+03    0.34245E+03
   0.23150E+02    0.65414E+02    0.22398E+03    0.34195E+03
   0.22173E+02    0.65534E+02    0.22278E+03    0.34146E+03
   0.22678E+02    0.65506E+02    0.22370E+03    0.34092E+03
   0.22904E+02    0.65404E+02    0.22316E+03    0.34106E+03
   0.22290E+02    0.65396E+02    0.22512E+03    0.34072E+03
   0.23107E+02    0.65389E+02    0.22433E+03    0.34045E+03
   0.23200E+02    0.65426E+02    0.22469E+03    0.34012E+03
   0.22681E+02    0.65508E+02    0.22564E+03    0.33995E+03
   0.22089E+02    0.65557E+02    0.22703E+03    0.33916E+03
   0.22680E+02    0.65566E+02    0.22601E+03    0.33866E+03
   0.23735E+02    0.65535E+02    0.22695E+03    0.33900E+03
   0.22617E+02    0.65574E+02    0.22883E+03    0.33883E+03
   0.23062E+02    0.65597E+02    0.22716E+03    0.33867E+03
   0.23075E+02    0.65648E+02    0.22798E+03    0.33850E+03
   0.23072E+02    0.65724E+02    0.22815E+03    0.33888E+03
   0.22447E+02    0.65831E+02    0.23108E+03    0.33830E+03
   0.23424E+02    0.65858E+02    0.23035E+03    0.33825E+03
   0.24297E+02    0.65861E+02    0.22983E+03    0.33853E+03
   0.23327E+02    0.65877E+02    0.22900E+03    0.33822E+03
   0.21834E+02    0.65807E+02    0.23060E+03    0.33823E+03
   0.23517E+02    0.65795E+02    0.23187E+03    0.33782E+03
   0.23603E+02    0.65852E+02    0.23354E+03    0.33791E+03
   0.23091E+02    0.65934E+02    0.23202E+03    0.33789E+03
   0.23916E+02    0.65993E+02    0.23147E+03    0.33831E+03
   0.23626E+02    0.65996E+02    0.23362E+03    0.33810E+03
   0.23202E+02    0.66000E+02    0.23401E+03    0.33844E+03
   0.22415E+02    0.65990E+02    0.23618E+03    0.33814E+03
   0.22631E+02    0.65996E+02    0.23531E+03    0.33887E+03
   0.22686E+02    0.66051E+02    0.23624E+03    0.33839E+03
   0.23410E+02    0.66085E+02    0.23488E+03    0.33886E+03
   0.23486E+02    0.66079E+02    0.23653E+03    0.33899E+03
   0.22697E+02    0.66129E+02    0.23754E+03    0.33885E+03
   0.22676E+02    0.66167E+02    0.23836E+03    0.33879E+03
   0.23315E+02    0.66202E+02    0.23949E+03    0.33904E+03
   0.23478E+02    0.66270E+02    0.23834E+03    0.33943E+03
   0.23354E+02    0.66286E+02    0.23799E+03    0.33972E+03
   0.21592E+02    0.66220E+02    0.23887E+03    0.34006E+03
   0.23388E+02    0.66124E+02    0.24184E+03    0.34062E+03
   0.23407E+02    0.66097E+02    0.24320E+03    0.34116E+03
   0.22921E+02    0.66104E+02    0.24427E+03    0.34143E+03
   0.22875E+02    0.66195E+02    0.24610E+03    0.34206E+03
   0.23590E+02    0.66328E+02    0.24723E+03    0.34218E+03
   0.22908E+02    0.66362E+02    0.24818E+03    0.34237E+03
   0.22610E+02    0.66378E+02    0.24758E+03    0.34233E+03
   0.22533E+02    0.66349E+02    0.24721E+03    0.34279E+03
   0.23218E+02    0.66374E+02    0.24666E+03    0.34254E+03
   0.24034E+02    0.66374E+02    0.24585E+03    0.34283E+03
   0.23528E+02    0.66330E+02    0.24964E+03    0.34312E+03
   0.21979E+02    0.66344E+02    0.24963E+03    0.34367E+03
   0.22459E+02    0.66289E+02    0.24887E+03    0.34460E+03
   0.23156E+02    0.66242E+02    0.24748E+03    0.34446E+03
   0.22890E+02    0.66214E+02    0.24623E+03    0.34467E+03
   0.22440E+02    0.66242E+02    0.24434E+03    0.34483E+03
   0.22990E+02    0.66227E+02    0.24537E+03    0.34500E+03
   0.22163E+02    0.66193E+02    0.24538E+03    0.34490E+03
   0.23690E+02    0.66203E+02    0.24376E+03    0.34475E+03
   0.22957E+02    0.66188E+02    0.24283E+03    0.34480E+03
   0.23731E+02    0.66148E+02    0.24144E+03    0.34509E+03
   0.22316E+02    0.66072E+02    0.24249E+03    0.34579E+03
   0.22948E+02    0.66025E+02    0.24255E+03    0.34534E+03
   0.22225E+02    0.66014E+02    0.23873E+03    0.34543E+03
   0.23019E+02    0.66027E+02    0.23977E+03    0.34488E+03
   0.23477E+02    0.66021E+02    0.23699E+03    0.34408E+03
   0.23706E+02    0.65980E+02    0.23996E+03    0.34412E+03
   0.23336E+02    0.65982E+02    0.23870E+03    0.34381E+03
   0.23099E+02    0.65941E+02    0.23507E+03    0.34360E+03
   0.23596E+02    0.65833E+02    0.23440E+03    0.34340E+03
   0.22987E+02    0.65769E+02    0.23346E+03    0.34352E+03
   0.23371E+02    0.65671E+02    0.23546E+03    0.34316E+03
   0.22697E+02    0.65674E+02    0.23104E+03    0.34308E+03
   0.22237E+02    0.65750E+02    0.22837E+03    0.34292E+03
   0.22840E+02    0.65696E+02    0.22636E+03    0.34281E+03
   0.22964E+02    0.65541E+02    0.22516E+03    0.34294E+03
   0.22283E+02    0.65466E+02    0.22232E+03    0.34283E+03
   0.23227E+02    0.65437E+02    0.22228E+03    0.34199E+03
   0.22443E+02    0.65417E+02    0.21864E+03    0.34139E+03
   0.22839E+02    0.65347E+02    0.21852E+03    0.34065E+03
   0.23367E+02    0.65269E+02    0.21726E+03    0.34074E+03
   0.22710E+02    0.65218E+02    0.21634E+03    0.34037E+03
   0.22752E+02    0.65148E+02    0.21521E+03    0.34060E+03
   0.23452E+02    0.65119E+02    0.21524E+03    0.34037E+03
   0.22437E+02    0.65083E+02    0.21528E+03    0.34062E+03
   0.23690E+02    0.65033E+02    0.21268E+03    0.33975E+03
   0.22971E+02    0.64968E+02    0.21232E+03    0.33989E+03
   0.22488E+02    0.65051E+02    0.20952E+03    0.33980E+03
   0.22716E+02    0.65053E+02    0.20944E+03    0.33977E+03
   0.23902E+02    0.65017E+02    0.20654E+03    0.33962E+03
   0.22906E+02    0.64927E+02    0.20856E+03    0.33975E+03
   0.23133E+02    0.64934E+02    0.20460E+03    0.33960E+03
   0.23361E+02    0.64874E+02    0.20485E+03    0.33873E+03
   0.22784E+02    0.64762E+02    0.20491E+03    0.33973E+03
   0.22408E+02    0.64717E+02    0.20566E+03    0.33947E+03
   0.23797E+02    0.64725E+02    0.20368E+03    0.33945E+03
   0.22397E+02    0.64753E+02    0.20285E+03    0.33952E+03
   0.22921E+02    0.64764E+02    0.20508E+03    0.33915E+03
   0.22642E+02    0.64775E+02    0.20347E+03    0.33912E+03
   0.22287E+02    0.64725E+02    0.20742E+03    0.33954E+03
   0.22920E+02    0.64684E+02    0.20499E+03    0.34015E+03
   0.24003E+02    0.64745E+02    0.20724E+03    0.33988E+03
   0.22593E+02    0.64881E+02    0.20615E+03    0.34031E+03
   0.23497E+02    0.64931E+02    0.20779E+03    0.34088E+03
   0.22321E+02    0.64969E+02    0.20672E+03    0.34037E+03
   0.22361E+02    0.64894E+02    0.21068E+03    0.34121E+03
   0.23129E+02    0.64835E+02    0.21038E+03    0.34072E+03
   0.23326E+02    0.64839E+02    0.21148E+03    0.34103E+03
   0.23163E+02    0.64924E+02    0.21262E+03    0.34036E+03
   0.24277E+02    0.64993E+02    0.21266E+03    0.34096E+03
   0.23785E+02    0.65103E+02    0.21431E+03    0.34090E+03
   0.23130E+02    0.65181E+02    0.21667E+03    0.34056E+03
   0.23350E+02    0.65217E+02    0.21645E+03    0.34078E+03
   0.22744E+02    0.65225E+02    0.21869E+03    0.34108E+03
   0.22534E+02    0.65275E+02    0.21836E+03    0.34098E+03
   0.21888E+02    0.65320E+02    0.21894E+03    0.34097E+03
   0.23296E+02    0.65366E+02    0.22011E+03    0.34120E+03
   0.22316E+02    0.65438E+02    0.22348E+03    0.34098E+03
   0.23161E+02    0.65469E+02    0.22509E+03    0.34171E+03
   0.22480E+02    0.65499E+02    0.22775E+03    0.34158E+03
   0.23437E+02    0.65560E+02    0.22669E+03    0.34124E+03
   0.22983E+02    0.65586E+02    0.22837E+03    0.34203E+03
   0.24124E+02    0.65625E+02    0.22987E+03    0.34178E+03
   0.23517E+02    0.65685E+02    0.23071E+03    0.34134E+03
   0.23780E+02    0.65725E+02    0.23138E+03    0.34228E+03
   0.23829E+02    0.65756E+02    0.23395E+03    0.34230E+03
   0.22677E+02    0.65762E+02    0.23450E+03    0.34254E+03
