   0.26755E+02    0.42097E+02    0.27040E+04    0.74806E+02
   0.26960E+02    0.42434E+02    0.27045E+04    0.75263E+02
   0.26805E+02    0.42168E+02    0.27051E+04    0.75085E+02
   0.26930E+02    0.42555E+02    0.27063E+04    0.75126E+02
   0.26790E+02    0.42297E+02    0.27075E+04    0.74401E+02
   0.27107E+02    0.42548E+02    0.27066E+04    0.74864E+02
   0.27014E+02    0.42230E+02    0.27073E+04    0.74612E+02
   0.27213E+02    0.42293E+02    0.27065E+04    0.75102E+02
   0.26688E+02    0.42454E+02    0.27045E+04    0.74480E+02
   0.27229E+02    0.42135E+02    0.27027E+04    0.74499E+02
   0.26686E+02    0.41774E+02    0.27061E+04    0.74630E+02
   0.26704E+02    0.42328E+02    0.27081E+04    0.73704E+02
   0.27102E+02    0.42181E+02    0.27111E+04    0.75081E+02
   0.26962E+02    0.41959E+02    0.27125E+04    0.73695E+02
   0.27014E+02    0.42351E+02    0.27103E+04    0.74658E+02
   0.26800E+02    0.42509E+02    0.27096E+04    0.74988E+02
   0.27245E+02    0.42542E+02    0.27086E+04    0.75155E+02
   0.26458E+02    0.42241E+02    0.27087E+04    0.73957E+02
   0.26728E+02    0.42358E+02    0.27090E+04    0.75069E+02
   0.26618E+02    0.42411E+02    0.27069E+04    0.74337E+02
   0.26940E+02    0.42460E+02    0.27042E+04    0.75398E+02
   0.26759E+02    0.42253E+02    0.27061E+04    0.74878E+02
   0.26852E+02    0.42290E+02    0.27069E+04    0.75192E+02
   0.26811E+02    0.42165E+02    0.27065E+04    0.75751E+02
   0.27095E+02    0.42309E+02    0.27080E+04    0.74858E+02
   0.26680E+02    0.42330E+02    0.27113E+04    0.75063E+02
   0.26784E+02    0.42811E+02    0.27107E+04    0.74664E+02
   0.26637E+02    0.42645E+02    0.27097E+04    0.75454E+02
   0.27236E+02    0.42246E+02    0.27101E+04    0.75194E+02
   0.26522E+02    0.42515E+02    0.27096E+04    0.73798E+02
   0.27178E+02    0.42207E+02    0.27146E+04    0.75695E+02
   0.26814E+02    0.42612E+02    0.27167E+04    0.74629E+02
   0.26859E+02    0.42509E+02    0.27154E+04    0.74325E+02
   0.26782E+02    0.41883E+02    0.27157E+04    0.75566E+02
   0.26724E+02    0.42524E+02    0.27102E+04    0.74996E+02
   0.27133E+02    0.42450E+02    0.27100E+04    0.75320E+02
   0.27235E+02    0.42586E+02    0.27129E+04    0.75773E+02
   0.26748E+02    0.42496E+02    0.27100E+04    0.75249E+02
   0.26870E+02    0.41984E+02    0.27113E+04    0.74039E+02
   0.27124E+02    0.42395E+02    0.27119E+04    0.75804E+02
   0.26728E+02    0.42431E+02    0.27089E+04    0.74279E+02
   0.26965E+02    0.42447E+02    0.27098E+04    0.74558E+02
   0.27125E+02    0.42306E+02    0.27101E+04    0.75210E+02
   0.27337E+02    0.42235E+02    0.27095E+04    0.75502E+02
   0.27184E+02    0.42110E+02    0.27098E+04    0.74406E+02
   0.26876E+02    0.42556E+02    0.27078E+04    0.75692E+02
   0.26857E+02    0.42072E+02    0.27116E+04    0.75720E+02
   0.26873E+02    0.42202E+02    0.27097E+04    0.75274E+02
   0.26930E+02    0.42257E+02    0.27062E+04    0.75316E+02
   0.27089E+02    0.42633E+02    0.27063E+04    0.75346E+02
   0.26578E+02    0.42132E+02    0.27048E+04    0.75740E+02
   0.26807E+02    0.42105E+02    0.27039E+04    0.76049E+02
   0.26375E+02    0.42016E+02    0.27051E+04    0.75951E+02
   0.26986E+02    0.42370E+02    0.27036E+04    0.75127E+02
   0.27098E+02    0.42349E+02    0.27000E+04    0.75689E+02
   0.27032E+02    0.42030E+02    0.27015E+04    0.75181E+02
   0.27002E+02    0.42653E+02    0.26999E+04    0.75343E+02
   0.26645E+02    0.42375E+02    0.27000E+04    0.74289E+02
   0.27105E+02    0.42365E+02    0.27005E+04    0.75096E+02
   0.26864E+02    0.42062E+02    0.26999E+04    0.75529E+02
   0.26545E+02    0.42016E+02    0.27001E+04    0.75996E+02
   0.26536E+02    0.42587E+02    0.27003E+04    0.75471E+02
   0.27011E+02    0.42303E+02    0.27011E+04    0.75030E+02
   0.26840E+02    0.42339E+02    0.27006E+04    0.74670E+02
   0.26720E+02    0.42491E+02    0.26975E+04    0.74383E+02
   0.26973E+02    0.42363E+02    0.26956E+04    0.74872E+02
   0.26398E+02    0.42649E+02    0.26955E+04    0.73795E+02
   0.26570E+02    0.41990E+02    0.26984E+04    0.75374E+02
   0.26696E+02    0.42326E+02    0.26967E+04    0.75711E+02
   0.26948E+02    0.42468E+02    0.26958E+04    0.75306E+02
   0.26675E+02    0.42438E+02    0.26959E+04    0.74140E+02
   0.27148E+02    0.42442E+02    0.26952E+04    0.74749E+02
   0.26817E+02    0.42317E+02    0.26928E+04    0.75077E+02
   0.26698E+02    0.42037E+02    0.26923E+04    0.74100E+02
   0.26865E+02    0.42325E+02    0.26940E+04    0.75247E+02
   0.27200E+02    0.42094E+02    0.26937E+04    0.74791E+02
   0.27483E+02    0.42314E+02    0.26964E+04    0.73318E+02
   0.27136E+02    0.42560E+02    0.26965E+04    0.74631E+02
   0.26785E+02    0.42496E+02    0.26956E+04    0.73682E+02
   0.27194E+02    0.42579E+02    0.26943E+04    0.74307E+02
   0.26852E+02    0.42141E+02    0.26933E+04    0.75516E+02
   0.27246E+02    0.42387E+02    0.26955E+04    0.75031E+02
   0.27128E+02    0.42581E+02    0.26963E+04    0.74890E+02
   0.26786E+02    0.42428E+02    0.26956E+04    0.75166E+02
   0.26801E+02    0.42787E+02    0.26999E+04    0.74683E+02
   0.27030E+02    0.42465E+02    0.26998E+04    0.74579E+02
   0.27032E+02    0.41934E+02    0.26974E+04    0.74633E+02
   0.27068E+02    0.42519E+02    0.26978E+04    0.74276E+02
   0.26833E+02    0.42395E+02    0.27005E+04    0.75595E+02
   0.26964E+02    0.42433E+02    0.27026E+04    0.74582E+02
   0.26844E+02    0.42522E+02    0.27005E+04    0.74993E+02
   0.27314E+02    0.42197E+02    0.26976E+04    0.75917E+02
   0.26633E+02    0.42348E+02    0.26992E+04    0.74508E+02
   0.26865E+02    0.42330E+02    0.27019E+04    0.74676E+02
   0.27084E+02    0.42596E+02    0.27018E+04    0.75036E+02
   0.26945E+02    0.42493E+02    0.27000E+04    0.74933E+02
   0.27100E+02    0.42399E+02    0.26987E+04    0.74444E+02
   0.27000E+02    0.42351E+02    0.26972E+04    0.75153E+02
   0.26864E+02    0.42447E+02    0.26968E+04    0.75118E+02
   0.26637E+02    0.42316E+02    0.26963E+04    0.74874E+02
   0.26709E+02    0.42625E+02    0.26960E+04    0.75290E+02
   0.26526E+02    0.42522E+02    0.26966E+04    0.75385E+02
   0.26748E+02    0.42293E+02    0.26982E+04    0.75544E+02
   0.27008E+02    0.42292E+02    0.26964E+04    0.75060E+02
   0.26860E+02    0.42510E+02    0.26947E+04    0.75746E+02
   0.26536E+02    0.42395E+02    0.26956E+04    0.75530E+02
   0.27063E+02    0.41960E+02    0.26931E+04    0.75211E+02
   0.26648E+02    0.42033E+02    0.26908E+04    0.75131E+02
   0.27162E+02    0.42421E+02    0.26872E+04    0.75377E+02
   0.27106E+02    0.42276E+02    0.26875E+04    0.74835E+02
   0.26994E+02    0.42432E+02    0.26880E+04    0.74375E+02
   0.26806E+02    0.42533E+02    0.26868E+04    0.75414E+02
   0.26868E+02    0.42570E+02    0.26864E+04    0.74090E+02
   0.26901E+02    0.42115E+02    0.26868E+04    0.75180E+02
   0.26993E+02    0.42051E+02    0.26888E+04    0.75067E+02
   0.26677E+02    0.42219E+02    0.26886E+04    0.75858E+02
   0.26947E+02    0.42351E+02    0.26893E+04    0.74829E+02
   0.26691E+02    0.42705E+02    0.26896E+04    0.74822E+02
   0.27257E+02    0.42591E+02    0.26879E+04    0.74617E+02
   0.26537E+02    0.42398E+02    0.26886E+04    0.75228E+02
   0.27296E+02    0.42312E+02    0.26872E+04    0.75267E+02
   0.26594E+02    0.42591E+02    0.26850E+04    0.75168E+02
   0.26732E+02    0.42070E+02    0.26847E+04    0.75634E+02
   0.26857E+02    0.42691E+02    0.26865E+04    0.74189E+02
   0.26644E+02    0.41990E+02    0.26861E+04    0.75371E+02
   0.26871E+02    0.42059E+02    0.26847E+04    0.74400E+02
   0.26790E+02    0.42500E+02    0.26820E+04    0.74518E+02
   0.27047E+02    0.42535E+02    0.26833E+04    0.75651E+02
   0.26425E+02    0.42700E+02    0.26816E+04    0.75366E+02
   0.26949E+02    0.42037E+02    0.26807E+04    0.73990E+02
   0.26861E+02    0.42652E+02    0.26809E+04    0.75083E+02
   0.26678E+02    0.42471E+02    0.26803E+04    0.74755E+02
   0.26869E+02    0.42031E+02    0.26827E+04    0.74360E+02
   0.27082E+02    0.42546E+02    0.26832E+04    0.74920E+02
   0.26954E+02    0.42438E+02    0.26843E+04    0.74918E+02
   0.27221E+02    0.42730E+02    0.26850E+04    0.74093E+02
   0.26993E+02    0.42748E+02    0.26860E+04    0.74928E+02
   0.26690E+02    0.42055E+02    0.26897E+04    0.73855E+02
   0.27136E+02    0.42332E+02    0.26885E+04    0.75226E+02
   0.26769E+02    0.42322E+02    0.26892E+04    0.73641E+02
   0.26693E+02    0.42295E+02    0.26906E+04    0.75572E+02
   0.26759E+02    0.42344E+02    0.26884E+04    0.74077E+02
   0.27194E+02    0.42287E+02    0.26876E+04    0.74798E+02
   0.27004E+02    0.42170E+02    0.26891E+04    0.74127E+02
   0.26600E+02    0.42493E+02    0.26933E+04    0.74764E+02
   0.26839E+02    0.42226E+02    0.26940E+04    0.73632E+02
   0.27133E+02    0.42532E+02    0.26926E+04    0.73853E+02
   0.27009E+02    0.42372E+02    0.26942E+04    0.73333E+02
   0.26635E+02    0.42497E+02    0.26973E+04    0.75282E+02
   0.26831E+02    0.42319E+02    0.26982E+04    0.74883E+02
   0.26897E+02    0.42520E+02    0.26992E+04    0.75578E+02
   0.26899E+02    0.42487E+02    0.27001E+04    0.75446E+02
   0.26993E+02    0.42415E+02    0.27017E+04    0.74175E+02
   0.27000E+02    0.42640E+02    0.27028E+04    0.74477E+02
   0.26763E+02    0.42664E+02    0.27041E+04    0.74403E+02
   0.26794E+02    0.42613E+02    0.27072E+04    0.74492E+02
   0.26929E+02    0.42593E+02    0.27063E+04    0.73917E+02
   0.26752E+02    0.42689E+02    0.27057E+04    0.74766E+02
   0.26836E+02    0.42182E+02    0.27086E+04    0.74339E+02
   0.26717E+02    0.42336E+02    0.27102E+04    0.74312E+02
   0.26923E+02    0.42236E+02    0.27100E+04    0.74298E+02
   0.27084E+02    0.42531E+02    0.27130E+04    0.75031E+02
   0.26140E+02    0.42294E+02    0.27146E+04    0.75257E+02
   0.26926E+02    0.42309E+02    0.27135E+04    0.75094E+02
   0.27070E+02    0.42421E+02    0.27159E+04    0.74607E+02
   0.26851E+02    0.42332E+02    0.27206E+04    0.74171E+02
   0.26646E+02    0.42264E+02    0.27241E+04    0.75059E+02
   0.27158E+02    0.42464E+02    0.27204E+04    0.74958E+02
   0.26875E+02    0.42324E+02    0.27213E+04    0.75294E+02
   0.26799E+02    0.42187E+02    0.27222E+04    0.74891E+02
   0.26989E+02    0.42469E+02    0.27216E+04    0.75639E+02
   0.27089E+02    0.42234E+02    0.27185E+04    0.75474E+02
   0.27207E+02    0.42299E+02    0.27153E+04    0.75365E+02
   0.26794E+02    0.42502E+02    0.27176E+04    0.75313E+02
   0.26731E+02    0.42459E+02    0.27191E+04    0.75507E+02
   0.26534E+02    0.42692E+02    0.27199E+04    0.75610E+02
   0.27019E+02    0.42165E+02    0.27221E+04    0.75272E+02
   0.26593E+02    0.42343E+02    0.27225E+04    0.75719E+02
   0.27118E+02    0.42178E+02    0.27211E+04    0.75960E+02
   0.26945E+02    0.42041E+02    0.27179E+04    0.75545E+02
   0.26519E+02    0.42487E+02    0.27174E+04    0.76618E+02
   0.26677E+02    0.42162E+02    0.27191E+04    0.75697E+02
   0.26825E+02    0.42490E+02    0.27184E+04    0.75325E+02
   0.26830E+02    0.42268E+02    0.27179E+04    0.74297E+02
   0.27012E+02    0.42195E+02    0.27190E+04    0.75105E+02
   0.26808E+02    0.42342E+02    0.27173E+04    0.75738E+02
   0.26666E+02    0.42574E+02    0.27128E+04    0.75041E+02
   0.26925E+02    0.42215E+02    0.27119E+04    0.75396E+02
   0.26661E+02    0.41615E+02    0.27104E+04    0.76025E+02
   0.26668E+02    0.41716E+02    0.27106E+04    0.74865E+02
   0.26816E+02    0.42126E+02    0.27115E+04    0.75796E+02
   0.26837E+02    0.42325E+02    0.27121E+04    0.75643E+02
   0.26916E+02    0.42441E+02    0.27105E+04    0.74864E+02
   0.27009E+02    0.42197E+02    0.27108E+04    0.75166E+02
   0.27202E+02    0.42211E+02    0.27062E+04    0.75660E+02
   0.27160E+02    0.42811E+02    0.27059E+04    0.75908E+02
   0.26824E+02    0.42580E+02    0.27060E+04    0.75036E+02
   0.26897E+02    0.42395E+02    0.27066E+04    0.75774E+02
   0.26640E+02    0.42118E+02    0.27030E+04    0.75319E+02
   0.27134E+02    0.42231E+02    0.27012E+04    0.74391E+02
   0.26855E+02    0.42315E+02    0.27013E+04    0.75125E+02
   0.27033E+02    0.42358E+02    0.27030E+04    0.75335E+02
   0.27076E+02    0.42338E+02    0.27015E+04    0.74581E+02
   0.26687E+02    0.42046E+02    0.27020E+04    0.76139E+02
   0.26804E+02    0.42480E+02    0.26992E+04    0.75145E+02
   0.26868E+02    0.42083E+02    0.26995E+04    0.75552E+02
   0.27043E+02    0.42623E+02    0.27005E+04    0.75994E+02
   0.26676E+02    0.42097E+02    0.26983E+04    0.75476E+02
   0.27064E+02    0.42042E+02    0.26959E+04    0.74844E+02
   0.26684E+02    0.42282E+02    0.26976E+04    0.74765E+02
   0.26914E+02    0.42574E+02    0.26978E+04    0.74234E+02
   0.27033E+02    0.42394E+02    0.26974E+04    0.75878E+02
   0.27034E+02    0.42312E+02    0.26949E+04    0.74273E+02
   0.26646E+02    0.41951E+02    0.26937E+04    0.75874E+02
   0.27167E+02    0.42425E+02    0.26931E+04    0.74096E+02
   0.26776E+02    0.42386E+02    0.26944E+04    0.74555E+02
   0.26510E+02    0.42194E+02    0.26959E+04    0.74391E+02
   0.27072E+02    0.42350E+02    0.26971E+04    0.74481E+02
   0.27156E+02    0.42052E+02    0.26980E+04    0.75248E+02
   0.26899E+02    0.42123E+02    0.26962E+04    0.73999E+02
   0.27331E+02    0.42078E+02    0.26941E+04    0.74611E+02
   0.26703E+02    0.42627E+02    0.26927E+04    0.75269E+02
   0.26900E+02    0.42071E+02    0.26937E+04    0.75498E+02
   0.26774E+02    0.42181E+02    0.26932E+04    0.74770E+02
   0.26992E+02    0.42509E+02    0.26926E+04    0.75202E+02
   0.27090E+02    0.42403E+02    0.26894E+04    0.75108E+02
   0.27135E+02    0.42393E+02    0.26914E+04    0.74099E+02
   0.26714E+02    0.42268E+02    0.26940E+04    0.76162E+02
   0.26945E+02    0.42310E+02    0.26971E+04    0.74409E+02
   0.26806E+02    0.42299E+02    0.26959E+04    0.74504E+02
   0.26984E+02    0.42527E+02    0.26942E+04    0.74788E+02
   0.26598E+02    0.42067E+02    0.26934E+04    0.73863E+02
   0.26832E+02    0.42345E+02    0.26924E+04    0.74410E+02
   0.27139E+02    0.42410E+02    0.26923E+04    0.75344E+02
   0.26825E+02    0.42595E+02    0.26924E+04    0.75165E+02
   0.26852E+02    0.42077E+02    0.26925E+04    0.74213E+02
   0.27087E+02    0.42238E+02    0.26929E+04    0.74559E+02
   0.27013E+02    0.42336E+02    0.26937E+04    0.74653E+02
   0.26614E+02    0.42625E+02    0.26908E+04    0.74508E+02
   0.27012E+02    0.42301E+02    0.26920E+04    0.74032E+02
   0.26936E+02    0.42275E+02    0.26949E+04    0.74790E+02
   0.26519E+02    0.42011E+02    0.26976E+04    0.74691E+02
   0.27086E+02    0.42555E+02    0.27004E+04    0.75515E+02
   0.27256E+02    0.42609E+02    0.26983E+04    0.75180E+02
   0.26784E+02    0.42075E+02    0.26982E+04    0.74813E+02
   0.27003E+02    0.42534E+02    0.26977E+04    0.75103E+02
   0.26539E+02    0.42170E+02    0.26976E+04    0.74406E+02
   0.26590E+02    0.42671E+02    0.26957E+04    0.74457E+02
   0.27113E+02    0.42553E+02    0.26963E+04    0.74463E+02
   0.27043E+02    0.42707E+02    0.26998E+04    0.74673E+02
   0.26819E+02    0.42561E+02    0.27010E+04    0.75225E+02
   0.26481E+02    0.42708E+02    0.27019E+04    0.74728E+02
   0.27018E+02    0.42125E+02    0.27035E+04    0.74997E+02
   0.27141E+02    0.42529E+02    0.27008E+04    0.74508E+02
   0.26779E+02    0.42260E+02    0.26998E+04    0.74355E+02
   0.26842E+02    0.42395E+02    0.26991E+04    0.74632E+02
   0.26828E+02    0.42406E+02    0.26974E+04    0.74237E+02
   0.27108E+02    0.42247E+02    0.27010E+04    0.74159E+02
   0.26990E+02    0.42292E+02    0.27046E+04    0.74922E+02
   0.26730E+02    0.42321E+02    0.27034E+04    0.74607E+02
   0.26882E+02    0.42362E+02    0.27052E+04    0.75011E+02
   0.27113E+02    0.42296E+02    0.27054E+04    0.74080E+02
   0.26851E+02    0.42476E+02    0.27051E+04    0.75205E+02
   0.27409E+02    0.42199E+02    0.27034E+04    0.74768E+02
   0.26552E+02    0.42427E+02    0.27049E+04    0.74276E+02
   0.26884E+02    0.42193E+02    0.27045E+04    0.75036E+02
   0.26814E+02    0.42643E+02    0.27047E+04    0.75126E+02
   0.26771E+02    0.42734E+02    0.27059E+04    0.74444E+02
   0.26751E+02    0.42434E+02    0.27077E+04    0.75178E+02
   0.26436E+02    0.42668E+02    0.27068E+04    0.76016E+02
   0.27129E+02    0.41908E+02    0.27069E+04    0.75066E+02
   0.26661E+02    0.42865E+02    0.27053E+04    0.74786E+02
   0.26744E+02    0.42702E+02    0.27073E+04    0.74663E+02
   0.27050E+02    0.42185E+02    0.27042E+04    0.75099E+02
   0.26839E+02    0.42391E+02    0.27050E+04    0.75821E+02
   0.27082E+02    0.42179E+02    0.27071E+04    0.75528E+02
   0.26917E+02    0.42036E+02    0.27050E+04    0.74713E+02
   0.27368E+02    0.41946E+02    0.27016E+04    0.75938E+02
   0.26651E+02    0.42332E+02    0.27030E+04    0.74190E+02
   0.26647E+02    0.42432E+02    0.27012E+04    0.75030E+02
   0.27082E+02    0.42214E+02    0.27038E+04    0.74167E+02
   0.27187E+02    0.42307E+02    0.27043E+04    0.75463E+02
   0.26549E+02    0.42430E+02    0.27027E+04    0.75376E+02
   0.26627E+02    0.42123E+02    0.27010E+04    0.74494E+02
   0.27130E+02    0.42115E+02    0.26978E+04    0.76423E+02
   0.26781E+02    0.41848E+02    0.27004E+04    0.74564E+02
   0.27159E+02    0.42197E+02    0.27030E+04    0.73982E+02
   0.26788E+02    0.42246E+02    0.27050E+04    0.74994E+02
   0.27045E+02    0.42348E+02    0.27028E+04    0.75422E+02
   0.27048E+02    0.42872E+02    0.27016E+04    0.74553E+02
   0.27155E+02    0.42493E+02    0.27013E+04    0.74796E+02
   0.27043E+02    0.42263E+02    0.27012E+04    0.74480E+02
   0.27053E+02    0.42201E+02    0.27028E+04    0.74631E+02
   0.26659E+02    0.42018E+02    0.27042E+04    0.75412E+02
   0.26893E+02    0.42033E+02    0.27039E+04    0.75026E+02
   0.26766E+02    0.42088E+02    0.27043E+04    0.74324E+02
   0.26551E+02    0.42078E+02    0.27028E+04    0.75603E+02
   0.27407E+02    0.42260E+02    0.27023E+04    0.74795E+02
   0.27258E+02    0.42226E+02    0.27035E+04    0.74936E+02
   0.26684E+02    0.42040E+02    0.27031E+04    0.74474E+02
   0.27109E+02    0.42426E+02    0.27042E+04    0.75430E+02
   0.26978E+02    0.42279E+02    0.27032E+04    0.75575E+02
   0.26873E+02    0.41991E+02    0.27029E+04    0.74992E+02
   0.27094E+02    0.42503E+02    0.27021E+04    0.74378E+02
   0.26846E+02    0.41851E+02    0.27009E+04    0.74542E+02
   0.26917E+02    0.42339E+02    0.26985E+04    0.74952E+02
   0.27037E+02    0.41903E+02    0.27025E+04    0.75632E+02
   0.27040E+02    0.42335E+02    0.27021E+04    0.75617E+02
   0.26887E+02    0.42399E+02    0.27003E+04    0.75242E+02
   0.26920E+02    0.42111E+02    0.27004E+04    0.74564E+02
   0.26859E+02    0.42348E+02    0.26989E+04    0.75696E+02
   0.26674E+02    0.42231E+02    0.26992E+04    0.75289E+02
   0.26844E+02    0.42243E+02    0.26986E+04    0.75413E+02
   0.26755E+02    0.42092E+02    0.26960E+04    0.74652E+02
   0.26938E+02    0.42389E+02    0.26982E+04    0.75589E+02
   0.27038E+02    0.42382E+02    0.27002E+04    0.74755E+02
   0.27091E+02    0.42584E+02    0.27017E+04    0.74939E+02
   0.27078E+02    0.42174E+02    0.27022E+04    0.75007E+02
   0.26937E+02    0.42740E+02    0.26972E+04    0.75370E+02
   0.27077E+02    0.41978E+02    0.26975E+04    0.74653E+02
   0.27022E+02    0.42548E+02    0.26975E+04    0.74782E+02
   0.26914E+02    0.42226E+02    0.27009E+04    0.74971E+02
   0.26880E+02    0.42357E+02    0.27006E+04    0.75155E+02
   0.27110E+02    0.42133E+02    0.27019E+04    0.75366E+02
   0.26823E+02    0.42537E+02    0.27013E+04    0.73877E+02
   0.26842E+02    0.42400E+02    0.27021E+04    0.75227E+02
   0.26729E+02    0.42579E+02    0.27040E+04    0.75658E+02
   0.26809E+02    0.42296E+02    0.27057E+04    0.74599E+02
   0.27067E+02    0.42252E+02    0.27072E+04    0.74361E+02
   0.26665E+02    0.42197E+02    0.27105E+04    0.74986E+02
   0.26901E+02    0.42935E+02    0.27101E+04    0.74017E+02
   0.26941E+02    0.42059E+02    0.27125E+04    0.73926E+02
   0.26741E+02    0.42477E+02    0.27109E+04    0.74411E+02
   0.26641E+02    0.42475E+02    0.27131E+04    0.74602E+02
   0.27152E+02    0.42317E+02    0.27148E+04    0.73964E+02
   0.27079E+02    0.42380E+02    0.27138E+04    0.74664E+02
   0.26427E+02    0.42569E+02    0.27123E+04    0.75114E+02
   0.26898E+02    0.41913E+02    0.27133E+04    0.75195E+02
   0.26755E+02    0.42096E+02    0.27144E+04    0.74733E+02
   0.26953E+02    0.42271E+02    0.27132E+04    0.74339E+02
   0.27040E+02    0.42570E+02    0.27154E+04    0.74289E+02
   0.26488E+02    0.42348E+02    0.27173E+04    0.75074E+02
   0.27323E+02    0.42413E+02    0.27184E+04    0.75152E+02
   0.27231E+02    0.42116E+02    0.27201E+04    0.75379E+02
   0.26652E+02    0.42394E+02    0.27227E+04    0.74421E+02
   0.26749E+02    0.42252E+02    0.27240E+04    0.73809E+02
   0.26798E+02    0.42627E+02    0.27250E+04    0.75120E+02
   0.26839E+02    0.42545E+02    0.27258E+04    0.74912E+02
   0.27075E+02    0.42283E+02    0.27251E+04    0.74364E+02
   0.26794E+02    0.42558E+02    0.27245E+04    0.75462E+02
   0.27056E+02    0.42246E+02    0.27223E+04    0.74782E+02
   0.27002E+02    0.41968E+02    0.27221E+04    0.74086E+02
   0.26552E+02    0.42150E+02    0.27223E+04    0.75755E+02
   0.26182E+02    0.41989E+02    0.27218E+04    0.74583E+02
   0.26949E+02    0.42181E+02    0.27229E+04    0.75229E+02
   0.27028E+02    0.42174E+02    0.27245E+04    0.74617E+02
   0.26848E+02    0.42536E+02    0.27229E+04    0.75271E+02
   0.26899E+02    0.42467E+02    0.27210E+04    0.75416E+02
   0.26734E+02    0.41970E+02    0.27220E+04    0.75869E+02
   0.26846E+02    0.42070E+02    0.27216E+04    0.74358E+02
   0.26920E+02    0.42427E+02    0.27186E+04    0.74982E+02
   0.26849E+02    0.42382E+02    0.27174E+04    0.75116E+02
   0.27106E+02    0.42666E+02    0.27182E+04    0.74724E+02
   0.27086E+02    0.42157E+02    0.27209E+04    0.74868E+02
   0.26868E+02    0.42289E+02    0.27219E+04    0.76038E+02
   0.26839E+02    0.42360E+02    0.27233E+04    0.75771E+02
   0.27004E+02    0.42718E+02    0.27199E+04    0.75239E+02
   0.27012E+02    0.42222E+02    0.27200E+04    0.74249E+02
   0.26341E+02    0.42563E+02    0.27181E+04    0.75661E+02
   0.26622E+02    0.42523E+02    0.27188E+04    0.74945E+02
   0.27111E+02    0.42294E+02    0.27175E+04    0.75460E+02
   0.26661E+02    0.42340E+02    0.27154E+04    0.74739E+02
   0.27045E+02    0.42267E+02    0.27167E+04    0.75337E+02
   0.26897E+02    0.42482E+02    0.27156E+04    0.74847E+02
   0.26811E+02    0.42105E+02    0.27192E+04    0.75304E+02
   0.26880E+02    0.42322E+02    0.27211E+04    0.75253E+02
   0.27122E+02    0.42018E+02    0.27143E+04    0.75477E+02
   0.26541E+02    0.42182E+02    0.27105E+04    0.74706E+02
   0.26670E+02    0.42489E+02    0.27069E+04    0.74102E+02
   0.26979E+02    0.42081E+02    0.27090E+04    0.75356E+02
   0.26423E+02    0.42180E+02    0.27139E+04    0.73963E+02
   0.26611E+02    0.42687E+02    0.27160E+04    0.76136E+02
   0.26695E+02    0.42432E+02    0.27154E+04    0.75569E+02
   0.26897E+02    0.41839E+02    0.27170E+04    0.74797E+02
   0.26526E+02    0.42243E+02    0.27174E+04    0.74390E+02
   0.27039E+02    0.42249E+02    0.27167E+04    0.75292E+02
   0.26783E+02    0.42511E+02    0.27132E+04    0.75646E+02
   0.26949E+02    0.42583E+02    0.27096E+04    0.74972E+02
   0.26962E+02    0.42284E+02    0.27081E+04    0.76024E+02
   0.27164E+02    0.42297E+02    0.27085E+04    0.74833E+02
   0.26605E+02    0.42353E+02    0.27091E+04    0.75203E+02
   0.26832E+02    0.42436E+02    0.27112E+04    0.74640E+02
   0.26755E+02    0.42584E+02    0.27106E+04    0.75209E+02
   0.26561E+02    0.42381E+02    0.27090E+04    0.76442E+02
   0.26636E+02    0.42119E+02    0.27054E+04    0.75790E+02
   0.26911E+02    0.42481E+02    0.27050E+04    0.74677E+02
   0.26963E+02    0.42170E+02    0.27035E+04    0.75815E+02
   0.27240E+02    0.42268E+02    0.27034E+04    0.75844E+02
   0.27142E+02    0.42077E+02    0.27064E+04    0.74744E+02
   0.26688E+02    0.42271E+02    0.27080E+04    0.75971E+02
   0.26803E+02    0.42076E+02    0.27099E+04    0.75547E+02
   0.26991E+02    0.42105E+02    0.27109E+04    0.74458E+02
   0.26896E+02    0.41994E+02    0.27097E+04    0.74785E+02
   0.27006E+02    0.42227E+02    0.27068E+04    0.74273E+02
   0.27196E+02    0.42058E+02    0.27068E+04    0.74870E+02
   0.27323E+02    0.42087E+02    0.27085E+04    0.74770E+02
   0.27235E+02    0.42557E+02    0.27088E+04    0.75087E+02
   0.26513E+02    0.42310E+02    0.27081E+04    0.75400E+02
   0.27090E+02    0.42895E+02    0.27076E+04    0.75470E+02
   0.26925E+02    0.42110E+02    0.27052E+04    0.74685E+02
   0.26484E+02    0.42527E+02    0.27014E+04    0.74113E+02
   0.26737E+02    0.42490E+02    0.26998E+04    0.73869E+02
   0.26555E+02    0.42114E+02    0.27009E+04    0.74829E+02
   0.27063E+02    0.41981E+02    0.27044E+04    0.73928E+02
   0.26344E+02    0.42397E+02    0.27074E+04    0.74820E+02
   0.27044E+02    0.42515E+02    0.27068E+04    0.74315E+02
   0.26959E+02    0.42247E+02    0.27093E+04    0.75010E+02
   0.26752E+02    0.42268E+02    0.27086E+04    0.75568E+02
   0.26605E+02    0.42388E+02    0.27069E+04    0.75456E+02
   0.27243E+02    0.42563E+02    0.27067E+04    0.74013E+02
   0.26902E+02    0.42853E+02    0.27053E+04    0.75155E+02
   0.26663E+02    0.42625E+02    0.27070E+04    0.74702E+02
   0.27182E+02    0.42441E+02    0.27107E+04    0.75577E+02
   0.27055E+02    0.42274E+02    0.27111E+04    0.74589E+02
   0.26714E+02    0.42179E+02    0.27085E+04    0.74608E+02
   0.26519E+02    0.42686E+02    0.27049E+04    0.75193E+02
   0.26619E+02    0.42655E+02    0.27036E+04    0.74698E+02
   0.27140E+02    0.42412E+02    0.27024E+04    0.76528E+02
   0.26747E+02    0.42459E+02    0.27041E+04    0.74772E+02
   0.26787E+02    0.42714E+02    0.27084E+04    0.75896E+02
   0.26756E+02    0.42454E+02    0.27062E+04    0.75183E+02
   0.26839E+02    0.42335E+02    0.27049E+04    0.74468E+02
   0.26587E+02    0.42507E+02    0.27085E+04    0.74705E+02
   0.27053E+02    0.42146E+02    0.27107E+04    0.74277E+02
   0.26548E+02    0.42200E+02    0.27110E+04    0.75170E+02
   0.26790E+02    0.42473E+02    0.27118E+04    0.74778E+02
   0.26762E+02    0.42352E+02    0.27127E+04    0.74751E+02
   0.27131E+02    0.42427E+02    0.27119E+04    0.74348E+02
   0.26627E+02    0.42712E+02    0.27092E+04    0.75147E+02
   0.27293E+02    0.42378E+02    0.27085E+04    0.74558E+02
   0.26961E+02    0.42556E+02    0.27086E+04    0.75526E+02
   0.26975E+02    0.42481E+02    0.27091E+04    0.74860E+02
   0.26894E+02    0.42277E+02    0.27082E+04    0.74265E+02
   0.27190E+02    0.41994E+02    0.27064E+04    0.75611E+02
   0.26903E+02    0.42816E+02    0.27063E+04    0.75344E+02
   0.26998E+02    0.42754E+02    0.27029E+04    0.74762E+02
   0.26728E+02    0.42519E+02    0.26975E+04    0.75163E+02
   0.26206E+02    0.41895E+02    0.26982E+04    0.74928E+02
   0.26809E+02    0.42771E+02    0.27022E+04    0.75235E+02
   0.27153E+02    0.42321E+02    0.27026E+04    0.75243E+02
   0.27061E+02    0.42140E+02    0.26991E+04    0.75074E+02
   0.26997E+02    0.42331E+02    0.26967E+04    0.75678E+02
   0.27095E+02    0.42239E+02    0.26955E+04    0.74497E+02
   0.26989E+02    0.42321E+02    0.26951E+04    0.75423E+02
   0.27096E+02    0.42183E+02    0.26971E+04    0.74524E+02
   0.26987E+02    0.42246E+02    0.26981E+04    0.76098E+02
   0.26634E+02    0.42397E+02    0.26995E+04    0.75535E+02
   0.26691E+02    0.42177E+02    0.26990E+04    0.75612E+02
   0.26589E+02    0.42230E+02    0.26950E+04    0.74601E+02
   0.27109E+02    0.42547E+02    0.26944E+04    0.75322E+02
   0.26945E+02    0.42556E+02    0.26936E+04    0.74793E+02
   0.26851E+02    0.41846E+02    0.26940E+04    0.74467E+02
   0.27010E+02    0.42195E+02    0.26951E+04    0.75491E+02
   0.26959E+02    0.42097E+02    0.26957E+04    0.74927E+02
   0.26834E+02    0.42584E+02    0.26917E+04    0.74544E+02
   0.27044E+02    0.42104E+02    0.26922E+04    0.74453E+02
   0.27126E+02    0.42006E+02    0.26939E+04    0.75246E+02
   0.26900E+02    0.42143E+02    0.26923E+04    0.74236E+02
   0.27166E+02    0.42294E+02    0.26917E+04    0.75180E+02
   0.26694E+02    0.42795E+02    0.26898E+04    0.74910E+02
   0.26982E+02    0.42025E+02    0.26905E+04    0.74312E+02
   0.26678E+02    0.42210E+02    0.26909E+04    0.74462E+02
   0.27148E+02    0.42307E+02    0.26897E+04    0.75445E+02
   0.26657E+02    0.42320E+02    0.26882E+04    0.74532E+02
   0.27052E+02    0.42827E+02    0.26875E+04    0.75273E+02
   0.27072E+02    0.42439E+02    0.26879E+04    0.74186E+02
   0.26775E+02    0.42339E+02    0.26880E+04    0.74630E+02
   0.27028E+02    0.42511E+02    0.26878E+04    0.74917E+02
   0.26824E+02    0.42334E+02    0.26854E+04    0.74754E+02
   0.26448E+02    0.42620E+02    0.26854E+04    0.75461E+02
   0.26916E+02    0.42925E+02    0.26889E+04    0.75192E+02
   0.27509E+02    0.42329E+02    0.26906E+04    0.74985E+02
   0.26887E+02    0.42467E+02    0.26942E+04    0.74174E+02
   0.26945E+02    0.42305E+02    0.26963E+04    0.73916E+02
   0.27149E+02    0.42462E+02    0.26937E+04    0.75704E+02
   0.27013E+02    0.42202E+02    0.26932E+04    0.74883E+02
   0.26654E+02    0.42417E+02    0.26917E+04    0.75581E+02
   0.27213E+02    0.42706E+02    0.26906E+04    0.73943E+02
   0.26585E+02    0.42243E+02    0.26935E+04    0.75616E+02
   0.26814E+02    0.42504E+02    0.26936E+04    0.74763E+02
   0.26717E+02    0.42265E+02    0.26954E+04    0.74843E+02
   0.26684E+02    0.42133E+02    0.26972E+04    0.74474E+02
   0.26605E+02    0.42662E+02    0.26963E+04    0.74911E+02
   0.26548E+02    0.42017E+02    0.26981E+04    0.74897E+02
   0.26570E+02    0.42017E+02    0.27021E+04    0.73884E+02
   0.26851E+02    0.42311E+02    0.27034E+04    0.74859E+02
   0.26837E+02    0.42363E+02    0.27022E+04    0.74957E+02
   0.26948E+02    0.42324E+02    0.27045E+04    0.74735E+02
   0.27222E+02    0.42422E+02    0.27069E+04    0.74764E+02
   0.26835E+02    0.42443E+02    0.27060E+04    0.74249E+02
   0.26600E+02    0.42574E+02    0.27092E+04    0.73928E+02
   0.26993E+02    0.42299E+02    0.27070E+04    0.74992E+02
   0.26841E+02    0.42146E+02    0.27067E+04    0.75430E+02
   0.26985E+02    0.42497E+02    0.27072E+04    0.74769E+02
   0.26713E+02    0.42542E+02    0.27073E+04    0.74905E+02
   0.26637E+02    0.42602E+02    0.27074E+04    0.75572E+02
   0.26689E+02    0.42484E+02    0.27080E+04    0.75034E+02
   0.27034E+02    0.41976E+02    0.27110E+04    0.74357E+02
   0.26590E+02    0.42218E+02    0.27135E+04    0.74072E+02
   0.26188E+02    0.42243E+02    0.27149E+04    0.75362E+02
   0.27169E+02    0.42361E+02    0.27123E+04    0.74650E+02
   0.26863E+02    0.42294E+02    0.27124E+04    0.75522E+02
   0.26454E+02    0.42117E+02    0.27130E+04    0.75257E+02
   0.26628E+02    0.42361E+02    0.27128E+04    0.74537E+02
   0.26888E+02    0.42178E+02    0.27085E+04    0.75731E+02
   0.26858E+02    0.41858E+02    0.27072E+04    0.74647E+02
   0.26840E+02    0.42310E+02    0.27080E+04    0.75367E+02
   0.26933E+02    0.42137E+02    0.27092E+04    0.75554E+02
   0.26776E+02    0.42101E+02    0.27118E+04    0.75010E+02
   0.26838E+02    0.42385E+02    0.27119E+04    0.75330E+02
   0.27101E+02    0.42730E+02    0.27113E+04    0.75548E+02
   0.26783E+02    0.42105E+02    0.27135E+04    0.76044E+02
   0.26901E+02    0.42468E+02    0.27133E+04    0.75083E+02
   0.26915E+02    0.42358E+02    0.27132E+04    0.74869E+02
   0.26856E+02    0.42156E+02    0.27095E+04    0.74853E+02
   0.26833E+02    0.42405E+02    0.27085E+04    0.75284E+02
   0.26715E+02    0.42350E+02    0.27110E+04    0.75590E+02
   0.26897E+02    0.42397E+02    0.27120E+04    0.75250E+02
   0.27124E+02    0.42396E+02    0.27133E+04    0.74348E+02
   0.26955E+02    0.42387E+02    0.27142E+04    0.74554E+02
   0.26831E+02    0.42133E+02    0.27123E+04    0.75621E+02
   0.26686E+02    0.42124E+02    0.27090E+04    0.74648E+02
   0.27026E+02    0.41901E+02    0.27089E+04    0.75488E+02
   0.27040E+02    0.42220E+02    0.27073E+04    0.74932E+02
   0.26811E+02    0.42252E+02    0.27050E+04    0.74685E+02
   0.26794E+02    0.42415E+02    0.27030E+04    0.75664E+02
   0.27045E+02    0.42370E+02    0.27048E+04    0.74760E+02
   0.26882E+02    0.42410E+02    0.27070E+04    0.74356E+02
   0.26757E+02    0.42403E+02    0.27082E+04    0.75812E+02
   0.27076E+02    0.42129E+02    0.27049E+04    0.75680E+02
   0.26858E+02    0.42151E+02    0.27028E+04    0.75714E+02
   0.27048E+02    0.42252E+02    0.27001E+04    0.74874E+02
   0.26921E+02    0.42323E+02    0.26995E+04    0.75369E+02
   0.26893E+02    0.42374E+02    0.27023E+04    0.74975E+02
   0.26733E+02    0.42060E+02    0.27051E+04    0.74344E+02
   0.27236E+02    0.41975E+02    0.27082E+04    0.74777E+02
   0.26609E+02    0.42059E+02    0.27058E+04    0.74066E+02
   0.26581E+02    0.42341E+02    0.27043E+04    0.75037E+02
   0.26836E+02    0.42414E+02    0.27052E+04    0.74865E+02
   0.27126E+02    0.42440E+02    0.27037E+04    0.74548E+02
   0.27046E+02    0.42725E+02    0.27046E+04    0.74870E+02
   0.26619E+02    0.42337E+02    0.27066E+04    0.75945E+02
   0.26904E+02    0.42380E+02    0.27047E+04    0.74580E+02
   0.26680E+02    0.42539E+02    0.27026E+04    0.75304E+02
   0.26867E+02    0.42186E+02    0.27045E+04    0.74800E+02
   0.27159E+02    0.42057E+02    0.27060E+04    0.75251E+02
   0.26883E+02    0.42079E+02    0.27065E+04    0.74382E+02
   0.26856E+02    0.42210E+02    0.27077E+04    0.75369E+02
   0.26883E+02    0.42553E+02    0.27073E+04    0.75571E+02
   0.27485E+02    0.42678E+02    0.27038E+04    0.74663E+02
   0.27008E+02    0.42491E+02    0.27076E+04    0.75425E+02
   0.26985E+02    0.42487E+02    0.27079E+04    0.74421E+02
   0.26605E+02    0.42394E+02    0.27103E+04    0.74836E+02
   0.27238E+02    0.42672E+02    0.27093E+04    0.75333E+02
   0.26675E+02    0.42244E+02    0.27117E+04    0.75323E+02
   0.27230E+02    0.42211E+02    0.27106E+04    0.74135E+02
   0.26774E+02    0.42025E+02    0.27108E+04    0.74462E+02
   0.26741E+02    0.42447E+02    0.27093E+04    0.74531E+02
   0.27105E+02    0.42539E+02    0.27058E+04    0.73909E+02
   0.26963E+02    0.42571E+02    0.27054E+04    0.75393E+02
   0.26604E+02    0.42467E+02    0.27071E+04    0.76003E+02
   0.27093E+02    0.42387E+02    0.27082E+04    0.74075E+02
   0.27200E+02    0.42079E+02    0.27122E+04    0.74789E+02
   0.26579E+02    0.42599E+02    0.27117E+04    0.75090E+02
   0.26770E+02    0.42251E+02    0.27132E+04    0.74911E+02
   0.26812E+02    0.42370E+02    0.27098E+04    0.74585E+02
   0.27172E+02    0.42244E+02    0.27047E+04    0.75371E+02
   0.27050E+02    0.42464E+02    0.27032E+04    0.75062E+02
   0.26808E+02    0.42197E+02    0.27048E+04    0.75216E+02
   0.26856E+02    0.41990E+02    0.27057E+04    0.76059E+02
   0.26963E+02    0.41950E+02    0.27047E+04    0.74760E+02
   0.26445E+02    0.42686E+02    0.27032E+04    0.75100E+02
   0.27143E+02    0.41812E+02    0.26998E+04    0.74914E+02
   0.26906E+02    0.42305E+02    0.26978E+04    0.74953E+02
   0.27049E+02    0.42170E+02    0.27019E+04    0.76114E+02
   0.26818E+02    0.42520E+02    0.27007E+04    0.75875E+02
   0.27079E+02    0.42811E+02    0.26994E+04    0.75468E+02
   0.27243E+02    0.42445E+02    0.26989E+04    0.74496E+02
   0.26438E+02    0.42163E+02    0.26984E+04    0.75319E+02
   0.26826E+02    0.42121E+02    0.26984E+04    0.74590E+02
   0.26907E+02    0.42093E+02    0.26978E+04    0.74761E+02
   0.26772E+02    0.42636E+02    0.26966E+04    0.74329E+02
   0.26733E+02    0.42152E+02    0.27010E+04    0.74569E+02
   0.26734E+02    0.42501E+02    0.27021E+04    0.74033E+02
   0.27049E+02    0.42274E+02    0.27026E+04    0.75387E+02
   0.27020E+02    0.42141E+02    0.27048E+04    0.75219E+02
   0.26877E+02    0.42108E+02    0.27047E+04    0.75627E+02
   0.26746E+02    0.42368E+02    0.27060E+04    0.74386E+02
   0.26962E+02    0.42134E+02    0.27060E+04    0.75163E+02
   0.27121E+02    0.42255E+02    0.27069E+04    0.75444E+02
   0.26766E+02    0.41941E+02    0.27077E+04    0.74468E+02
   0.27304E+02    0.42586E+02    0.27065E+04    0.75714E+02
   0.27056E+02    0.42340E+02    0.27060E+04    0.74452E+02
   0.26890E+02    0.42202E+02    0.27038E+04    0.74539E+02
   0.27092E+02    0.42514E+02    0.27037E+04    0.74328E+02
   0.26653E+02    0.42163E+02    0.27056E+04    0.74991E+02
   0.27004E+02    0.42049E+02    0.27060E+04    0.74561E+02
   0.26710E+02    0.42637E+02    0.27070E+04    0.74851E+02
   0.26911E+02    0.42360E+02    0.27072E+04    0.74606E+02
   0.26913E+02    0.42899E+02    0.27050E+04    0.74401E+02
   0.26501E+02    0.42592E+02    0.27028E+04    0.75152E+02
   0.26708E+02    0.42397E+02    0.27022E+04    0.75370E+02
   0.27340E+02    0.42419E+02    0.27022E+04    0.75613E+02
   0.26898E+02    0.42026E+02    0.26999E+04    0.75219E+02
   0.26774E+02    0.42001E+02    0.27015E+04    0.75110E+02
   0.27044E+02    0.42318E+02    0.27025E+04    0.75121E+02
   0.26935E+02    0.42421E+02    0.27020E+04    0.74814E+02
   0.26976E+02    0.42453E+02    0.26995E+04    0.75400E+02
   0.27324E+02    0.42165E+02    0.26991E+04    0.74398E+02
   0.26822E+02    0.42471E+02    0.26988E+04    0.74585E+02
   0.26872E+02    0.41959E+02    0.27006E+04    0.74504E+02
   0.26928E+02    0.42186E+02    0.27041E+04    0.74512E+02
   0.26455E+02    0.42092E+02    0.27066E+04    0.75018E+02
   0.26494E+02    0.42360E+02    0.27068E+04    0.74559E+02
   0.26846E+02    0.42555E+02    0.27050E+04    0.75362E+02
   0.26806E+02    0.42260E+02    0.27027E+04    0.75211E+02
   0.27055E+02    0.42104E+02    0.27011E+04    0.74590E+02
   0.26698E+02    0.42449E+02    0.27026E+04    0.74105E+02
   0.26763E+02    0.42390E+02    0.27039E+04    0.73843E+02
   0.26827E+02    0.42461E+02    0.27085E+04    0.73961E+02
   0.27144E+02    0.42057E+02    0.27125E+04    0.75395E+02
   0.26624E+02    0.42242E+02    0.27096E+04    0.75185E+02
   0.27121E+02    0.42072E+02    0.27093E+04    0.74690E+02
   0.26949E+02    0.42519E+02    0.27077E+04    0.74997E+02
   0.26964E+02    0.42234E+02    0.27117E+04    0.74267E+02
   0.26994E+02    0.42297E+02    0.27124E+04    0.74677E+02
   0.26813E+02    0.42574E+02    0.27101E+04    0.74932E+02
   0.27103E+02    0.42603E+02    0.27088E+04    0.75324E+02
   0.27142E+02    0.42210E+02    0.27096E+04    0.75492E+02
   0.26893E+02    0.42082E+02    0.27081E+04    0.74711E+02
   0.27101E+02    0.42171E+02    0.27100E+04    0.74495E+02
   0.26692E+02    0.42073E+02    0.27099E+04    0.75217E+02
   0.27109E+02    0.42710E+02    0.27103E+04    0.74969E+02
   0.26984E+02    0.42308E+02    0.27133E+04    0.75281E+02
   0.26638E+02    0.42223E+02    0.27144E+04    0.75182E+02
   0.26687E+02    0.42632E+02    0.27158E+04    0.75147E+02
   0.26857E+02    0.42843E+02    0.27139E+04    0.74683E+02
   0.26919E+02    0.42493E+02    0.27135E+04    0.75502E+02
   0.26785E+02    0.42090E+02    0.27151E+04    0.75178E+02
   0.26943E+02    0.42490E+02    0.27139E+04    0.75417E+02
   0.27099E+02    0.41913E+02    0.27126E+04    0.75946E+02
   0.26723E+02    0.42325E+02    0.27112E+04    0.75300E+02
   0.27010E+02    0.42481E+02    0.27131E+04    0.74181E+02
   0.27065E+02    0.42622E+02    0.27171E+04    0.75531E+02
   0.26622E+02    0.42386E+02    0.27141E+04    0.75785E+02
   0.27134E+02    0.42110E+02    0.27130E+04    0.74639E+02
   0.27099E+02    0.42179E+02    0.27086E+04    0.75072E+02
   0.27068E+02    0.42520E+02    0.27069E+04    0.75070E+02
   0.26745E+02    0.41984E+02    0.27083E+04    0.75423E+02
   0.26894E+02    0.42579E+02    0.27080E+04    0.75571E+02
   0.26665E+02    0.42464E+02    0.27089E+04    0.74769E+02
   0.26784E+02    0.42366E+02    0.27088E+04    0.74894E+02
   0.26769E+02    0.42548E+02    0.27099E+04    0.75558E+02
   0.26691E+02    0.41980E+02    0.27089E+04    0.74972E+02
   0.26827E+02    0.42435E+02    0.27054E+04    0.75548E+02
   0.26612E+02    0.42089E+02    0.27043E+04    0.75087E+02
   0.27430E+02    0.42485E+02    0.27004E+04    0.74623E+02
   0.27204E+02    0.42430E+02    0.27008E+04    0.75472E+02
   0.27011E+02    0.42155E+02    0.27031E+04    0.74851E+02
   0.26824E+02    0.42730E+02    0.27007E+04    0.75102E+02
   0.26678E+02    0.42363E+02    0.26985E+04    0.75041E+02
   0.26721E+02    0.42165E+02    0.26990E+04    0.75237E+02
   0.26975E+02    0.42371E+02    0.26971E+04    0.74912E+02
   0.26853E+02    0.42642E+02    0.26959E+04    0.75602E+02
   0.26226E+02    0.42262E+02    0.26971E+04    0.75433E+02
   0.26885E+02    0.42282E+02    0.26979E+04    0.74739E+02
   0.27120E+02    0.42415E+02    0.26969E+04    0.75204E+02
   0.26969E+02    0.42236E+02    0.26964E+04    0.75346E+02
   0.27039E+02    0.42281E+02    0.26962E+04    0.74760E+02
   0.26756E+02    0.42113E+02    0.26943E+04    0.75015E+02
   0.27236E+02    0.42125E+02    0.26926E+04    0.74699E+02
   0.27145E+02    0.42412E+02    0.26940E+04    0.75224E+02
   0.26526E+02    0.42291E+02    0.26930E+04    0.75292E+02
   0.26635E+02    0.42555E+02    0.26902E+04    0.75172E+02
   0.26818E+02    0.42364E+02    0.26896E+04    0.74374E+02
   0.26651E+02    0.42653E+02    0.26914E+04    0.75382E+02
   0.27202E+02    0.42456E+02    0.26924E+04    0.74649E+02
   0.27296E+02    0.42246E+02    0.26937E+04    0.74945E+02
   0.26878E+02    0.42092E+02    0.26929E+04    0.74538E+02
   0.26892E+02    0.42393E+02    0.26905E+04    0.74744E+02
   0.26611E+02    0.42590E+02    0.26915E+04    0.74986E+02
   0.26854E+02    0.41998E+02    0.26916E+04    0.75205E+02
   0.26809E+02    0.42318E+02    0.26954E+04    0.74303E+02
   0.26711E+02    0.42257E+02    0.26969E+04    0.74925E+02
   0.27042E+02    0.42563E+02    0.26947E+04    0.74035E+02
   0.27041E+02    0.42709E+02    0.26964E+04    0.74473E+02
   0.26665E+02    0.42250E+02    0.26965E+04    0.75225E+02
   0.27156E+02    0.42463E+02    0.26965E+04    0.73667E+02
   0.26715E+02    0.41942E+02    0.26962E+04    0.75151E+02
   0.27085E+02    0.42550E+02    0.26980E+04    0.74582E+02
   0.26771E+02    0.42496E+02    0.26982E+04    0.74226E+02
   0.26588E+02    0.42234E+02    0.26972E+04    0.74030E+02
   0.26570E+02    0.42303E+02    0.26968E+04    0.75166E+02
   0.26814E+02    0.41962E+02    0.26990E+04    0.75032E+02
   0.27451E+02    0.42341E+02    0.26997E+04    0.75049E+02
   0.27266E+02    0.42193E+02    0.27007E+04    0.74703E+02
   0.26767E+02    0.42240E+02    0.26990E+04    0.75089E+02
   0.27177E+02    0.42428E+02    0.26972E+04    0.73943E+02
   0.27151E+02    0.42885E+02    0.26983E+04    0.74763E+02
   0.27002E+02    0.42462E+02    0.26995E+04    0.74566E+02
   0.26339E+02    0.42200E+02    0.27005E+04    0.74222E+02
   0.26749E+02    0.42276E+02    0.27007E+04    0.74527E+02
   0.27416E+02    0.42273E+02    0.27015E+04    0.73478E+02
   0.27022E+02    0.42077E+02    0.27006E+04    0.73844E+02
   0.26726E+02    0.42316E+02    0.27001E+04    0.74427E+02
   0.26654E+02    0.42321E+02    0.27035E+04    0.75499E+02
   0.26647E+02    0.42035E+02    0.27040E+04    0.74741E+02
   0.26949E+02    0.42340E+02    0.27030E+04    0.75904E+02
   0.27333E+02    0.42442E+02    0.27016E+04    0.73455E+02
   0.26803E+02    0.42344E+02    0.27030E+04    0.74119E+02
   0.27164E+02    0.42576E+02    0.27051E+04    0.74419E+02
   0.26733E+02    0.42469E+02    0.27056E+04    0.74920E+02
   0.27235E+02    0.42149E+02    0.27050E+04    0.73546E+02
   0.27160E+02    0.42439E+02    0.27069E+04    0.74201E+02
   0.26895E+02    0.42361E+02    0.27092E+04    0.74980E+02
   0.26909E+02    0.42273E+02    0.27092E+04    0.74894E+02
   0.26796E+02    0.42639E+02    0.27089E+04    0.74440E+02
   0.27070E+02    0.42440E+02    0.27104E+04    0.74327E+02
   0.26329E+02    0.42007E+02    0.27103E+04    0.74200E+02
   0.27073E+02    0.41801E+02    0.27088E+04    0.74689E+02
   0.26940E+02    0.42072E+02    0.27118E+04    0.74444E+02
   0.26990E+02    0.42773E+02    0.27162E+04    0.73874E+02
   0.27152E+02    0.42614E+02    0.27170E+04    0.74478E+02
   0.26830E+02    0.42062E+02    0.27183E+04    0.74922E+02
   0.26757E+02    0.42186E+02    0.27172E+04    0.74014E+02
   0.27155E+02    0.42499E+02    0.27163E+04    0.74974E+02
   0.26811E+02    0.42427E+02    0.27142E+04    0.75250E+02
   0.27103E+02    0.42511E+02    0.27150E+04    0.75236E+02
   0.26744E+02    0.42527E+02    0.27145E+04    0.74746E+02
   0.27042E+02    0.42376E+02    0.27164E+04    0.74565E+02
   0.26739E+02    0.42517E+02    0.27161E+04    0.75955E+02
   0.26684E+02    0.42563E+02    0.27161E+04    0.75086E+02
   0.27034E+02    0.42664E+02    0.27147E+04    0.74479E+02
   0.26624E+02    0.42240E+02    0.27150E+04    0.75486E+02
   0.26570E+02    0.42281E+02    0.27121E+04    0.76873E+02
   0.26673E+02    0.42369E+02    0.27108E+04    0.75465E+02
   0.26950E+02    0.42315E+02    0.27121E+04    0.76078E+02
   0.27274E+02    0.42052E+02    0.27178E+04    0.74669E+02
   0.26983E+02    0.42523E+02    0.27220E+04    0.75565E+02
   0.26910E+02    0.42013E+02    0.27177E+04    0.74666E+02
   0.26631E+02    0.42316E+02    0.27121E+04    0.75322E+02
   0.26909E+02    0.42041E+02    0.27064E+04    0.75719E+02
   0.26842E+02    0.42543E+02    0.27062E+04    0.76538E+02
   0.27109E+02    0.42519E+02    0.27078E+04    0.75405E+02
   0.27111E+02    0.42281E+02    0.27093E+04    0.75626E+02
   0.26836E+02    0.42430E+02    0.27086E+04    0.74992E+02
   0.27207E+02    0.41790E+02    0.27086E+04    0.74475E+02
   0.27007E+02    0.42556E+02    0.27079E+04    0.76166E+02
   0.27199E+02    0.42278E+02    0.27068E+04    0.74883E+02
   0.26714E+02    0.42481E+02    0.27056E+04    0.75113E+02
   0.26794E+02    0.42101E+02    0.27021E+04    0.75333E+02
   0.27096E+02    0.42577E+02    0.27031E+04    0.74814E+02
   0.26693E+02    0.42575E+02    0.27042E+04    0.75165E+02
   0.27034E+02    0.42425E+02    0.27053E+04    0.75006E+02
   0.27073E+02    0.41933E+02    0.27032E+04    0.74968E+02
   0.26897E+02    0.42190E+02    0.27007E+04    0.74661E+02
   0.26950E+02    0.41880E+02    0.26990E+04    0.74749E+02
   0.26966E+02    0.42193E+02    0.26994E+04    0.75921E+02
   0.27252E+02    0.42749E+02    0.26984E+04    0.76186E+02
   0.26634E+02    0.42462E+02    0.26970E+04    0.75270E+02
   0.27017E+02    0.42051E+02    0.26986E+04    0.75120E+02
   0.27033E+02    0.42452E+02    0.26972E+04    0.76149E+02
   0.26878E+02    0.42256E+02    0.26973E+04    0.75664E+02
   0.26638E+02    0.41863E+02    0.26953E+04    0.75022E+02
   0.26869E+02    0.42270E+02    0.26948E+04    0.75436E+02
   0.26873E+02    0.42567E+02    0.26948E+04    0.75034E+02
   0.26753E+02    0.41972E+02    0.26990E+04    0.75023E+02
   0.27025E+02    0.42546E+02    0.27022E+04    0.74504E+02
   0.27005E+02    0.42427E+02    0.27043E+04    0.74939E+02
   0.26335E+02    0.42020E+02    0.27019E+04    0.74780E+02
   0.26683E+02    0.42614E+02    0.26997E+04    0.74684E+02
   0.26870E+02    0.42376E+02    0.27021E+04    0.74967E+02
   0.27083E+02    0.42109E+02    0.27005E+04    0.75161E+02
   0.26988E+02    0.42723E+02    0.27002E+04    0.74721E+02
   0.26880E+02    0.42711E+02    0.27020E+04    0.74930E+02
   0.26968E+02    0.42049E+02    0.27038E+04    0.74755E+02
   0.26742E+02    0.42320E+02    0.27060E+04    0.74493E+02
   0.26763E+02    0.42662E+02    0.27072E+04    0.74676E+02
   0.26452E+02    0.42260E+02    0.27074E+04    0.74468E+02
   0.26965E+02    0.42749E+02    0.27048E+04    0.74221E+02
   0.26931E+02    0.42371E+02    0.27024E+04    0.74498E+02
   0.26919E+02    0.42676E+02    0.27023E+04    0.74443E+02
   0.27420E+02    0.42506E+02    0.27057E+04    0.75306E+02
   0.26703E+02    0.42315E+02    0.27057E+04    0.73794E+02
   0.26888E+02    0.42750E+02    0.27074E+04    0.75305E+02
   0.26722E+02    0.42673E+02    0.27098E+04    0.75748E+02
   0.27336E+02    0.42743E+02    0.27106E+04    0.74578E+02
   0.27069E+02    0.42637E+02    0.27121E+04    0.74599E+02
   0.26806E+02    0.42319E+02    0.27103E+04    0.74795E+02
   0.27061E+02    0.42284E+02    0.27122E+04    0.74465E+02
   0.26612E+02    0.42354E+02    0.27168E+04    0.74489E+02
   0.26830E+02    0.42204E+02    0.27189E+04    0.74110E+02
   0.26703E+02    0.42637E+02    0.27204E+04    0.74674E+02
   0.27098E+02    0.42388E+02    0.27177E+04    0.75569E+02
   0.27241E+02    0.42612E+02    0.27173E+04    0.74001E+02
   0.26838E+02    0.42191E+02    0.27172E+04    0.74211E+02
   0.26814E+02    0.42349E+02    0.27199E+04    0.74660E+02
   0.27101E+02    0.42245E+02    0.27187E+04    0.73741E+02
   0.26623E+02    0.42482E+02    0.27184E+04    0.75250E+02
   0.26769E+02    0.42416E+02    0.27181E+04    0.74880E+02
   0.26691E+02    0.42417E+02    0.27164E+04    0.75137E+02
   0.27003E+02    0.42031E+02    0.27158E+04    0.73921E+02
   0.26555E+02    0.41915E+02    0.27152E+04    0.74895E+02
   0.27008E+02    0.42133E+02    0.27169E+04    0.75435E+02
   0.26691E+02    0.42321E+02    0.27206E+04    0.74644E+02
   0.27148E+02    0.42671E+02    0.27212E+04    0.74801E+02
   0.26789E+02    0.42646E+02    0.27210E+04    0.75083E+02
   0.27098E+02    0.42238E+02    0.27209E+04    0.74685E+02
   0.26715E+02    0.42267E+02    0.27221E+04    0.75520E+02
   0.26965E+02    0.42530E+02    0.27235E+04    0.75854E+02
   0.26659E+02    0.42483E+02    0.27247E+04    0.74367E+02
   0.26445E+02    0.42482E+02    0.27222E+04    0.74385E+02
   0.27187E+02    0.42025E+02    0.27209E+04    0.75350E+02
   0.26868E+02    0.42300E+02    0.27185E+04    0.74706E+02
   0.26795E+02    0.41772E+02    0.27162E+04    0.74992E+02
   0.26761E+02    0.42372E+02    0.27170E+04    0.75126E+02
   0.27071E+02    0.42261E+02    0.27160E+04    0.75088E+02
   0.27119E+02    0.42079E+02    0.27165E+04    0.75453E+02
   0.26924E+02    0.42645E+02    0.27193E+04    0.74800E+02
   0.26953E+02    0.42234E+02    0.27186E+04    0.75845E+02
   0.26834E+02    0.42329E+02    0.27168E+04    0.75066E+02
   0.26823E+02    0.42232E+02    0.27145E+04    0.76496E+02
   0.27188E+02    0.42062E+02    0.27139E+04    0.75782E+02
   0.26770E+02    0.41904E+02    0.27123E+04    0.75571E+02
   0.26931E+02    0.41925E+02    0.27108E+04    0.75747E+02
   0.26751E+02    0.42327E+02    0.27125E+04    0.74255E+02
   0.26960E+02    0.42243E+02    0.27143E+04    0.74499E+02
   0.26851E+02    0.42199E+02    0.27123E+04    0.74892E+02
   0.27083E+02    0.42305E+02    0.27068E+04    0.75409E+02
   0.26770E+02    0.42381E+02    0.27057E+04    0.74808E+02
   0.27058E+02    0.42162E+02    0.27038E+04    0.75626E+02
   0.27386E+02    0.42420E+02    0.27029E+04    0.75138E+02
   0.26900E+02    0.42012E+02    0.27038E+04    0.74400E+02
   0.26849E+02    0.42047E+02    0.27034E+04    0.75596E+02
   0.26785E+02    0.42080E+02    0.27023E+04    0.76206E+02
   0.27036E+02    0.42324E+02    0.26978E+04    0.75611E+02
   0.26662E+02    0.42235E+02    0.26978E+04    0.75343E+02
   0.26994E+02    0.42376E+02    0.26968E+04    0.75702E+02
   0.26554E+02    0.42216E+02    0.26966E+04    0.74971E+02
   0.27021E+02    0.42595E+02    0.26962E+04    0.75298E+02
   0.26882E+02    0.42549E+02    0.26973E+04    0.75584E+02
   0.27324E+02    0.41922E+02    0.26976E+04    0.75466E+02
   0.26974E+02    0.42400E+02    0.26945E+04    0.75518E+02
   0.26867E+02    0.42220E+02    0.26955E+04    0.75533E+02
   0.27167E+02    0.41810E+02    0.26924E+04    0.75043E+02
   0.27058E+02    0.42424E+02    0.26929E+04    0.75546E+02
   0.26902E+02    0.42461E+02    0.26929E+04    0.74775E+02
   0.26684E+02    0.42042E+02    0.26949E+04    0.74828E+02
   0.27160E+02    0.42161E+02    0.26944E+04    0.74996E+02
   0.26645E+02    0.42584E+02    0.26939E+04    0.74803E+02
   0.27241E+02    0.42274E+02    0.26931E+04    0.74906E+02
   0.26955E+02    0.42504E+02    0.26914E+04    0.74208E+02
   0.26701E+02    0.42277E+02    0.26938E+04    0.73554E+02
   0.26879E+02    0.41874E+02    0.26953E+04    0.75063E+02
   0.26689E+02    0.42546E+02    0.26952E+04    0.74282E+02
   0.26923E+02    0.42295E+02    0.26943E+04    0.74569E+02
   0.27016E+02    0.42014E+02    0.26964E+04    0.75260E+02
   0.26840E+02    0.42322E+02    0.26969E+04    0.74178E+02
   0.27219E+02    0.42813E+02    0.26962E+04    0.75041E+02
   0.26914E+02    0.42722E+02    0.26968E+04    0.74014E+02
   0.26894E+02    0.42688E+02    0.26965E+04    0.74954E+02
   0.26808E+02    0.42575E+02    0.26972E+04    0.74513E+02
   0.27383E+02    0.42609E+02    0.26964E+04    0.74406E+02
   0.27048E+02    0.41993E+02    0.26958E+04    0.74521E+02
   0.26885E+02    0.42692E+02    0.26993E+04    0.75206E+02
   0.26961E+02    0.42338E+02    0.27036E+04    0.74753E+02
   0.26782E+02    0.42386E+02    0.27071E+04    0.74214E+02
   0.27008E+02    0.42133E+02    0.27060E+04    0.75280E+02
   0.26896E+02    0.42393E+02    0.27054E+04    0.74024E+02
   0.26968E+02    0.42475E+02    0.27062E+04    0.74534E+02
   0.26926E+02    0.42131E+02    0.27064E+04    0.73868E+02
   0.26465E+02    0.42386E+02    0.27060E+04    0.74936E+02
   0.26797E+02    0.42380E+02    0.27067E+04    0.74135E+02
   0.27252E+02    0.42608E+02    0.27073E+04    0.74583E+02
   0.26851E+02    0.42327E+02    0.27071E+04    0.74941E+02
   0.26872E+02    0.42513E+02    0.27081E+04    0.74233E+02
   0.27176E+02    0.42576E+02    0.27093E+04    0.74813E+02
   0.26375E+02    0.42042E+02    0.27122E+04    0.74926E+02
   0.26606E+02    0.42120E+02    0.27139E+04    0.75550E+02
   0.27218E+02    0.42507E+02    0.27143E+04    0.74978E+02
   0.26364E+02    0.42450E+02    0.27155E+04    0.74527E+02
   0.26924E+02    0.42278E+02    0.27155E+04    0.75360E+02
   0.26673E+02    0.42318E+02    0.27161E+04    0.74115E+02
   0.26977E+02    0.41986E+02    0.27165E+04    0.74388E+02
   0.26614E+02    0.42581E+02    0.27170E+04    0.75120E+02
   0.26786E+02    0.42706E+02    0.27187E+04    0.74454E+02
   0.27161E+02    0.42552E+02    0.27203E+04    0.75607E+02
   0.26663E+02    0.42368E+02    0.27167E+04    0.75135E+02
   0.27093E+02    0.42472E+02    0.27139E+04    0.74621E+02
   0.26856E+02    0.42101E+02    0.27145E+04    0.75514E+02
   0.27263E+02    0.42495E+02    0.27144E+04    0.75846E+02
   0.26768E+02    0.42496E+02    0.27113E+04    0.75556E+02
   0.26648E+02    0.42169E+02    0.27108E+04    0.75759E+02
   0.26869E+02    0.42314E+02    0.27116E+04    0.74465E+02
   0.27037E+02    0.42423E+02    0.27124E+04    0.75253E+02
   0.27089E+02    0.42101E+02    0.27181E+04    0.75005E+02
   0.26883E+02    0.42627E+02    0.27190E+04    0.74984E+02
   0.27144E+02    0.42230E+02    0.27166E+04    0.74992E+02
   0.26436E+02    0.42114E+02    0.27159E+04    0.75335E+02
   0.27276E+02    0.42282E+02    0.27162E+04    0.75460E+02
   0.26957E+02    0.42438E+02    0.27146E+04    0.75499E+02
   0.26839E+02    0.42039E+02    0.27133E+04    0.75405E+02
   0.26722E+02    0.42311E+02    0.27115E+04    0.75372E+02
   0.27022E+02    0.42486E+02    0.27112E+04    0.75979E+02
   0.27371E+02    0.41902E+02    0.27098E+04    0.74913E+02
   0.27058E+02    0.42472E+02    0.27101E+04    0.74983E+02
   0.26914E+02    0.42493E+02    0.27073E+04    0.76374E+02
   0.27090E+02    0.41878E+02    0.27056E+04    0.74986E+02
   0.26698E+02    0.42377E+02    0.27035E+04    0.75407E+02
   0.27248E+02    0.42425E+02    0.27052E+04    0.75522E+02
   0.26468E+02    0.42036E+02    0.27081E+04    0.74317E+02
   0.26610E+02    0.42179E+02    0.27080E+04    0.75277E+02
   0.26821E+02    0.42246E+02    0.27039E+04    0.75718E+02
   0.26917E+02    0.42343E+02    0.27048E+04    0.75994E+02
   0.26831E+02    0.42153E+02    0.27051E+04    0.74993E+02
   0.26924E+02    0.42435E+02    0.27021E+04    0.74991E+02
   0.26901E+02    0.42193E+02    0.27016E+04    0.74669E+02
   0.26736E+02    0.42132E+02    0.27038E+04    0.75395E+02
   0.26965E+02    0.42331E+02    0.27046E+04    0.75569E+02
   0.26728E+02    0.42505E+02    0.27056E+04    0.74498E+02
   0.26862E+02    0.42634E+02    0.27062E+04    0.75484E+02
   0.26782E+02    0.42271E+02    0.27065E+04    0.74888E+02
   0.26718E+02    0.42182E+02    0.27016E+04    0.74763E+02
   0.27150E+02    0.42282E+02    0.27020E+04    0.74043E+02
   0.26817E+02    0.42299E+02    0.27067E+04    0.74589E+02
   0.26857E+02    0.42011E+02    0.27069E+04    0.75050E+02
   0.26847E+02    0.42304E+02    0.27065E+04    0.75499E+02
   0.26488E+02    0.42426E+02    0.27055E+04    0.74233E+02
   0.26951E+02    0.42528E+02    0.27022E+04    0.75358E+02
   0.26588E+02    0.42681E+02    0.27015E+04    0.74565E+02
   0.26634E+02    0.42402E+02    0.27031E+04    0.75459E+02
   0.27226E+02    0.42463E+02    0.27017E+04    0.76097E+02
   0.27004E+02    0.42367E+02    0.26997E+04    0.74646E+02
   0.26978E+02    0.42190E+02    0.27010E+04    0.74515E+02
   0.27173E+02    0.42302E+02    0.27001E+04    0.74821E+02
   0.27047E+02    0.42041E+02    0.27006E+04    0.75444E+02
   0.26696E+02    0.42132E+02    0.27017E+04    0.75348E+02
   0.27025E+02    0.42563E+02    0.27036E+04    0.74896E+02
   0.26733E+02    0.42428E+02    0.27048E+04    0.74870E+02
   0.27122E+02    0.42240E+02    0.27076E+04    0.74920E+02
   0.26980E+02    0.42523E+02    0.27067E+04    0.74770E+02
   0.26793E+02    0.42501E+02    0.27055E+04    0.74643E+02
   0.26269E+02    0.42356E+02    0.27055E+04    0.75517E+02
   0.26494E+02    0.42694E+02    0.27044E+04    0.75595E+02
   0.27160E+02    0.42287E+02    0.27041E+04    0.75235E+02
   0.26944E+02    0.42047E+02    0.27021E+04    0.73873E+02
   0.26893E+02    0.42593E+02    0.27035E+04    0.74645E+02
   0.26985E+02    0.42385E+02    0.27056E+04    0.74959E+02
   0.26692E+02    0.42830E+02    0.27043E+04    0.74707E+02
   0.26781E+02    0.42312E+02    0.27055E+04    0.75105E+02
