   0.22371E+02    0.39936E+02    0.36541E+02    0.43988E+02
   0.22085E+02    0.39799E+02    0.36042E+02    0.46253E+02
   0.22467E+02    0.40409E+02    0.44847E+02    0.47134E+02
   0.22080E+02    0.39909E+02    0.38755E+02    0.47828E+02
   0.22188E+02    0.40268E+02    0.37083E+02    0.44639E+02
   0.22170E+02    0.39821E+02    0.39065E+02    0.44873E+02
   0.22210E+02    0.40072E+02    0.38131E+02    0.43856E+02
   0.22259E+02    0.39963E+02    0.38044E+02    0.48985E+02
   0.22323E+02    0.40550E+02    0.37974E+02    0.50448E+02
   0.22594E+02    0.40227E+02    0.38420E+02    0.46670E+02
   0.22392E+02    0.36978E+02    0.40169E+02    0.46148E+02
   0.22431E+02    0.36951E+02    0.37071E+02    0.47929E+02
   0.22950E+02    0.41227E+02    0.42746E+02    0.47074E+02
   0.22518E+02    0.40806E+02    0.38202E+02    0.45154E+02
   0.22346E+02    0.41550E+02    0.40226E+02    0.47749E+02
   0.22361E+02    0.41560E+02    0.36366E+02    0.44642E+02
   0.22438E+02    0.43822E+02    0.30741E+02    0.46244E+02
   0.22097E+02    0.43771E+02    0.37705E+02    0.46550E+02
   0.22258E+02    0.41445E+02    0.34644E+02    0.44688E+02
   0.22234E+02    0.41144E+02    0.36380E+02    0.44981E+02
   0.22290E+02    0.37800E+02    0.33909E+02    0.44024E+02
   0.22891E+02    0.37170E+02    0.39674E+02    0.46795E+02
   0.22543E+02    0.40504E+02    0.39944E+02    0.44929E+02
   0.22237E+02    0.40634E+02    0.41405E+02    0.45222E+02
   0.22584E+02    0.36417E+02    0.34495E+02    0.46603E+02
   0.22552E+02    0.35853E+02    0.39226E+02    0.48149E+02
   0.22216E+02    0.38886E+02    0.37517E+02    0.44085E+02
   0.22263E+02    0.39557E+02    0.38503E+02    0.49273E+02
   0.22611E+02    0.39485E+02    0.40877E+02    0.46481E+02
   0.22344E+02    0.39591E+02    0.40642E+02    0.45235E+02
   0.23089E+02    0.37121E+02    0.43645E+02    0.47086E+02
   0.22741E+02    0.37300E+02    0.31800E+02    0.46135E+02
   0.22285E+02    0.38173E+02    0.42101E+02    0.48812E+02
   0.22779E+02    0.37825E+02    0.36366E+02    0.42013E+02
   0.22250E+02    0.39848E+02    0.37352E+02    0.46220E+02
   0.22654E+02    0.39703E+02    0.41487E+02    0.49334E+02
   0.23076E+02    0.39673E+02    0.38267E+02    0.41594E+02
   0.22316E+02    0.38877E+02    0.33567E+02    0.48067E+02
   0.22639E+02    0.39243E+02    0.38143E+02    0.45931E+02
   0.22850E+02    0.39670E+02    0.34620E+02    0.45246E+02
   0.22693E+02    0.37548E+02    0.41432E+02    0.46321E+02
   0.22703E+02    0.37713E+02    0.33774E+02    0.48831E+02
   0.23101E+02    0.38285E+02    0.41060E+02    0.46912E+02
   0.23115E+02    0.38551E+02    0.42634E+02    0.45916E+02
   0.22990E+02    0.39503E+02    0.35527E+02    0.46582E+02
   0.22239E+02    0.39613E+02    0.37618E+02    0.42565E+02
   0.22924E+02    0.40322E+02    0.42318E+02    0.46995E+02
   0.22451E+02    0.40149E+02    0.31025E+02    0.42232E+02
   0.22147E+02    0.38258E+02    0.35805E+02    0.50119E+02
   0.22737E+02    0.38227E+02    0.40534E+02    0.46061E+02
   0.22463E+02    0.38944E+02    0.31901E+02    0.45417E+02
   0.22640E+02    0.38642E+02    0.40619E+02    0.47728E+02
   0.22591E+02    0.38817E+02    0.37263E+02    0.44558E+02
   0.22440E+02    0.39209E+02    0.39085E+02    0.47908E+02
   0.22016E+02    0.39970E+02    0.40795E+02    0.45605E+02
   0.22597E+02    0.40196E+02    0.36334E+02    0.45026E+02
   0.22392E+02    0.39225E+02    0.44751E+02    0.48819E+02
   0.21924E+02    0.39208E+02    0.39381E+02    0.48549E+02
   0.22001E+02    0.41353E+02    0.39005E+02    0.46629E+02
   0.21716E+02    0.41051E+02    0.40354E+02    0.44637E+02
   0.21977E+02    0.39208E+02    0.41407E+02    0.41402E+02
   0.21796E+02    0.39313E+02    0.41028E+02    0.45686E+02
   0.21631E+02    0.38313E+02    0.40031E+02    0.48537E+02
   0.22169E+02    0.38823E+02    0.34794E+02    0.46694E+02
   0.21592E+02    0.38968E+02    0.39744E+02    0.47519E+02
   0.21763E+02    0.38907E+02    0.38500E+02    0.48633E+02
   0.21666E+02    0.42357E+02    0.40762E+02    0.42868E+02
   0.21985E+02    0.42963E+02    0.38054E+02    0.45105E+02
   0.21547E+02    0.39053E+02    0.35147E+02    0.45175E+02
   0.21527E+02    0.39393E+02    0.40520E+02    0.45076E+02
   0.21908E+02    0.42865E+02    0.38096E+02    0.48477E+02
   0.21787E+02    0.42952E+02    0.38521E+02    0.45382E+02
   0.21308E+02    0.40105E+02    0.39489E+02    0.42774E+02
   0.21398E+02    0.39910E+02    0.36643E+02    0.46607E+02
   0.21695E+02    0.41613E+02    0.40174E+02    0.45920E+02
   0.21971E+02    0.41480E+02    0.36216E+02    0.48099E+02
   0.21926E+02    0.41338E+02    0.37766E+02    0.45312E+02
   0.21865E+02    0.40963E+02    0.42707E+02    0.43194E+02
   0.21985E+02    0.43936E+02    0.40333E+02    0.43964E+02
   0.21652E+02    0.43894E+02    0.39456E+02    0.43619E+02
   0.21585E+02    0.39486E+02    0.36754E+02    0.51637E+02
   0.21836E+02    0.39480E+02    0.38901E+02    0.46461E+02
   0.22137E+02    0.40967E+02    0.41462E+02    0.42140E+02
   0.21448E+02    0.41209E+02    0.36806E+02    0.51629E+02
   0.21720E+02    0.39155E+02    0.40726E+02    0.45815E+02
   0.22187E+02    0.39242E+02    0.36242E+02    0.41677E+02
   0.21842E+02    0.39228E+02    0.37555E+02    0.48928E+02
   0.22062E+02    0.39748E+02    0.39891E+02    0.48737E+02
   0.22002E+02    0.41907E+02    0.37597E+02    0.48209E+02
   0.22488E+02    0.41937E+02    0.37976E+02    0.45953E+02
   0.21930E+02    0.43881E+02    0.36481E+02    0.44411E+02
   0.22467E+02    0.43782E+02    0.40058E+02    0.42737E+02
   0.22230E+02    0.40391E+02    0.37277E+02    0.44608E+02
   0.22284E+02    0.40475E+02    0.35718E+02    0.47496E+02
   0.22174E+02    0.41731E+02    0.38701E+02    0.44954E+02
   0.22296E+02    0.41783E+02    0.32957E+02    0.43927E+02
   0.22190E+02    0.40894E+02    0.35026E+02    0.48642E+02
   0.21940E+02    0.40849E+02    0.36894E+02    0.45321E+02
   0.22209E+02    0.40219E+02    0.41261E+02    0.45126E+02
   0.22196E+02    0.40805E+02    0.39817E+02    0.47207E+02
   0.22212E+02    0.40861E+02    0.33478E+02    0.47253E+02
   0.22092E+02    0.40986E+02    0.35555E+02    0.45130E+02
   0.22564E+02    0.42319E+02    0.40805E+02    0.45724E+02
   0.22253E+02    0.42410E+02    0.41997E+02    0.48411E+02
   0.21959E+02    0.39226E+02    0.41152E+02    0.46781E+02
   0.22018E+02    0.39188E+02    0.35349E+02    0.44155E+02
   0.22269E+02    0.39817E+02    0.39059E+02    0.49006E+02
   0.21605E+02    0.39953E+02    0.32271E+02    0.45909E+02
   0.22344E+02    0.41299E+02    0.38213E+02    0.45168E+02
   0.22007E+02    0.40590E+02    0.35997E+02    0.47666E+02
   0.21516E+02    0.41778E+02    0.38511E+02    0.44300E+02
   0.21924E+02    0.41741E+02    0.39452E+02    0.48294E+02
   0.21396E+02    0.41202E+02    0.41695E+02    0.45674E+02
   0.21593E+02    0.41046E+02    0.33954E+02    0.45099E+02
   0.21942E+02    0.41443E+02    0.34970E+02    0.48392E+02
   0.21390E+02    0.41556E+02    0.35835E+02    0.46724E+02
   0.21610E+02    0.40589E+02    0.40139E+02    0.46425E+02
   0.21802E+02    0.40331E+02    0.38359E+02    0.48339E+02
   0.21622E+02    0.43153E+02    0.43283E+02    0.46393E+02
   0.21082E+02    0.43239E+02    0.36837E+02    0.47268E+02
   0.21853E+02    0.41917E+02    0.34309E+02    0.42226E+02
   0.21049E+02    0.42488E+02    0.37514E+02    0.47898E+02
   0.21082E+02    0.39075E+02    0.39168E+02    0.46723E+02
   0.21464E+02    0.39220E+02    0.35415E+02    0.47511E+02
   0.21577E+02    0.41752E+02    0.36516E+02    0.48936E+02
   0.21334E+02    0.42082E+02    0.38081E+02    0.45085E+02
   0.20827E+02    0.43154E+02    0.38266E+02    0.47451E+02
   0.21611E+02    0.43360E+02    0.41044E+02    0.48410E+02
   0.21139E+02    0.43010E+02    0.35114E+02    0.45820E+02
   0.21389E+02    0.43059E+02    0.42977E+02    0.49397E+02
   0.21004E+02    0.43617E+02    0.38446E+02    0.47493E+02
   0.21209E+02    0.43728E+02    0.36897E+02    0.46352E+02
   0.21308E+02    0.42279E+02    0.39819E+02    0.47504E+02
   0.21742E+02    0.42423E+02    0.37734E+02    0.46291E+02
   0.21757E+02    0.42144E+02    0.44009E+02    0.47379E+02
   0.21679E+02    0.42714E+02    0.41067E+02    0.46028E+02
   0.21417E+02    0.39233E+02    0.33968E+02    0.46439E+02
   0.21575E+02    0.39020E+02    0.39108E+02    0.49451E+02
   0.21236E+02    0.42833E+02    0.34250E+02    0.43126E+02
   0.21385E+02    0.42784E+02    0.34831E+02    0.44749E+02
   0.21807E+02    0.41674E+02    0.37123E+02    0.51423E+02
   0.21432E+02    0.40999E+02    0.33615E+02    0.45887E+02
   0.21863E+02    0.40440E+02    0.38476E+02    0.49859E+02
   0.22258E+02    0.40208E+02    0.43286E+02    0.45138E+02
   0.21918E+02    0.39093E+02    0.35660E+02    0.46844E+02
   0.21856E+02    0.38765E+02    0.36744E+02    0.41456E+02
   0.21993E+02    0.41902E+02    0.31859E+02    0.48726E+02
   0.21843E+02    0.42020E+02    0.39130E+02    0.44453E+02
   0.21758E+02    0.41216E+02    0.37105E+02    0.49821E+02
   0.21937E+02    0.41188E+02    0.38330E+02    0.46948E+02
   0.22398E+02    0.41114E+02    0.34989E+02    0.49314E+02
   0.22394E+02    0.41446E+02    0.37017E+02    0.50584E+02
   0.22439E+02    0.39921E+02    0.37315E+02    0.46524E+02
   0.22523E+02    0.39772E+02    0.35892E+02    0.46698E+02
   0.22157E+02    0.40392E+02    0.31947E+02    0.47893E+02
   0.22575E+02    0.40261E+02    0.39707E+02    0.47136E+02
   0.22552E+02    0.42030E+02    0.40042E+02    0.46520E+02
   0.22266E+02    0.41701E+02    0.38466E+02    0.41943E+02
   0.22156E+02    0.37409E+02    0.41363E+02    0.46447E+02
   0.22384E+02    0.37379E+02    0.36326E+02    0.47519E+02
   0.22789E+02    0.37863E+02    0.40048E+02    0.44971E+02
   0.23066E+02    0.37891E+02    0.40110E+02    0.48883E+02
   0.22387E+02    0.39255E+02    0.39006E+02    0.44791E+02
   0.22573E+02    0.39270E+02    0.37171E+02    0.47425E+02
   0.22789E+02    0.37954E+02    0.36040E+02    0.49067E+02
   0.23141E+02    0.38057E+02    0.36406E+02    0.49874E+02
   0.23081E+02    0.38831E+02    0.39464E+02    0.42604E+02
   0.23136E+02    0.38621E+02    0.38426E+02    0.46219E+02
   0.23456E+02    0.39060E+02    0.39666E+02    0.44822E+02
   0.23289E+02    0.38963E+02    0.31151E+02    0.48804E+02
   0.22846E+02    0.37450E+02    0.35455E+02    0.43634E+02
   0.23087E+02    0.37495E+02    0.39851E+02    0.48416E+02
   0.23187E+02    0.37469E+02    0.41748E+02    0.45435E+02
   0.23040E+02    0.37421E+02    0.37198E+02    0.46753E+02
   0.23034E+02    0.39754E+02    0.35327E+02    0.47910E+02
   0.22582E+02    0.39496E+02    0.38849E+02    0.50589E+02
   0.22926E+02    0.38185E+02    0.36319E+02    0.46527E+02
   0.22875E+02    0.38560E+02    0.34026E+02    0.46785E+02
   0.22557E+02    0.37543E+02    0.38693E+02    0.46643E+02
   0.22697E+02    0.37436E+02    0.37689E+02    0.45631E+02
   0.22605E+02    0.37326E+02    0.41966E+02    0.44483E+02
   0.22832E+02    0.38086E+02    0.39583E+02    0.42739E+02
   0.22559E+02    0.36336E+02    0.39871E+02    0.48212E+02
   0.22701E+02    0.36340E+02    0.34260E+02    0.47517E+02
   0.22727E+02    0.38957E+02    0.42040E+02    0.46312E+02
   0.22484E+02    0.39093E+02    0.32754E+02    0.45305E+02
   0.22301E+02    0.40271E+02    0.38159E+02    0.47796E+02
   0.22226E+02    0.40102E+02    0.45368E+02    0.45446E+02
   0.22264E+02    0.37744E+02    0.39510E+02    0.45838E+02
   0.22232E+02    0.38518E+02    0.38758E+02    0.45546E+02
   0.22122E+02    0.37636E+02    0.42668E+02    0.43187E+02
   0.21836E+02    0.37579E+02    0.37661E+02    0.47306E+02
   0.21625E+02    0.39069E+02    0.40329E+02    0.51706E+02
   0.21525E+02    0.38742E+02    0.40853E+02    0.47584E+02
   0.21372E+02    0.39777E+02    0.34137E+02    0.46449E+02
   0.21665E+02    0.39503E+02    0.39980E+02    0.47926E+02
   0.21244E+02    0.38448E+02    0.38329E+02    0.44931E+02
   0.21741E+02    0.37952E+02    0.37021E+02    0.48311E+02
   0.21490E+02    0.40293E+02    0.41231E+02    0.47511E+02
   0.21490E+02    0.40269E+02    0.31722E+02    0.50094E+02
   0.21438E+02    0.40702E+02    0.36210E+02    0.46161E+02
   0.21846E+02    0.40826E+02    0.35191E+02    0.48775E+02
   0.21645E+02    0.38497E+02    0.41033E+02    0.49333E+02
   0.21250E+02    0.38604E+02    0.34845E+02    0.48365E+02
   0.21096E+02    0.41148E+02    0.39976E+02    0.49522E+02
   0.21450E+02    0.40276E+02    0.41784E+02    0.45706E+02
   0.21818E+02    0.40910E+02    0.40454E+02    0.47407E+02
   0.21600E+02    0.40853E+02    0.38497E+02    0.43726E+02
   0.21701E+02    0.39505E+02    0.41489E+02    0.48131E+02
   0.21344E+02    0.39545E+02    0.34657E+02    0.45278E+02
   0.21441E+02    0.41314E+02    0.35902E+02    0.46952E+02
   0.21436E+02    0.40884E+02    0.32008E+02    0.51522E+02
   0.21275E+02    0.40945E+02    0.35878E+02    0.48357E+02
   0.21149E+02    0.40175E+02    0.36337E+02    0.49284E+02
   0.21402E+02    0.40606E+02    0.40038E+02    0.48491E+02
   0.21528E+02    0.40394E+02    0.38186E+02    0.44438E+02
   0.21435E+02    0.39445E+02    0.34723E+02    0.50265E+02
   0.21760E+02    0.39703E+02    0.38071E+02    0.45606E+02
   0.21836E+02    0.40174E+02    0.40214E+02    0.47701E+02
   0.21645E+02    0.39972E+02    0.41068E+02    0.47315E+02
   0.21792E+02    0.40151E+02    0.40451E+02    0.42801E+02
   0.21424E+02    0.40009E+02    0.39245E+02    0.49134E+02
   0.21256E+02    0.42353E+02    0.40657E+02    0.45133E+02
   0.21545E+02    0.41957E+02    0.40247E+02    0.42583E+02
   0.21850E+02    0.39766E+02    0.40025E+02    0.41344E+02
   0.21504E+02    0.40307E+02    0.38342E+02    0.44189E+02
   0.22171E+02    0.40544E+02    0.40259E+02    0.46463E+02
   0.21782E+02    0.40577E+02    0.41798E+02    0.46419E+02
   0.22102E+02    0.40258E+02    0.41616E+02    0.46921E+02
   0.22035E+02    0.40257E+02    0.38458E+02    0.49896E+02
   0.21686E+02    0.38822E+02    0.36260E+02    0.45940E+02
   0.21490E+02    0.38983E+02    0.41137E+02    0.45811E+02
   0.21955E+02    0.40383E+02    0.36922E+02    0.42127E+02
   0.22209E+02    0.40475E+02    0.40573E+02    0.47348E+02
   0.21368E+02    0.41191E+02    0.38425E+02    0.45376E+02
   0.21096E+02    0.41383E+02    0.38322E+02    0.46828E+02
   0.21708E+02    0.42905E+02    0.43448E+02    0.46796E+02
   0.21272E+02    0.43015E+02    0.33514E+02    0.46471E+02
   0.21328E+02    0.42403E+02    0.36850E+02    0.44636E+02
   0.21531E+02    0.42305E+02    0.35937E+02    0.46480E+02
   0.21793E+02    0.40496E+02    0.41219E+02    0.43307E+02
   0.22040E+02    0.39948E+02    0.34401E+02    0.47681E+02
   0.22000E+02    0.40478E+02    0.36178E+02    0.45150E+02
   0.21836E+02    0.40281E+02    0.39291E+02    0.45648E+02
   0.21657E+02    0.40468E+02    0.33903E+02    0.45810E+02
   0.22184E+02    0.40426E+02    0.36593E+02    0.47088E+02
   0.21571E+02    0.43390E+02    0.36142E+02    0.48399E+02
   0.21909E+02    0.42677E+02    0.39495E+02    0.48054E+02
   0.22074E+02    0.39744E+02    0.36640E+02    0.47508E+02
   0.22022E+02    0.39820E+02    0.39516E+02    0.48873E+02
   0.22206E+02    0.42335E+02    0.35127E+02    0.48620E+02
   0.22156E+02    0.42143E+02    0.42136E+02    0.47819E+02
   0.22433E+02    0.42022E+02    0.39820E+02    0.43269E+02
   0.22000E+02    0.42093E+02    0.38689E+02    0.47830E+02
   0.21902E+02    0.39417E+02    0.33677E+02    0.45486E+02
   0.22140E+02    0.39436E+02    0.33291E+02    0.48362E+02
   0.22329E+02    0.39809E+02    0.39582E+02    0.48550E+02
   0.22695E+02    0.39916E+02    0.38186E+02    0.45456E+02
   0.22917E+02    0.40993E+02    0.38832E+02    0.44916E+02
   0.22117E+02    0.41210E+02    0.43551E+02    0.46027E+02
   0.22287E+02    0.42584E+02    0.36390E+02    0.46570E+02
   0.22109E+02    0.42578E+02    0.35068E+02    0.45151E+02
   0.22389E+02    0.41267E+02    0.36563E+02    0.51582E+02
   0.22407E+02    0.41116E+02    0.39214E+02    0.48427E+02
   0.22655E+02    0.39969E+02    0.35860E+02    0.45153E+02
   0.22330E+02    0.40401E+02    0.39267E+02    0.45879E+02
   0.22115E+02    0.40119E+02    0.32646E+02    0.43803E+02
   0.22102E+02    0.40548E+02    0.34236E+02    0.43508E+02
   0.22678E+02    0.40628E+02    0.42392E+02    0.44979E+02
   0.22194E+02    0.41403E+02    0.38256E+02    0.43141E+02
   0.22898E+02    0.40245E+02    0.41861E+02    0.50813E+02
   0.22434E+02    0.40442E+02    0.41364E+02    0.44803E+02
   0.22676E+02    0.39352E+02    0.35828E+02    0.44679E+02
   0.22591E+02    0.39419E+02    0.41153E+02    0.41126E+02
   0.22619E+02    0.36423E+02    0.38503E+02    0.45369E+02
   0.22580E+02    0.36429E+02    0.34935E+02    0.45041E+02
   0.22691E+02    0.39094E+02    0.35154E+02    0.47136E+02
   0.22774E+02    0.39315E+02    0.34607E+02    0.45822E+02
   0.22372E+02    0.39275E+02    0.36035E+02    0.47482E+02
   0.21922E+02    0.39382E+02    0.35664E+02    0.44244E+02
   0.22674E+02    0.41908E+02    0.38632E+02    0.45197E+02
   0.22377E+02    0.42372E+02    0.41140E+02    0.48236E+02
   0.22048E+02    0.37402E+02    0.44287E+02    0.49098E+02
   0.22156E+02    0.37910E+02    0.38688E+02    0.43580E+02
   0.21899E+02    0.42837E+02    0.39486E+02    0.43391E+02
   0.22038E+02    0.42773E+02    0.41834E+02    0.44187E+02
   0.22192E+02    0.38541E+02    0.34005E+02    0.54130E+02
   0.22229E+02    0.38086E+02    0.40517E+02    0.47243E+02
   0.22287E+02    0.42632E+02    0.36425E+02    0.46587E+02
   0.22339E+02    0.43077E+02    0.38956E+02    0.42104E+02
   0.22257E+02    0.38832E+02    0.42461E+02    0.44725E+02
   0.22234E+02    0.38759E+02    0.38792E+02    0.46563E+02
   0.22137E+02    0.40314E+02    0.42346E+02    0.47673E+02
   0.22013E+02    0.40471E+02    0.42041E+02    0.46781E+02
   0.21845E+02    0.39611E+02    0.36162E+02    0.45716E+02
   0.21794E+02    0.40149E+02    0.39550E+02    0.46346E+02
   0.21962E+02    0.39180E+02    0.41285E+02    0.47293E+02
   0.22311E+02    0.39494E+02    0.33108E+02    0.47513E+02
   0.22258E+02    0.39574E+02    0.41496E+02    0.46041E+02
   0.21944E+02    0.39546E+02    0.40310E+02    0.47475E+02
   0.22102E+02    0.38236E+02    0.37175E+02    0.46684E+02
   0.22275E+02    0.38600E+02    0.40549E+02    0.43940E+02
   0.21775E+02    0.40202E+02    0.37089E+02    0.48639E+02
   0.22207E+02    0.40422E+02    0.36163E+02    0.45988E+02
   0.22536E+02    0.38328E+02    0.37894E+02    0.47161E+02
   0.22020E+02    0.37826E+02    0.36991E+02    0.45685E+02
   0.22358E+02    0.37461E+02    0.34574E+02    0.44920E+02
   0.22003E+02    0.38052E+02    0.37260E+02    0.49841E+02
   0.21848E+02    0.41360E+02    0.37583E+02    0.47230E+02
   0.22195E+02    0.41153E+02    0.39540E+02    0.45509E+02
   0.21541E+02    0.39121E+02    0.36296E+02    0.41439E+02
   0.21842E+02    0.38956E+02    0.39512E+02    0.47451E+02
   0.22090E+02    0.39127E+02    0.34464E+02    0.44600E+02
   0.22103E+02    0.39120E+02    0.38453E+02    0.45844E+02
   0.22075E+02    0.42117E+02    0.36113E+02    0.48688E+02
   0.22528E+02    0.41836E+02    0.38746E+02    0.49070E+02
   0.22572E+02    0.39189E+02    0.36301E+02    0.46432E+02
   0.22574E+02    0.39189E+02    0.39182E+02    0.46805E+02
   0.21763E+02    0.40623E+02    0.33071E+02    0.48067E+02
   0.21853E+02    0.40823E+02    0.40419E+02    0.43977E+02
   0.22000E+02    0.41550E+02    0.42404E+02    0.42859E+02
   0.22430E+02    0.41356E+02    0.38113E+02    0.47140E+02
   0.22114E+02    0.37904E+02    0.36603E+02    0.45248E+02
   0.22383E+02    0.37937E+02    0.41440E+02    0.50083E+02
   0.22173E+02    0.39385E+02    0.37843E+02    0.45966E+02
   0.22350E+02    0.39227E+02    0.34933E+02    0.47758E+02
   0.22313E+02    0.41111E+02    0.37799E+02    0.47874E+02
   0.22931E+02    0.40857E+02    0.33629E+02    0.46487E+02
   0.22354E+02    0.38843E+02    0.36060E+02    0.46414E+02
   0.22512E+02    0.38546E+02    0.38327E+02    0.43381E+02
   0.22534E+02    0.40522E+02    0.37170E+02    0.45550E+02
   0.22626E+02    0.40384E+02    0.42533E+02    0.47707E+02
   0.22527E+02    0.39738E+02    0.39865E+02    0.49607E+02
   0.22872E+02    0.39600E+02    0.36579E+02    0.46472E+02
   0.23297E+02    0.39713E+02    0.37401E+02    0.45602E+02
   0.23272E+02    0.40087E+02    0.40260E+02    0.47717E+02
   0.22940E+02    0.39553E+02    0.35612E+02    0.52622E+02
   0.23217E+02    0.39002E+02    0.33311E+02    0.42269E+02
   0.23064E+02    0.39897E+02    0.43900E+02    0.47631E+02
   0.22875E+02    0.40346E+02    0.42226E+02    0.49082E+02
   0.22962E+02    0.39786E+02    0.38076E+02    0.45654E+02
   0.23175E+02    0.40400E+02    0.41166E+02    0.47772E+02
   0.23562E+02    0.38853E+02    0.38442E+02    0.50857E+02
   0.23367E+02    0.39173E+02    0.39886E+02    0.46209E+02
   0.23496E+02    0.38946E+02    0.40257E+02    0.44437E+02
   0.23168E+02    0.38517E+02    0.35496E+02    0.45653E+02
   0.23618E+02    0.38782E+02    0.36803E+02    0.47580E+02
   0.23328E+02    0.39113E+02    0.42130E+02    0.41354E+02
   0.23462E+02    0.39759E+02    0.40091E+02    0.49962E+02
   0.23291E+02    0.39255E+02    0.35999E+02    0.42809E+02
   0.23432E+02    0.39336E+02    0.36146E+02    0.47471E+02
   0.23422E+02    0.39050E+02    0.40154E+02    0.43975E+02
   0.23306E+02    0.34940E+02    0.37563E+02    0.41513E+02
   0.23052E+02    0.34864E+02    0.40346E+02    0.45763E+02
   0.23590E+02    0.36146E+02    0.37891E+02    0.42921E+02
   0.23913E+02    0.36192E+02    0.36773E+02    0.48149E+02
   0.23491E+02    0.38469E+02    0.36164E+02    0.46073E+02
   0.23051E+02    0.38329E+02    0.40495E+02    0.49526E+02
   0.23800E+02    0.36507E+02    0.39161E+02    0.46816E+02
   0.23708E+02    0.36491E+02    0.32385E+02    0.45779E+02
   0.23448E+02    0.38320E+02    0.33639E+02    0.45180E+02
   0.23392E+02    0.38086E+02    0.34481E+02    0.47108E+02
   0.23348E+02    0.36382E+02    0.41025E+02    0.47015E+02
   0.23372E+02    0.36096E+02    0.37175E+02    0.44898E+02
   0.23524E+02    0.36642E+02    0.38935E+02    0.45903E+02
   0.23105E+02    0.36020E+02    0.38066E+02    0.43992E+02
   0.23103E+02    0.36543E+02    0.37929E+02    0.47438E+02
   0.23257E+02    0.36512E+02    0.44331E+02    0.45390E+02
   0.23110E+02    0.37326E+02    0.37394E+02    0.47502E+02
   0.22590E+02    0.37666E+02    0.32967E+02    0.46276E+02
   0.22824E+02    0.40701E+02    0.36369E+02    0.46551E+02
   0.22278E+02    0.40787E+02    0.38989E+02    0.48020E+02
   0.23038E+02    0.39609E+02    0.41576E+02    0.45104E+02
   0.22455E+02    0.39702E+02    0.40032E+02    0.46973E+02
   0.22538E+02    0.36366E+02    0.38233E+02    0.45657E+02
   0.23023E+02    0.36665E+02    0.37884E+02    0.45057E+02
   0.22544E+02    0.38956E+02    0.38056E+02    0.46490E+02
   0.22157E+02    0.38995E+02    0.35708E+02    0.44443E+02
   0.21820E+02    0.39450E+02    0.38709E+02    0.48242E+02
   0.22374E+02    0.39210E+02    0.39204E+02    0.48221E+02
   0.22264E+02    0.38922E+02    0.35955E+02    0.45664E+02
   0.21959E+02    0.38918E+02    0.39466E+02    0.47216E+02
   0.21834E+02    0.38282E+02    0.36578E+02    0.44941E+02
   0.22320E+02    0.38188E+02    0.45742E+02    0.46722E+02
   0.21934E+02    0.38726E+02    0.36699E+02    0.45155E+02
   0.22322E+02    0.39192E+02    0.42899E+02    0.43543E+02
   0.21659E+02    0.41901E+02    0.40554E+02    0.45950E+02
   0.21673E+02    0.41938E+02    0.40321E+02    0.48173E+02
   0.21514E+02    0.39659E+02    0.38454E+02    0.50097E+02
   0.21699E+02    0.40045E+02    0.39440E+02    0.48469E+02
   0.21484E+02    0.39301E+02    0.39740E+02    0.52704E+02
   0.21629E+02    0.38996E+02    0.40126E+02    0.44801E+02
   0.21763E+02    0.36937E+02    0.41744E+02    0.47186E+02
   0.21725E+02    0.36404E+02    0.42845E+02    0.49186E+02
   0.21367E+02    0.39822E+02    0.34828E+02    0.51060E+02
   0.21465E+02    0.39597E+02    0.36286E+02    0.48517E+02
   0.21475E+02    0.41476E+02    0.36698E+02    0.50241E+02
   0.21499E+02    0.41539E+02    0.35326E+02    0.47523E+02
   0.21694E+02    0.39373E+02    0.44031E+02    0.45814E+02
   0.21466E+02    0.39586E+02    0.34184E+02    0.43804E+02
   0.21677E+02    0.38696E+02    0.35621E+02    0.46569E+02
   0.21522E+02    0.38599E+02    0.38396E+02    0.50073E+02
   0.21859E+02    0.41388E+02    0.33829E+02    0.47490E+02
   0.21529E+02    0.41516E+02    0.40637E+02    0.44953E+02
   0.21958E+02    0.40380E+02    0.37950E+02    0.49947E+02
   0.21930E+02    0.40447E+02    0.35013E+02    0.48628E+02
   0.21610E+02    0.42424E+02    0.39617E+02    0.44785E+02
   0.21513E+02    0.42660E+02    0.36970E+02    0.46698E+02
   0.21774E+02    0.41905E+02    0.43255E+02    0.48888E+02
   0.21773E+02    0.41506E+02    0.38641E+02    0.49012E+02
   0.21463E+02    0.41486E+02    0.36878E+02    0.47804E+02
   0.21520E+02    0.41374E+02    0.40534E+02    0.50750E+02
   0.21569E+02    0.41416E+02    0.45855E+02    0.44160E+02
   0.22278E+02    0.41116E+02    0.36733E+02    0.47045E+02
   0.21763E+02    0.41173E+02    0.36804E+02    0.48637E+02
   0.22053E+02    0.41266E+02    0.41057E+02    0.49853E+02
   0.22145E+02    0.39176E+02    0.41118E+02    0.50832E+02
   0.21646E+02    0.39074E+02    0.32868E+02    0.51328E+02
   0.21728E+02    0.41619E+02    0.31296E+02    0.50433E+02
   0.22257E+02    0.42437E+02    0.37026E+02    0.45632E+02
   0.21826E+02    0.41135E+02    0.41218E+02    0.51928E+02
   0.22018E+02    0.41234E+02    0.35784E+02    0.44621E+02
   0.22240E+02    0.41214E+02    0.38346E+02    0.45900E+02
   0.22324E+02    0.40975E+02    0.37558E+02    0.46812E+02
   0.22097E+02    0.41759E+02    0.37335E+02    0.45310E+02
   0.21735E+02    0.41690E+02    0.38961E+02    0.49933E+02
   0.21954E+02    0.44891E+02    0.37229E+02    0.48665E+02
   0.22446E+02    0.44793E+02    0.33921E+02    0.42671E+02
   0.22168E+02    0.38225E+02    0.40881E+02    0.46476E+02
   0.22610E+02    0.38461E+02    0.35574E+02    0.45107E+02
   0.22193E+02    0.40835E+02    0.38495E+02    0.44994E+02
   0.22078E+02    0.40852E+02    0.37870E+02    0.47098E+02
   0.22228E+02    0.44032E+02    0.38912E+02    0.47458E+02
   0.22697E+02    0.43457E+02    0.34744E+02    0.45293E+02
   0.22321E+02    0.38282E+02    0.41003E+02    0.44185E+02
   0.22525E+02    0.37769E+02    0.40308E+02    0.41256E+02
   0.22500E+02    0.40372E+02    0.40448E+02    0.44868E+02
   0.22795E+02    0.40171E+02    0.34426E+02    0.45108E+02
   0.22427E+02    0.41457E+02    0.37517E+02    0.45767E+02
   0.22660E+02    0.41751E+02    0.36672E+02    0.44527E+02
   0.22630E+02    0.39840E+02    0.38639E+02    0.50218E+02
   0.22615E+02    0.39715E+02    0.41419E+02    0.43379E+02
   0.22387E+02    0.39402E+02    0.38402E+02    0.43928E+02
   0.22255E+02    0.38961E+02    0.39333E+02    0.46342E+02
   0.22212E+02    0.42165E+02    0.36393E+02    0.47482E+02
   0.21585E+02    0.42192E+02    0.34452E+02    0.44676E+02
   0.21408E+02    0.41810E+02    0.34553E+02    0.49212E+02
   0.21722E+02    0.41672E+02    0.41752E+02    0.46576E+02
   0.22018E+02    0.39648E+02    0.33403E+02    0.43269E+02
   0.22344E+02    0.39482E+02    0.42592E+02    0.45448E+02
   0.21832E+02    0.40211E+02    0.36885E+02    0.50263E+02
   0.21902E+02    0.39911E+02    0.35186E+02    0.42454E+02
   0.21957E+02    0.39751E+02    0.34679E+02    0.45638E+02
   0.21810E+02    0.39960E+02    0.34646E+02    0.46254E+02
   0.21967E+02    0.42850E+02    0.43401E+02    0.49316E+02
   0.22008E+02    0.42764E+02    0.36207E+02    0.46202E+02
   0.21579E+02    0.40441E+02    0.38025E+02    0.43273E+02
   0.21831E+02    0.40969E+02    0.39584E+02    0.51448E+02
   0.21433E+02    0.43036E+02    0.33804E+02    0.46151E+02
   0.21829E+02    0.43445E+02    0.33441E+02    0.46918E+02
   0.21632E+02    0.41696E+02    0.34454E+02    0.45552E+02
   0.21771E+02    0.41623E+02    0.41863E+02    0.45648E+02
   0.21844E+02    0.40733E+02    0.37758E+02    0.48715E+02
   0.22069E+02    0.40916E+02    0.36205E+02    0.48069E+02
   0.21204E+02    0.41434E+02    0.37446E+02    0.48619E+02
   0.21751E+02    0.42013E+02    0.37460E+02    0.51375E+02
   0.21497E+02    0.42600E+02    0.35170E+02    0.44825E+02
   0.21469E+02    0.42480E+02    0.38065E+02    0.45403E+02
   0.21812E+02    0.42401E+02    0.38458E+02    0.48518E+02
   0.21281E+02    0.42258E+02    0.35642E+02    0.48701E+02
   0.21637E+02    0.40509E+02    0.34997E+02    0.45621E+02
   0.21409E+02    0.40663E+02    0.39713E+02    0.43556E+02
   0.21508E+02    0.42721E+02    0.40391E+02    0.46034E+02
   0.21441E+02    0.42898E+02    0.42581E+02    0.50135E+02
   0.21533E+02    0.44303E+02    0.43758E+02    0.49082E+02
   0.21619E+02    0.44178E+02    0.33227E+02    0.46641E+02
   0.21942E+02    0.40267E+02    0.41568E+02    0.47153E+02
   0.21670E+02    0.40253E+02    0.37746E+02    0.46244E+02
   0.21281E+02    0.40525E+02    0.37794E+02    0.47214E+02
   0.21324E+02    0.40645E+02    0.39502E+02    0.48429E+02
   0.21565E+02    0.40932E+02    0.37308E+02    0.45878E+02
   0.21775E+02    0.41254E+02    0.39974E+02    0.47023E+02
   0.21567E+02    0.41712E+02    0.41374E+02    0.48471E+02
   0.21840E+02    0.41626E+02    0.36802E+02    0.46516E+02
   0.22076E+02    0.42942E+02    0.37873E+02    0.45649E+02
   0.21963E+02    0.43669E+02    0.43528E+02    0.46587E+02
   0.21959E+02    0.41269E+02    0.34558E+02    0.47199E+02
   0.21573E+02    0.41630E+02    0.40415E+02    0.48839E+02
   0.21580E+02    0.41210E+02    0.34563E+02    0.48862E+02
   0.21518E+02    0.40589E+02    0.38325E+02    0.45963E+02
   0.22205E+02    0.39011E+02    0.37857E+02    0.47069E+02
   0.21894E+02    0.39592E+02    0.34635E+02    0.47045E+02
   0.21745E+02    0.43124E+02    0.38845E+02    0.48745E+02
   0.22043E+02    0.43101E+02    0.37556E+02    0.48875E+02
   0.22121E+02    0.42762E+02    0.42253E+02    0.45935E+02
   0.22339E+02    0.42338E+02    0.34946E+02    0.46181E+02
   0.22328E+02    0.41865E+02    0.31831E+02    0.45237E+02
   0.22459E+02    0.41708E+02    0.40528E+02    0.42692E+02
   0.22938E+02    0.41675E+02    0.30721E+02    0.47803E+02
   0.22220E+02    0.41412E+02    0.36885E+02    0.46688E+02
   0.22674E+02    0.40667E+02    0.41122E+02    0.50554E+02
   0.22414E+02    0.40635E+02    0.33805E+02    0.46777E+02
   0.22546E+02    0.42501E+02    0.38033E+02    0.47160E+02
   0.22596E+02    0.42340E+02    0.35121E+02    0.44401E+02
   0.22645E+02    0.39330E+02    0.37646E+02    0.45885E+02
   0.22645E+02    0.40218E+02    0.36655E+02    0.48823E+02
   0.23003E+02    0.40348E+02    0.37359E+02    0.42253E+02
   0.23327E+02    0.40536E+02    0.39494E+02    0.48678E+02
   0.22890E+02    0.40121E+02    0.35052E+02    0.44927E+02
   0.22906E+02    0.40152E+02    0.34214E+02    0.46266E+02
   0.23405E+02    0.37950E+02    0.42605E+02    0.48286E+02
   0.23166E+02    0.37734E+02    0.35295E+02    0.45122E+02
   0.22578E+02    0.37987E+02    0.38197E+02    0.46078E+02
   0.22985E+02    0.37831E+02    0.37587E+02    0.45277E+02
   0.23022E+02    0.40818E+02    0.38086E+02    0.47227E+02
   0.23044E+02    0.40685E+02    0.35997E+02    0.44522E+02
   0.22837E+02    0.38049E+02    0.37626E+02    0.46925E+02
   0.22884E+02    0.37980E+02    0.36855E+02    0.49625E+02
   0.22946E+02    0.38252E+02    0.37948E+02    0.44146E+02
   0.22531E+02    0.38152E+02    0.34363E+02    0.45532E+02
   0.22790E+02    0.38260E+02    0.35992E+02    0.47513E+02
   0.23085E+02    0.38955E+02    0.42600E+02    0.42205E+02
   0.22627E+02    0.38659E+02    0.36019E+02    0.44195E+02
   0.22882E+02    0.38487E+02    0.40524E+02    0.47355E+02
   0.23032E+02    0.38076E+02    0.38509E+02    0.46448E+02
   0.22627E+02    0.38252E+02    0.40622E+02    0.41940E+02
   0.22757E+02    0.37465E+02    0.39178E+02    0.45699E+02
   0.22528E+02    0.37715E+02    0.36278E+02    0.43856E+02
   0.23173E+02    0.38270E+02    0.40847E+02    0.42242E+02
   0.23083E+02    0.37861E+02    0.41389E+02    0.48613E+02
   0.22856E+02    0.39097E+02    0.33553E+02    0.43600E+02
   0.22424E+02    0.39173E+02    0.38230E+02    0.43134E+02
   0.22816E+02    0.41089E+02    0.41019E+02    0.45010E+02
   0.22676E+02    0.40986E+02    0.40498E+02    0.44002E+02
   0.22284E+02    0.38628E+02    0.39032E+02    0.42053E+02
   0.22128E+02    0.38715E+02    0.35915E+02    0.49217E+02
   0.22408E+02    0.41051E+02    0.38284E+02    0.45726E+02
   0.22021E+02    0.41705E+02    0.35007E+02    0.48745E+02
   0.22396E+02    0.37213E+02    0.38175E+02    0.50254E+02
   0.21806E+02    0.37263E+02    0.33468E+02    0.45354E+02
   0.22064E+02    0.40928E+02    0.37914E+02    0.47135E+02
   0.21846E+02    0.40700E+02    0.32391E+02    0.44205E+02
   0.22053E+02    0.39088E+02    0.44618E+02    0.45967E+02
   0.21842E+02    0.39008E+02    0.36872E+02    0.49167E+02
   0.22109E+02    0.37635E+02    0.39197E+02    0.45162E+02
   0.22311E+02    0.37896E+02    0.34601E+02    0.46226E+02
   0.21833E+02    0.39421E+02    0.36103E+02    0.49260E+02
   0.21636E+02    0.39661E+02    0.34973E+02    0.43503E+02
   0.21714E+02    0.41672E+02    0.42171E+02    0.43689E+02
   0.21636E+02    0.41903E+02    0.44166E+02    0.44749E+02
   0.21818E+02    0.38839E+02    0.35405E+02    0.44928E+02
   0.21872E+02    0.39126E+02    0.38183E+02    0.46659E+02
   0.21696E+02    0.40223E+02    0.37258E+02    0.42707E+02
   0.21739E+02    0.40024E+02    0.35347E+02    0.42317E+02
   0.21986E+02    0.38367E+02    0.30439E+02    0.49593E+02
   0.22179E+02    0.38563E+02    0.39487E+02    0.49526E+02
   0.21982E+02    0.39777E+02    0.38238E+02    0.49120E+02
   0.21977E+02    0.40022E+02    0.38542E+02    0.44783E+02
   0.22104E+02    0.40623E+02    0.37885E+02    0.47461E+02
   0.21997E+02    0.40958E+02    0.38457E+02    0.47381E+02
   0.22904E+02    0.38816E+02    0.33979E+02    0.46634E+02
   0.22618E+02    0.39109E+02    0.37615E+02    0.49667E+02
   0.21830E+02    0.40178E+02    0.39892E+02    0.45232E+02
   0.22157E+02    0.39867E+02    0.40848E+02    0.46929E+02
   0.22543E+02    0.40277E+02    0.34447E+02    0.46188E+02
   0.22343E+02    0.40344E+02    0.35022E+02    0.47163E+02
   0.22443E+02    0.38688E+02    0.41224E+02    0.46124E+02
   0.21885E+02    0.38718E+02    0.36242E+02    0.45080E+02
   0.22177E+02    0.37310E+02    0.40809E+02    0.45872E+02
   0.22237E+02    0.37269E+02    0.37592E+02    0.47591E+02
   0.22169E+02    0.38450E+02    0.42139E+02    0.48242E+02
   0.22581E+02    0.38484E+02    0.38772E+02    0.46189E+02
   0.22539E+02    0.37534E+02    0.30417E+02    0.43674E+02
   0.22000E+02    0.37559E+02    0.40487E+02    0.45841E+02
   0.22032E+02    0.38289E+02    0.41894E+02    0.47131E+02
   0.22013E+02    0.38131E+02    0.37328E+02    0.47104E+02
   0.21795E+02    0.39630E+02    0.40597E+02    0.45255E+02
   0.21961E+02    0.39576E+02    0.41346E+02    0.46960E+02
   0.22320E+02    0.38896E+02    0.32320E+02    0.48160E+02
   0.22038E+02    0.38668E+02    0.43401E+02    0.46719E+02
   0.22177E+02    0.40029E+02    0.35918E+02    0.44870E+02
   0.21653E+02    0.40019E+02    0.39525E+02    0.51784E+02
   0.21755E+02    0.39816E+02    0.37289E+02    0.45420E+02
   0.21731E+02    0.39371E+02    0.42522E+02    0.45610E+02
   0.22423E+02    0.38636E+02    0.41651E+02    0.46313E+02
   0.21722E+02    0.38048E+02    0.38924E+02    0.52366E+02
   0.22045E+02    0.39592E+02    0.35755E+02    0.45815E+02
   0.22067E+02    0.39380E+02    0.36373E+02    0.47081E+02
   0.21591E+02    0.41281E+02    0.38061E+02    0.48961E+02
   0.21767E+02    0.41654E+02    0.40316E+02    0.47353E+02
   0.21732E+02    0.40185E+02    0.38996E+02    0.47044E+02
   0.21782E+02    0.39965E+02    0.39171E+02    0.46204E+02
   0.22197E+02    0.43383E+02    0.40548E+02    0.46148E+02
   0.21661E+02    0.43299E+02    0.39039E+02    0.47181E+02
   0.21909E+02    0.41992E+02    0.41634E+02    0.48939E+02
   0.21943E+02    0.42012E+02    0.36447E+02    0.46563E+02
   0.22004E+02    0.39592E+02    0.38035E+02    0.48245E+02
   0.22195E+02    0.39734E+02    0.40171E+02    0.44045E+02
   0.22144E+02    0.40624E+02    0.42916E+02    0.44268E+02
   0.22373E+02    0.40883E+02    0.41082E+02    0.49140E+02
   0.22374E+02    0.40716E+02    0.38664E+02    0.48132E+02
   0.22616E+02    0.40573E+02    0.35934E+02    0.43085E+02
   0.22423E+02    0.41159E+02    0.39956E+02    0.43313E+02
   0.22043E+02    0.40978E+02    0.40929E+02    0.47118E+02
   0.22527E+02    0.40948E+02    0.35136E+02    0.50190E+02
   0.22529E+02    0.41422E+02    0.41561E+02    0.49879E+02
   0.22876E+02    0.41004E+02    0.42240E+02    0.46020E+02
   0.22542E+02    0.41275E+02    0.42584E+02    0.45910E+02
   0.22487E+02    0.41872E+02    0.35071E+02    0.48351E+02
   0.22321E+02    0.41462E+02    0.38490E+02    0.45469E+02
   0.22093E+02    0.39821E+02    0.35354E+02    0.44253E+02
   0.22359E+02    0.39775E+02    0.36712E+02    0.48436E+02
   0.22611E+02    0.39745E+02    0.35845E+02    0.51526E+02
   0.22131E+02    0.39202E+02    0.32315E+02    0.45746E+02
   0.22460E+02    0.40697E+02    0.37058E+02    0.45421E+02
   0.22496E+02    0.40605E+02    0.35998E+02    0.42959E+02
   0.22195E+02    0.42387E+02    0.38224E+02    0.48571E+02
   0.21919E+02    0.42620E+02    0.38721E+02    0.49330E+02
   0.22171E+02    0.42665E+02    0.36862E+02    0.44963E+02
   0.22321E+02    0.42606E+02    0.33874E+02    0.46268E+02
   0.22282E+02    0.40281E+02    0.39920E+02    0.45610E+02
   0.22385E+02    0.40666E+02    0.38252E+02    0.45698E+02
   0.22270E+02    0.40161E+02    0.39186E+02    0.49051E+02
   0.22193E+02    0.40241E+02    0.42508E+02    0.45254E+02
   0.22291E+02    0.41369E+02    0.39864E+02    0.49446E+02
   0.22580E+02    0.41032E+02    0.39679E+02    0.39808E+02
   0.22699E+02    0.40675E+02    0.35385E+02    0.45933E+02
   0.22611E+02    0.40338E+02    0.39236E+02    0.47108E+02
   0.22437E+02    0.37699E+02    0.39814E+02    0.45222E+02
   0.22520E+02    0.37728E+02    0.34730E+02    0.48810E+02
   0.22946E+02    0.39310E+02    0.36126E+02    0.47279E+02
   0.22622E+02    0.39472E+02    0.34385E+02    0.46310E+02
   0.22541E+02    0.39576E+02    0.38631E+02    0.45142E+02
   0.22479E+02    0.39885E+02    0.44396E+02    0.48867E+02
   0.22950E+02    0.38400E+02    0.38664E+02    0.47563E+02
   0.22848E+02    0.38668E+02    0.38429E+02    0.46715E+02
   0.22549E+02    0.40280E+02    0.35476E+02    0.46591E+02
   0.22800E+02    0.40064E+02    0.37065E+02    0.43762E+02
   0.22840E+02    0.40421E+02    0.40402E+02    0.47302E+02
   0.23047E+02    0.41180E+02    0.38600E+02    0.46131E+02
   0.23264E+02    0.40427E+02    0.39495E+02    0.46040E+02
   0.22768E+02    0.40737E+02    0.38261E+02    0.45501E+02
   0.22745E+02    0.38205E+02    0.37943E+02    0.46683E+02
   0.22739E+02    0.38269E+02    0.33061E+02    0.42989E+02
   0.22294E+02    0.37344E+02    0.34564E+02    0.46792E+02
   0.22484E+02    0.36787E+02    0.38089E+02    0.48271E+02
   0.22482E+02    0.38397E+02    0.36970E+02    0.43963E+02
   0.22348E+02    0.38569E+02    0.41189E+02    0.47541E+02
   0.22841E+02    0.40653E+02    0.38725E+02    0.47057E+02
   0.22922E+02    0.40697E+02    0.37133E+02    0.45414E+02
   0.22742E+02    0.38879E+02    0.40425E+02    0.45923E+02
   0.22761E+02    0.38595E+02    0.35179E+02    0.50021E+02
   0.22718E+02    0.37499E+02    0.35156E+02    0.50008E+02
   0.23147E+02    0.37755E+02    0.32767E+02    0.47256E+02
   0.22521E+02    0.37327E+02    0.35779E+02    0.47023E+02
   0.22806E+02    0.36933E+02    0.35844E+02    0.40958E+02
   0.22467E+02    0.40388E+02    0.36428E+02    0.46641E+02
   0.22774E+02    0.40397E+02    0.34923E+02    0.45737E+02
   0.22506E+02    0.35911E+02    0.33768E+02    0.45601E+02
   0.22476E+02    0.35862E+02    0.37975E+02    0.48816E+02
   0.22387E+02    0.40351E+02    0.40087E+02    0.43571E+02
   0.22632E+02    0.40687E+02    0.37635E+02    0.49046E+02
   0.22584E+02    0.38451E+02    0.41853E+02    0.45045E+02
   0.22306E+02    0.38895E+02    0.42307E+02    0.45781E+02
   0.22303E+02    0.38885E+02    0.33967E+02    0.44806E+02
   0.22282E+02    0.38676E+02    0.36956E+02    0.43280E+02
   0.22416E+02    0.39795E+02    0.35967E+02    0.46523E+02
   0.22481E+02    0.39783E+02    0.38844E+02    0.50000E+02
   0.22031E+02    0.41013E+02    0.33513E+02    0.49430E+02
   0.21612E+02    0.40612E+02    0.39622E+02    0.49533E+02
   0.21687E+02    0.41752E+02    0.38163E+02    0.48506E+02
   0.21691E+02    0.42093E+02    0.36525E+02    0.50198E+02
   0.21555E+02    0.40185E+02    0.39964E+02    0.45820E+02
   0.21781E+02    0.40448E+02    0.41586E+02    0.44860E+02
   0.21513E+02    0.40512E+02    0.36403E+02    0.48876E+02
   0.21837E+02    0.39638E+02    0.36300E+02    0.43441E+02
   0.22065E+02    0.39233E+02    0.37594E+02    0.46804E+02
   0.21807E+02    0.39785E+02    0.37736E+02    0.44254E+02
   0.22003E+02    0.37657E+02    0.40500E+02    0.46444E+02
   0.21524E+02    0.38254E+02    0.41384E+02    0.41599E+02
   0.21944E+02    0.39060E+02    0.41124E+02    0.48735E+02
   0.21920E+02    0.39152E+02    0.35068E+02    0.45528E+02
   0.21456E+02    0.40836E+02    0.35412E+02    0.45874E+02
   0.21329E+02    0.41237E+02    0.40010E+02    0.47624E+02
   0.21158E+02    0.42425E+02    0.41795E+02    0.47095E+02
   0.21483E+02    0.42635E+02    0.43759E+02    0.49826E+02
   0.21871E+02    0.42448E+02    0.34348E+02    0.46276E+02
   0.21877E+02    0.42383E+02    0.33855E+02    0.45757E+02
   0.21469E+02    0.41113E+02    0.38761E+02    0.47121E+02
   0.21357E+02    0.41791E+02    0.43524E+02    0.48949E+02
   0.21237E+02    0.35717E+02    0.38513E+02    0.46515E+02
   0.21586E+02    0.35956E+02    0.38239E+02    0.47587E+02
   0.21319E+02    0.40668E+02    0.38168E+02    0.48881E+02
   0.21336E+02    0.40737E+02    0.42698E+02    0.47050E+02
   0.21528E+02    0.39676E+02    0.41196E+02    0.49475E+02
   0.21906E+02    0.39638E+02    0.39944E+02    0.44598E+02
   0.21657E+02    0.39286E+02    0.40741E+02    0.44924E+02
   0.21985E+02    0.38403E+02    0.40384E+02    0.44010E+02
   0.21848E+02    0.40589E+02    0.38282E+02    0.48715E+02
   0.22520E+02    0.40962E+02    0.32073E+02    0.46113E+02
   0.22383E+02    0.42073E+02    0.40108E+02    0.42278E+02
   0.22123E+02    0.42383E+02    0.31626E+02    0.48302E+02
   0.22370E+02    0.42771E+02    0.41051E+02    0.46715E+02
   0.22502E+02    0.42246E+02    0.43481E+02    0.46019E+02
   0.22796E+02    0.37071E+02    0.33704E+02    0.48845E+02
   0.22602E+02    0.37296E+02    0.38069E+02    0.45158E+02
   0.22343E+02    0.40543E+02    0.37137E+02    0.51008E+02
   0.22402E+02    0.39767E+02    0.36605E+02    0.47361E+02
   0.22523E+02    0.38612E+02    0.41542E+02    0.51050E+02
   0.22948E+02    0.39070E+02    0.40765E+02    0.49024E+02
   0.22477E+02    0.41054E+02    0.45297E+02    0.45427E+02
   0.22443E+02    0.40854E+02    0.44023E+02    0.48525E+02
   0.22976E+02    0.40474E+02    0.40074E+02    0.47968E+02
   0.22811E+02    0.40393E+02    0.32188E+02    0.44406E+02
   0.22635E+02    0.42257E+02    0.39042E+02    0.45699E+02
   0.22763E+02    0.42584E+02    0.42478E+02    0.46857E+02
   0.22573E+02    0.39154E+02    0.39804E+02    0.49634E+02
   0.22492E+02    0.38584E+02    0.41211E+02    0.48666E+02
   0.22867E+02    0.40704E+02    0.33525E+02    0.47606E+02
   0.22975E+02    0.40688E+02    0.30303E+02    0.49004E+02
   0.23173E+02    0.37815E+02    0.35638E+02    0.48984E+02
   0.22888E+02    0.37793E+02    0.41113E+02    0.41314E+02
   0.22966E+02    0.38893E+02    0.36864E+02    0.46510E+02
   0.23090E+02    0.39101E+02    0.33803E+02    0.42596E+02
   0.23018E+02    0.40314E+02    0.37000E+02    0.44663E+02
   0.22400E+02    0.40369E+02    0.40104E+02    0.48051E+02
   0.22504E+02    0.40204E+02    0.37270E+02    0.49711E+02
   0.22919E+02    0.40320E+02    0.37821E+02    0.48361E+02
   0.22525E+02    0.41032E+02    0.38399E+02    0.42542E+02
   0.22702E+02    0.41024E+02    0.34394E+02    0.46402E+02
   0.22989E+02    0.38859E+02    0.35757E+02    0.45157E+02
   0.23016E+02    0.38601E+02    0.41030E+02    0.46195E+02
   0.22760E+02    0.40465E+02    0.36850E+02    0.48571E+02
   0.22737E+02    0.40676E+02    0.37141E+02    0.46120E+02
   0.22363E+02    0.40188E+02    0.36859E+02    0.44733E+02
   0.22763E+02    0.40148E+02    0.39115E+02    0.50346E+02
   0.22681E+02    0.38651E+02    0.41536E+02    0.49900E+02
   0.23000E+02    0.39083E+02    0.39026E+02    0.42850E+02
   0.22377E+02    0.39224E+02    0.33950E+02    0.48381E+02
   0.22773E+02    0.39118E+02    0.34800E+02    0.42928E+02
   0.22393E+02    0.38851E+02    0.36006E+02    0.49022E+02
   0.22485E+02    0.38855E+02    0.33514E+02    0.48498E+02
   0.22544E+02    0.40012E+02    0.37727E+02    0.46327E+02
   0.22323E+02    0.40287E+02    0.33854E+02    0.45052E+02
   0.22497E+02    0.38961E+02    0.37931E+02    0.44743E+02
   0.22209E+02    0.38565E+02    0.35468E+02    0.45132E+02
   0.22293E+02    0.39869E+02    0.41907E+02    0.47403E+02
   0.23058E+02    0.40007E+02    0.34336E+02    0.42669E+02
   0.22789E+02    0.40262E+02    0.40293E+02    0.51785E+02
   0.22401E+02    0.39924E+02    0.35290E+02    0.45877E+02
   0.22365E+02    0.37605E+02    0.33289E+02    0.45756E+02
   0.22111E+02    0.37243E+02    0.37030E+02    0.42153E+02
   0.21917E+02    0.40517E+02    0.36990E+02    0.47162E+02
   0.22191E+02    0.40304E+02    0.42852E+02    0.53122E+02
   0.22638E+02    0.38878E+02    0.38543E+02    0.48298E+02
   0.22261E+02    0.39039E+02    0.33437E+02    0.44293E+02
   0.22315E+02    0.41266E+02    0.39360E+02    0.46138E+02
   0.21912E+02    0.40960E+02    0.37693E+02    0.50773E+02
   0.21810E+02    0.38834E+02    0.38571E+02    0.48047E+02
   0.21850E+02    0.39112E+02    0.38812E+02    0.45972E+02
   0.21575E+02    0.43556E+02    0.35312E+02    0.44767E+02
   0.21972E+02    0.43828E+02    0.39596E+02    0.50182E+02
   0.21448E+02    0.37809E+02    0.41844E+02    0.47580E+02
   0.21764E+02    0.37837E+02    0.40726E+02    0.53866E+02
   0.21725E+02    0.39684E+02    0.38070E+02    0.45086E+02
   0.21677E+02    0.39592E+02    0.37847E+02    0.50381E+02
   0.21633E+02    0.42592E+02    0.40759E+02    0.48248E+02
   0.21828E+02    0.42656E+02    0.37455E+02    0.47932E+02
   0.21283E+02    0.43847E+02    0.41746E+02    0.47570E+02
   0.20912E+02    0.43564E+02    0.38742E+02    0.47373E+02
   0.21756E+02    0.40771E+02    0.42386E+02    0.43130E+02
   0.21485E+02    0.40603E+02    0.41130E+02    0.43426E+02
   0.21494E+02    0.41002E+02    0.34287E+02    0.48402E+02
   0.21526E+02    0.40897E+02    0.40614E+02    0.42636E+02
   0.21463E+02    0.39171E+02    0.43018E+02    0.50098E+02
   0.21599E+02    0.38959E+02    0.38401E+02    0.44079E+02
   0.21642E+02    0.39200E+02    0.35088E+02    0.45271E+02
   0.21919E+02    0.39993E+02    0.42995E+02    0.49380E+02
   0.22249E+02    0.39758E+02    0.41780E+02    0.45213E+02
   0.21563E+02    0.39759E+02    0.33547E+02    0.42675E+02
   0.21569E+02    0.40905E+02    0.34022E+02    0.45531E+02
   0.22271E+02    0.40559E+02    0.39340E+02    0.45743E+02
   0.21608E+02    0.43972E+02    0.39169E+02    0.44351E+02
   0.21999E+02    0.44308E+02    0.37347E+02    0.45036E+02
   0.21844E+02    0.41310E+02    0.37591E+02    0.48430E+02
   0.21936E+02    0.41466E+02    0.37457E+02    0.52410E+02
   0.22217E+02    0.39541E+02    0.43702E+02    0.47604E+02
   0.21946E+02    0.39506E+02    0.32296E+02    0.49479E+02
   0.21827E+02    0.39872E+02    0.40481E+02    0.43472E+02
   0.22087E+02    0.39811E+02    0.37452E+02    0.49572E+02
   0.21931E+02    0.40189E+02    0.39174E+02    0.47277E+02
   0.22319E+02    0.39650E+02    0.42513E+02    0.47517E+02
   0.22420E+02    0.39496E+02    0.39380E+02    0.45938E+02
   0.22277E+02    0.39813E+02    0.42041E+02    0.46807E+02
   0.22253E+02    0.40234E+02    0.38951E+02    0.42744E+02
   0.22181E+02    0.40015E+02    0.38429E+02    0.43720E+02
   0.22589E+02    0.37442E+02    0.37686E+02    0.46478E+02
   0.23038E+02    0.37160E+02    0.36933E+02    0.43130E+02
   0.22647E+02    0.39409E+02    0.38487E+02    0.49954E+02
   0.23090E+02    0.38966E+02    0.34606E+02    0.41905E+02
   0.22906E+02    0.39740E+02    0.39082E+02    0.49601E+02
   0.23117E+02    0.39619E+02    0.36331E+02    0.47965E+02
   0.23013E+02    0.39579E+02    0.42791E+02    0.47562E+02
   0.23119E+02    0.39549E+02    0.37541E+02    0.49856E+02
   0.23462E+02    0.38292E+02    0.41198E+02    0.42772E+02
   0.23490E+02    0.38061E+02    0.40058E+02    0.47416E+02
   0.23782E+02    0.39058E+02    0.39717E+02    0.49031E+02
   0.23515E+02    0.39341E+02    0.37118E+02    0.50278E+02
   0.23542E+02    0.39120E+02    0.39676E+02    0.46886E+02
   0.23630E+02    0.39395E+02    0.42122E+02    0.48551E+02
   0.23251E+02    0.39857E+02    0.34603E+02    0.47879E+02
   0.23860E+02    0.40219E+02    0.41968E+02    0.48755E+02
   0.23345E+02    0.43078E+02    0.32925E+02    0.46495E+02
   0.23842E+02    0.42742E+02    0.37449E+02    0.48548E+02
   0.23370E+02    0.38256E+02    0.37916E+02    0.47938E+02
   0.23880E+02    0.38192E+02    0.38774E+02    0.47491E+02
   0.23213E+02    0.40434E+02    0.30850E+02    0.50368E+02
   0.23671E+02    0.40469E+02    0.37996E+02    0.46285E+02
   0.23288E+02    0.38171E+02    0.36295E+02    0.52386E+02
   0.23717E+02    0.38428E+02    0.33203E+02    0.47399E+02
   0.23254E+02    0.36814E+02    0.38617E+02    0.45738E+02
   0.23360E+02    0.36329E+02    0.43545E+02    0.45359E+02
   0.23749E+02    0.38008E+02    0.37870E+02    0.44047E+02
   0.23305E+02    0.38473E+02    0.40775E+02    0.47390E+02
   0.23245E+02    0.39243E+02    0.32161E+02    0.47279E+02
   0.23179E+02    0.39635E+02    0.38091E+02    0.45055E+02
   0.23636E+02    0.38346E+02    0.41733E+02    0.49696E+02
   0.23260E+02    0.38237E+02    0.38478E+02    0.51691E+02
   0.23253E+02    0.39380E+02    0.37665E+02    0.47576E+02
   0.22848E+02    0.38701E+02    0.35420E+02    0.50129E+02
   0.22874E+02    0.38585E+02    0.36886E+02    0.47098E+02
   0.22649E+02    0.38964E+02    0.39101E+02    0.44369E+02
   0.23210E+02    0.38948E+02    0.43392E+02    0.45136E+02
   0.22798E+02    0.38856E+02    0.36057E+02    0.45604E+02
   0.22508E+02    0.41615E+02    0.40614E+02    0.46249E+02
   0.22671E+02    0.41167E+02    0.37994E+02    0.48611E+02
   0.22721E+02    0.39831E+02    0.36676E+02    0.47855E+02
   0.22399E+02    0.38909E+02    0.35983E+02    0.49207E+02
   0.21839E+02    0.38038E+02    0.41219E+02    0.46622E+02
   0.22091E+02    0.38219E+02    0.34289E+02    0.47643E+02
   0.22282E+02    0.38590E+02    0.38589E+02    0.45637E+02
   0.22531E+02    0.38247E+02    0.35733E+02    0.48066E+02
   0.22099E+02    0.38152E+02    0.34093E+02    0.47010E+02
   0.21885E+02    0.38472E+02    0.40344E+02    0.49578E+02
   0.21877E+02    0.39451E+02    0.37672E+02    0.47858E+02
   0.21207E+02    0.39314E+02    0.42118E+02    0.44516E+02
   0.21711E+02    0.41478E+02    0.37831E+02    0.47533E+02
   0.21601E+02    0.41161E+02    0.36444E+02    0.45934E+02
   0.21093E+02    0.41257E+02    0.38470E+02    0.46400E+02
   0.21434E+02    0.40931E+02    0.41620E+02    0.49144E+02
   0.21431E+02    0.40965E+02    0.36839E+02    0.47803E+02
   0.21640E+02    0.40743E+02    0.39689E+02    0.50893E+02
   0.21484E+02    0.38581E+02    0.39774E+02    0.48889E+02
   0.21780E+02    0.38307E+02    0.36959E+02    0.42717E+02
   0.21327E+02    0.40991E+02    0.37931E+02    0.44616E+02
   0.21290E+02    0.40416E+02    0.43768E+02    0.42530E+02
   0.21194E+02    0.41946E+02    0.39469E+02    0.46820E+02
   0.21104E+02    0.42274E+02    0.36170E+02    0.45615E+02
   0.21258E+02    0.39132E+02    0.37571E+02    0.50718E+02
   0.21200E+02    0.39267E+02    0.37400E+02    0.45666E+02
   0.21252E+02    0.41592E+02    0.40305E+02    0.44797E+02
   0.21010E+02    0.41719E+02    0.39450E+02    0.48646E+02
   0.21093E+02    0.38861E+02    0.35793E+02    0.44851E+02
   0.21366E+02    0.38941E+02    0.39535E+02    0.48833E+02
   0.21453E+02    0.40919E+02    0.40666E+02    0.44079E+02
   0.21212E+02    0.41149E+02    0.40348E+02    0.47152E+02
   0.21329E+02    0.38337E+02    0.35468E+02    0.47153E+02
   0.21094E+02    0.38258E+02    0.39240E+02    0.48154E+02
   0.21415E+02    0.40617E+02    0.37567E+02    0.45869E+02
   0.21361E+02    0.40928E+02    0.39491E+02    0.45967E+02
   0.21348E+02    0.42925E+02    0.36154E+02    0.46978E+02
   0.21613E+02    0.42699E+02    0.39174E+02    0.43873E+02
   0.21885E+02    0.40662E+02    0.40201E+02    0.42650E+02
   0.21756E+02    0.40704E+02    0.41503E+02    0.48222E+02
   0.21995E+02    0.43085E+02    0.36431E+02    0.45833E+02
   0.22431E+02    0.42734E+02    0.38561E+02    0.46679E+02
   0.22542E+02    0.43035E+02    0.37129E+02    0.44284E+02
   0.22240E+02    0.42953E+02    0.38870E+02    0.48274E+02
   0.22254E+02    0.42005E+02    0.38804E+02    0.45193E+02
   0.22554E+02    0.41977E+02    0.40067E+02    0.49509E+02
   0.22398E+02    0.40843E+02    0.43891E+02    0.43914E+02
   0.22082E+02    0.41288E+02    0.35679E+02    0.51513E+02
   0.22391E+02    0.42253E+02    0.40086E+02    0.46016E+02
   0.22557E+02    0.42892E+02    0.38817E+02    0.49076E+02
   0.22725E+02    0.41019E+02    0.37631E+02    0.46968E+02
   0.23164E+02    0.41343E+02    0.38335E+02    0.45154E+02
   0.23397E+02    0.41089E+02    0.37504E+02    0.42123E+02
   0.22900E+02    0.41852E+02    0.40291E+02    0.49365E+02
   0.23060E+02    0.40953E+02    0.36748E+02    0.49706E+02
   0.23274E+02    0.41490E+02    0.37647E+02    0.46434E+02
   0.22979E+02    0.40383E+02    0.40133E+02    0.45326E+02
   0.22937E+02    0.40555E+02    0.36111E+02    0.46993E+02
   0.23322E+02    0.39940E+02    0.32735E+02    0.50220E+02
   0.23455E+02    0.39957E+02    0.40514E+02    0.47865E+02
   0.22898E+02    0.39588E+02    0.36715E+02    0.47835E+02
   0.23184E+02    0.39490E+02    0.29646E+02    0.53690E+02
   0.23553E+02    0.38411E+02    0.35420E+02    0.45556E+02
   0.23227E+02    0.38782E+02    0.42088E+02    0.47677E+02
   0.23144E+02    0.42159E+02    0.37790E+02    0.48096E+02
   0.23024E+02    0.42144E+02    0.37016E+02    0.44305E+02
   0.23381E+02    0.39795E+02    0.38657E+02    0.47424E+02
   0.22778E+02    0.40313E+02    0.40189E+02    0.45817E+02
   0.22911E+02    0.39543E+02    0.38749E+02    0.46194E+02
   0.22764E+02    0.39693E+02    0.40790E+02    0.43579E+02
   0.22820E+02    0.41452E+02    0.38688E+02    0.46543E+02
   0.23341E+02    0.41657E+02    0.37620E+02    0.45820E+02
   0.22800E+02    0.41289E+02    0.36402E+02    0.45065E+02
   0.22939E+02    0.41195E+02    0.32478E+02    0.47440E+02
   0.22755E+02    0.39656E+02    0.41066E+02    0.49869E+02
   0.23138E+02    0.39718E+02    0.34405E+02    0.46475E+02
   0.22663E+02    0.37818E+02    0.40184E+02    0.47701E+02
   0.22169E+02    0.37752E+02    0.39722E+02    0.46636E+02
   0.22300E+02    0.37904E+02    0.35214E+02    0.50959E+02
   0.22101E+02    0.37758E+02    0.41671E+02    0.49190E+02
   0.22169E+02    0.40240E+02    0.42234E+02    0.42573E+02
   0.22344E+02    0.40102E+02    0.39420E+02    0.47652E+02
   0.21822E+02    0.41967E+02    0.36826E+02    0.45118E+02
   0.22009E+02    0.41804E+02    0.37550E+02    0.44427E+02
   0.21511E+02    0.42020E+02    0.38064E+02    0.48417E+02
   0.22041E+02    0.41859E+02    0.41780E+02    0.46607E+02
   0.22045E+02    0.38063E+02    0.37825E+02    0.43775E+02
   0.21936E+02    0.38046E+02    0.39260E+02    0.44266E+02
   0.21949E+02    0.42773E+02    0.36440E+02    0.51017E+02
   0.22373E+02    0.41944E+02    0.39982E+02    0.45051E+02
   0.21891E+02    0.40934E+02    0.38748E+02    0.45256E+02
   0.21602E+02    0.41077E+02    0.40615E+02    0.47657E+02
   0.21618E+02    0.38847E+02    0.34981E+02    0.46480E+02
   0.22097E+02    0.38305E+02    0.40305E+02    0.50170E+02
   0.21570E+02    0.39850E+02    0.41883E+02    0.43856E+02
   0.21748E+02    0.39770E+02    0.33404E+02    0.46364E+02
   0.21719E+02    0.37893E+02    0.37662E+02    0.44290E+02
   0.21538E+02    0.37605E+02    0.35471E+02    0.47608E+02
   0.21572E+02    0.42869E+02    0.38580E+02    0.47372E+02
   0.21999E+02    0.42578E+02    0.40084E+02    0.49410E+02
   0.21811E+02    0.39428E+02    0.35814E+02    0.52030E+02
   0.22460E+02    0.39384E+02    0.36188E+02    0.45081E+02
   0.21996E+02    0.40484E+02    0.40938E+02    0.48565E+02
   0.21991E+02    0.40090E+02    0.34853E+02    0.50720E+02
   0.22253E+02    0.38823E+02    0.34010E+02    0.48322E+02
   0.21978E+02    0.39207E+02    0.39229E+02    0.45186E+02
   0.22025E+02    0.38811E+02    0.41557E+02    0.48212E+02
   0.22016E+02    0.38699E+02    0.33555E+02    0.45379E+02
   0.22188E+02    0.40803E+02    0.36490E+02    0.48241E+02
   0.22323E+02    0.40500E+02    0.39764E+02    0.46602E+02
   0.22016E+02    0.41979E+02    0.40339E+02    0.46187E+02
   0.22176E+02    0.41675E+02    0.38258E+02    0.43980E+02
   0.21906E+02    0.40323E+02    0.36279E+02    0.43431E+02
   0.22254E+02    0.40193E+02    0.37149E+02    0.45985E+02
   0.21794E+02    0.39124E+02    0.42599E+02    0.47315E+02
   0.22259E+02    0.39019E+02    0.37841E+02    0.40805E+02
   0.21922E+02    0.39545E+02    0.36521E+02    0.48263E+02
   0.22268E+02    0.39582E+02    0.43889E+02    0.48956E+02
   0.22004E+02    0.39499E+02    0.37714E+02    0.40873E+02
   0.21924E+02    0.39574E+02    0.35256E+02    0.47448E+02
   0.22633E+02    0.41064E+02    0.40818E+02    0.47894E+02
   0.22364E+02    0.41291E+02    0.36855E+02    0.49732E+02
   0.22512E+02    0.38539E+02    0.39767E+02    0.45554E+02
   0.22569E+02    0.38262E+02    0.36503E+02    0.44341E+02
   0.22185E+02    0.41770E+02    0.35419E+02    0.43005E+02
   0.22320E+02    0.41416E+02    0.38804E+02    0.46543E+02
