   0.12039E+03    0.33817E+00    0.79989E+02    0.49470E+02
   0.12038E+03    0.33929E+00    0.79947E+02    0.49301E+02
   0.12041E+03    0.33428E+00    0.80039E+02    0.52293E+02
   0.12039E+03    0.33838E+00    0.80190E+02    0.50223E+02
   0.12041E+03    0.33842E+00    0.80381E+02    0.49654E+02
   0.12041E+03    0.34208E+00    0.80318E+02    0.50328E+02
   0.12040E+03    0.33698E+00    0.80241E+02    0.50011E+02
   0.12040E+03    0.33787E+00    0.80123E+02    0.49981E+02
   0.12038E+03    0.33498E+00    0.79917E+02    0.49957E+02
   0.12038E+03    0.33764E+00    0.79654E+02    0.50109E+02
   0.12039E+03    0.31324E+00    0.79822E+02    0.50703E+02
   0.12040E+03    0.31346E+00    0.80006E+02    0.49650E+02
   0.12041E+03    0.34373E+00    0.80218E+02    0.51579E+02
   0.12040E+03    0.34719E+00    0.80223E+02    0.50035E+02
   0.12041E+03    0.35481E+00    0.79974E+02    0.50723E+02
   0.12041E+03    0.35473E+00    0.80010E+02    0.49411E+02
   0.12045E+03    0.37462E+00    0.79974E+02    0.47499E+02
   0.12041E+03    0.37504E+00    0.80049E+02    0.49866E+02
   0.12042E+03    0.34232E+00    0.80240E+02    0.48826E+02
   0.12041E+03    0.34479E+00    0.80141E+02    0.49416E+02
   0.12038E+03    0.31693E+00    0.79920E+02    0.48576E+02
   0.12041E+03    0.32210E+00    0.79977E+02    0.50535E+02
   0.12039E+03    0.34367E+00    0.80068E+02    0.50627E+02
   0.12041E+03    0.34261E+00    0.80015E+02    0.51123E+02
   0.12041E+03    0.30466E+00    0.79926E+02    0.48775E+02
   0.12040E+03    0.30928E+00    0.80114E+02    0.50383E+02
   0.12041E+03    0.33636E+00    0.80033E+02    0.49802E+02
   0.12041E+03    0.33085E+00    0.79903E+02    0.50137E+02
   0.12039E+03    0.33022E+00    0.79772E+02    0.50944E+02
   0.12042E+03    0.32934E+00    0.79603E+02    0.50864E+02
   0.12041E+03    0.31690E+00    0.80016E+02    0.51884E+02
   0.12042E+03    0.31543E+00    0.80339E+02    0.47859E+02
   0.12041E+03    0.31726E+00    0.80212E+02    0.51359E+02
   0.12044E+03    0.32011E+00    0.80108E+02    0.49411E+02
   0.12038E+03    0.33286E+00    0.79725E+02    0.49746E+02
   0.12040E+03    0.33405E+00    0.79555E+02    0.51151E+02
   0.12042E+03    0.33015E+00    0.79889E+02    0.50057E+02
   0.12040E+03    0.33668E+00    0.79718E+02    0.48460E+02
   0.12043E+03    0.33777E+00    0.79870E+02    0.50015E+02
   0.12038E+03    0.33427E+00    0.80084E+02    0.48818E+02
   0.12040E+03    0.31679E+00    0.79832E+02    0.51132E+02
   0.12040E+03    0.31543E+00    0.79889E+02    0.48530E+02
   0.12037E+03    0.32372E+00    0.80005E+02    0.51006E+02
   0.12039E+03    0.32154E+00    0.79978E+02    0.51541E+02
   0.12037E+03    0.33206E+00    0.79841E+02    0.49126E+02
   0.12042E+03    0.33115E+00    0.79788E+02    0.49836E+02
   0.12039E+03    0.33879E+00    0.80258E+02    0.51433E+02
   0.12039E+03    0.34021E+00    0.80268E+02    0.47596E+02
   0.12043E+03    0.32350E+00    0.79923E+02    0.49220E+02
   0.12038E+03    0.32376E+00    0.79793E+02    0.50827E+02
   0.12038E+03    0.32853E+00    0.79773E+02    0.47893E+02
   0.12042E+03    0.33100E+00    0.79779E+02    0.50856E+02
   0.12041E+03    0.32906E+00    0.79972E+02    0.49716E+02
   0.12041E+03    0.32585E+00    0.80108E+02    0.50335E+02
   0.12039E+03    0.33835E+00    0.80011E+02    0.50916E+02
   0.12042E+03    0.33649E+00    0.80004E+02    0.49400E+02
   0.12039E+03    0.33269E+00    0.80000E+02    0.52260E+02
   0.12041E+03    0.33283E+00    0.80127E+02    0.50435E+02
   0.12039E+03    0.34243E+00    0.80184E+02    0.50308E+02
   0.12039E+03    0.34490E+00    0.80096E+02    0.50766E+02
   0.12040E+03    0.32975E+00    0.80128E+02    0.51124E+02
   0.12040E+03    0.32889E+00    0.80219E+02    0.50995E+02
   0.12040E+03    0.32566E+00    0.80335E+02    0.50656E+02
   0.12039E+03    0.32147E+00    0.80391E+02    0.48876E+02
   0.12041E+03    0.32848E+00    0.80132E+02    0.50559E+02
   0.12039E+03    0.32898E+00    0.80041E+02    0.50136E+02
   0.12039E+03    0.36039E+00    0.80185E+02    0.50904E+02
   0.12039E+03    0.35543E+00    0.80592E+02    0.49984E+02
   0.12040E+03    0.33180E+00    0.80391E+02    0.48997E+02
   0.12040E+03    0.32901E+00    0.80270E+02    0.50822E+02
   0.12042E+03    0.35955E+00    0.80351E+02    0.49999E+02
   0.12037E+03    0.35883E+00    0.80288E+02    0.50143E+02
   0.12041E+03    0.33615E+00    0.80209E+02    0.50472E+02
   0.12037E+03    0.33775E+00    0.80077E+02    0.49505E+02
   0.12042E+03    0.34935E+00    0.80231E+02    0.50705E+02
   0.12039E+03    0.35044E+00    0.80285E+02    0.49360E+02
   0.12041E+03    0.34170E+00    0.80487E+02    0.49886E+02
   0.12041E+03    0.34477E+00    0.80482E+02    0.51565E+02
   0.12041E+03    0.36702E+00    0.80561E+02    0.50759E+02
   0.12042E+03    0.36737E+00    0.80557E+02    0.50461E+02
   0.12040E+03    0.33371E+00    0.80268E+02    0.49543E+02
   0.12040E+03    0.33376E+00    0.80372E+02    0.50272E+02
   0.12041E+03    0.34553E+00    0.80298E+02    0.51142E+02
   0.12040E+03    0.34355E+00    0.80349E+02    0.49560E+02
   0.12043E+03    0.33159E+00    0.80566E+02    0.50892E+02
   0.12040E+03    0.33088E+00    0.80419E+02    0.49369E+02
   0.12037E+03    0.33995E+00    0.80189E+02    0.49815E+02
   0.12042E+03    0.33568E+00    0.80147E+02    0.50608E+02
   0.12037E+03    0.35497E+00    0.80370E+02    0.49829E+02
   0.12043E+03    0.35473E+00    0.80527E+02    0.49958E+02
   0.12036E+03    0.36735E+00    0.80363E+02    0.49450E+02
   0.12041E+03    0.36816E+00    0.80017E+02    0.50665E+02
   0.12036E+03    0.34383E+00    0.80041E+02    0.49720E+02
   0.12043E+03    0.34314E+00    0.80346E+02    0.49190E+02
   0.12042E+03    0.34852E+00    0.80377E+02    0.50204E+02
   0.12039E+03    0.34809E+00    0.80224E+02    0.48252E+02
   0.12040E+03    0.34831E+00    0.80045E+02    0.48955E+02
   0.12042E+03    0.34868E+00    0.80058E+02    0.49590E+02
   0.12039E+03    0.34736E+00    0.80192E+02    0.51074E+02
   0.12040E+03    0.34256E+00    0.80199E+02    0.50583E+02
   0.12040E+03    0.34613E+00    0.80128E+02    0.48429E+02
   0.12041E+03    0.34511E+00    0.80196E+02    0.49135E+02
   0.12041E+03    0.35503E+00    0.80465E+02    0.50919E+02
   0.12041E+03    0.35429E+00    0.80476E+02    0.51324E+02
   0.12041E+03    0.32910E+00    0.80440E+02    0.51037E+02
   0.12038E+03    0.32941E+00    0.80513E+02    0.49065E+02
   0.12040E+03    0.33473E+00    0.80504E+02    0.50326E+02
   0.12040E+03    0.33362E+00    0.80474E+02    0.48019E+02
   0.12039E+03    0.34295E+00    0.80220E+02    0.50038E+02
   0.12037E+03    0.34876E+00    0.80315E+02    0.49285E+02
   0.12039E+03    0.34855E+00    0.80511E+02    0.50140E+02
   0.12040E+03    0.34885E+00    0.80517E+02    0.50459E+02
   0.12042E+03    0.34452E+00    0.80508E+02    0.51222E+02
   0.12038E+03    0.34580E+00    0.80502E+02    0.48591E+02
   0.12040E+03    0.34241E+00    0.80660E+02    0.48936E+02
   0.12037E+03    0.34149E+00    0.80629E+02    0.49230E+02
   0.12040E+03    0.33930E+00    0.80645E+02    0.50693E+02
   0.12040E+03    0.34141E+00    0.80595E+02    0.50088E+02
   0.12040E+03    0.35844E+00    0.80523E+02    0.51761E+02
   0.12041E+03    0.35774E+00    0.80590E+02    0.49571E+02
   0.12060E+03    0.35108E+00    0.80676E+02    0.48712E+02
   0.12045E+03    0.34640E+00    0.80642E+02    0.49801E+02
   0.12048E+03    0.32446E+00    0.80590E+02    0.50363E+02
   0.12045E+03    0.32328E+00    0.80853E+02    0.49088E+02
   0.12042E+03    0.35274E+00    0.80936E+02    0.49462E+02
   0.12040E+03    0.35003E+00    0.80887E+02    0.49994E+02
   0.12037E+03    0.36098E+00    0.80703E+02    0.50056E+02
   0.12041E+03    0.35929E+00    0.80769E+02    0.51000E+02
   0.12036E+03    0.35762E+00    0.80646E+02    0.48985E+02
   0.12039E+03    0.35722E+00    0.80454E+02    0.51657E+02
   0.12037E+03    0.36663E+00    0.80562E+02    0.50118E+02
   0.12039E+03    0.36572E+00    0.80554E+02    0.49591E+02
   0.12038E+03    0.35412E+00    0.80727E+02    0.50584E+02
   0.12038E+03    0.35295E+00    0.80795E+02    0.49875E+02
   0.12039E+03    0.35917E+00    0.80830E+02    0.52008E+02
   0.12038E+03    0.35450E+00    0.80725E+02    0.51008E+02
   0.12041E+03    0.32447E+00    0.80595E+02    0.48596E+02
   0.12041E+03    0.32622E+00    0.80750E+02    0.50343E+02
   0.12037E+03    0.35813E+00    0.80624E+02    0.48692E+02
   0.12041E+03    0.35853E+00    0.80751E+02    0.48889E+02
   0.12038E+03    0.34498E+00    0.80686E+02    0.49668E+02
   0.12040E+03    0.35052E+00    0.80569E+02    0.48476E+02
   0.12038E+03    0.33750E+00    0.80493E+02    0.50128E+02
   0.12039E+03    0.33941E+00    0.80487E+02    0.51762E+02
   0.12039E+03    0.32602E+00    0.80644E+02    0.49171E+02
   0.12041E+03    0.32871E+00    0.80596E+02    0.49539E+02
   0.12039E+03    0.35178E+00    0.80348E+02    0.47879E+02
   0.12037E+03    0.35082E+00    0.80355E+02    0.50350E+02
   0.12041E+03    0.34498E+00    0.80532E+02    0.49662E+02
   0.12040E+03    0.34521E+00    0.80540E+02    0.50078E+02
   0.12042E+03    0.34629E+00    0.80581E+02    0.48943E+02
   0.12036E+03    0.34357E+00    0.80424E+02    0.49632E+02
   0.12040E+03    0.33852E+00    0.80318E+02    0.49733E+02
   0.12039E+03    0.33974E+00    0.80300E+02    0.49250E+02
   0.12039E+03    0.33590E+00    0.80252E+02    0.47909E+02
   0.12040E+03    0.33697E+00    0.80319E+02    0.50546E+02
   0.12040E+03    0.35436E+00    0.80175E+02    0.50660E+02
   0.12041E+03    0.35706E+00    0.80206E+02    0.50124E+02
   0.12042E+03    0.31702E+00    0.80259E+02    0.51109E+02
   0.12042E+03    0.31726E+00    0.80268E+02    0.49397E+02
   0.12039E+03    0.32041E+00    0.80243E+02    0.50662E+02
   0.12039E+03    0.32019E+00    0.80277E+02    0.50683E+02
   0.12042E+03    0.33011E+00    0.80136E+02    0.50308E+02
   0.12039E+03    0.32998E+00    0.79891E+02    0.49684E+02
   0.12040E+03    0.32556E+00    0.79933E+02    0.49300E+02
   0.12040E+03    0.32471E+00    0.80271E+02    0.49424E+02
   0.12040E+03    0.32621E+00    0.80390E+02    0.50463E+02
   0.12040E+03    0.32793E+00    0.79908E+02    0.50111E+02
   0.12039E+03    0.33262E+00    0.79873E+02    0.50532E+02
   0.12038E+03    0.33341E+00    0.79927E+02    0.47639E+02
   0.12039E+03    0.32124E+00    0.79868E+02    0.49101E+02
   0.12038E+03    0.32088E+00    0.79659E+02    0.50595E+02
   0.12039E+03    0.32093E+00    0.79340E+02    0.51239E+02
   0.12040E+03    0.32131E+00    0.79591E+02    0.49694E+02
   0.12040E+03    0.33362E+00    0.79798E+02    0.49058E+02
   0.12038E+03    0.33573E+00    0.79888E+02    0.50254E+02
   0.12043E+03    0.32280E+00    0.80108E+02    0.49395E+02
   0.12039E+03    0.31973E+00    0.80090E+02    0.48616E+02
   0.12040E+03    0.31636E+00    0.79982E+02    0.50202E+02
   0.12041E+03    0.31723E+00    0.79766E+02    0.49860E+02
   0.12037E+03    0.31854E+00    0.79786E+02    0.51314E+02
   0.12037E+03    0.31231E+00    0.79828E+02    0.50504E+02
   0.12039E+03    0.30625E+00    0.79753E+02    0.50602E+02
   0.12037E+03    0.30622E+00    0.79833E+02    0.48695E+02
   0.12041E+03    0.33019E+00    0.79945E+02    0.51339E+02
   0.12038E+03    0.32908E+00    0.79848E+02    0.48183E+02
   0.12041E+03    0.33340E+00    0.79712E+02    0.50020E+02
   0.12042E+03    0.33479E+00    0.79814E+02    0.52470E+02
   0.12038E+03    0.32375E+00    0.79824E+02    0.50479E+02
   0.12037E+03    0.31740E+00    0.79813E+02    0.50224E+02
   0.12042E+03    0.31444E+00    0.79915E+02    0.51552E+02
   0.12041E+03    0.31491E+00    0.79994E+02    0.49851E+02
   0.12040E+03    0.32277E+00    0.80104E+02    0.50757E+02
   0.12040E+03    0.32545E+00    0.80185E+02    0.50935E+02
   0.12038E+03    0.32528E+00    0.79963E+02    0.48653E+02
   0.12042E+03    0.32752E+00    0.79994E+02    0.50639E+02
   0.12040E+03    0.31666E+00    0.80135E+02    0.50078E+02
   0.12041E+03    0.32073E+00    0.80259E+02    0.49633E+02
   0.12041E+03    0.33515E+00    0.80101E+02    0.51064E+02
   0.12040E+03    0.33534E+00    0.79920E+02    0.47833E+02
   0.12038E+03    0.33982E+00    0.80032E+02    0.49358E+02
   0.12039E+03    0.33881E+00    0.80190E+02    0.49011E+02
   0.12042E+03    0.32384E+00    0.80153E+02    0.50997E+02
   0.12044E+03    0.32296E+00    0.80335E+02    0.48894E+02
   0.12040E+03    0.33492E+00    0.80218E+02    0.50638E+02
   0.12037E+03    0.34207E+00    0.80209E+02    0.51252E+02
   0.12044E+03    0.34146E+00    0.80393E+02    0.50800E+02
   0.12042E+03    0.34193E+00    0.80302E+02    0.50135E+02
   0.12038E+03    0.32781E+00    0.80131E+02    0.51152E+02
   0.12040E+03    0.32747E+00    0.80215E+02    0.48830E+02
   0.12042E+03    0.34285E+00    0.80294E+02    0.49253E+02
   0.12043E+03    0.34638E+00    0.80454E+02    0.47930E+02
   0.12041E+03    0.33515E+00    0.80347E+02    0.49245E+02
   0.12041E+03    0.34147E+00    0.80195E+02    0.49401E+02
   0.12041E+03    0.33634E+00    0.80235E+02    0.50659E+02
   0.12039E+03    0.33808E+00    0.80380E+02    0.50029E+02
   0.12040E+03    0.32530E+00    0.80490E+02    0.48852E+02
   0.12040E+03    0.32319E+00    0.80581E+02    0.49990E+02
   0.12039E+03    0.33233E+00    0.80578E+02    0.50718E+02
   0.12041E+03    0.33398E+00    0.80298E+02    0.51009E+02
   0.12042E+03    0.33181E+00    0.80217E+02    0.50799E+02
   0.12041E+03    0.33297E+00    0.80279E+02    0.50389E+02
   0.12042E+03    0.34641E+00    0.80464E+02    0.50869E+02
   0.12039E+03    0.34965E+00    0.80502E+02    0.50730E+02
   0.12039E+03    0.33855E+00    0.80422E+02    0.50654E+02
   0.12038E+03    0.33412E+00    0.80106E+02    0.50082E+02
   0.12038E+03    0.34259E+00    0.80137E+02    0.50734E+02
   0.12040E+03    0.34232E+00    0.80392E+02    0.51257E+02
   0.12041E+03    0.33656E+00    0.80748E+02    0.51195E+02
   0.12042E+03    0.33657E+00    0.80629E+02    0.50122E+02
   0.12038E+03    0.32949E+00    0.80461E+02    0.49375E+02
   0.12040E+03    0.32817E+00    0.80303E+02    0.51032E+02
   0.12039E+03    0.33723E+00    0.80224E+02    0.49600E+02
   0.12039E+03    0.33648E+00    0.80352E+02    0.50840E+02
   0.12041E+03    0.34978E+00    0.80396E+02    0.50111E+02
   0.12041E+03    0.34820E+00    0.80441E+02    0.50076E+02
   0.12042E+03    0.35989E+00    0.80535E+02    0.51817E+02
   0.12040E+03    0.35899E+00    0.80510E+02    0.48442E+02
   0.12038E+03    0.35503E+00    0.80397E+02    0.49575E+02
   0.12039E+03    0.35583E+00    0.80320E+02    0.49265E+02
   0.12040E+03    0.33663E+00    0.80502E+02    0.51060E+02
   0.12042E+03    0.34112E+00    0.80636E+02    0.48743E+02
   0.12041E+03    0.33599E+00    0.80648E+02    0.49347E+02
   0.12038E+03    0.33761E+00    0.80477E+02    0.50405E+02
   0.12041E+03    0.34364E+00    0.80403E+02    0.48574E+02
   0.12039E+03    0.34399E+00    0.80288E+02    0.49488E+02
   0.12039E+03    0.36239E+00    0.80290E+02    0.49335E+02
   0.12039E+03    0.36823E+00    0.80149E+02    0.50474E+02
   0.12043E+03    0.33463E+00    0.80046E+02    0.49504E+02
   0.12041E+03    0.33400E+00    0.80292E+02    0.50481E+02
   0.12041E+03    0.35000E+00    0.80482E+02    0.48990E+02
   0.12040E+03    0.35157E+00    0.80600E+02    0.51372E+02
   0.12040E+03    0.34854E+00    0.80638E+02    0.50584E+02
   0.12044E+03    0.34795E+00    0.80499E+02    0.50200E+02
   0.12041E+03    0.33170E+00    0.80249E+02    0.48497E+02
   0.12041E+03    0.33155E+00    0.80089E+02    0.48366E+02
   0.12037E+03    0.33826E+00    0.79917E+02    0.50504E+02
   0.12041E+03    0.33738E+00    0.80169E+02    0.50029E+02
   0.12039E+03    0.35302E+00    0.80414E+02    0.50249E+02
   0.12039E+03    0.35124E+00    0.80246E+02    0.51852E+02
   0.12042E+03    0.35739E+00    0.80200E+02    0.49419E+02
   0.12041E+03    0.35744E+00    0.80201E+02    0.48970E+02
   0.12038E+03    0.34910E+00    0.80384E+02    0.49478E+02
   0.12038E+03    0.35034E+00    0.80293E+02    0.50379E+02
   0.12038E+03    0.34411E+00    0.80257E+02    0.49239E+02
   0.12043E+03    0.34056E+00    0.80149E+02    0.50397E+02
   0.12041E+03    0.34110E+00    0.80093E+02    0.48147E+02
   0.12039E+03    0.33758E+00    0.80083E+02    0.48687E+02
   0.12043E+03    0.34876E+00    0.80136E+02    0.51458E+02
   0.12040E+03    0.34241E+00    0.80058E+02    0.50053E+02
   0.12041E+03    0.34774E+00    0.80169E+02    0.51278E+02
   0.12037E+03    0.34613E+00    0.80095E+02    0.51109E+02
   0.12044E+03    0.33373E+00    0.80181E+02    0.49228E+02
   0.12039E+03    0.33318E+00    0.80025E+02    0.51038E+02
   0.12038E+03    0.30642E+00    0.80085E+02    0.50137E+02
   0.12040E+03    0.30637E+00    0.80443E+02    0.48925E+02
   0.12040E+03    0.32807E+00    0.80340E+02    0.48999E+02
   0.12034E+03    0.32626E+00    0.80004E+02    0.48813E+02
   0.12040E+03    0.33216E+00    0.79920E+02    0.49298E+02
   0.12041E+03    0.33128E+00    0.79817E+02    0.49172E+02
   0.12040E+03    0.35382E+00    0.80194E+02    0.50181E+02
   0.12039E+03    0.35002E+00    0.80460E+02    0.51033E+02
   0.12040E+03    0.32424E+00    0.80361E+02    0.52102E+02
   0.12038E+03    0.32008E+00    0.80194E+02    0.50200E+02
   0.12037E+03    0.35882E+00    0.80067E+02    0.50471E+02
   0.12038E+03    0.35935E+00    0.80134E+02    0.51269E+02
   0.12042E+03    0.31773E+00    0.80304E+02    0.48609E+02
   0.12038E+03    0.32145E+00    0.80344E+02    0.50821E+02
   0.12039E+03    0.36251E+00    0.80252E+02    0.49431E+02
   0.12039E+03    0.35887E+00    0.80176E+02    0.50291E+02
   0.12041E+03    0.32157E+00    0.80078E+02    0.51482E+02
   0.12041E+03    0.32218E+00    0.79972E+02    0.50235E+02
   0.12043E+03    0.34332E+00    0.80256E+02    0.51443E+02
   0.12043E+03    0.34203E+00    0.80417E+02    0.51339E+02
   0.12044E+03    0.34109E+00    0.80495E+02    0.49342E+02
   0.12040E+03    0.33667E+00    0.80490E+02    0.50493E+02
   0.12040E+03    0.32565E+00    0.80277E+02    0.51082E+02
   0.12039E+03    0.32307E+00    0.80239E+02    0.48304E+02
   0.12041E+03    0.32830E+00    0.80277E+02    0.51154E+02
   0.12040E+03    0.32853E+00    0.80165E+02    0.50751E+02
   0.12039E+03    0.32676E+00    0.80281E+02    0.49686E+02
   0.12041E+03    0.32377E+00    0.80232E+02    0.50832E+02
   0.12041E+03    0.34663E+00    0.80107E+02    0.49657E+02
   0.12043E+03    0.34482E+00    0.80049E+02    0.49342E+02
   0.12037E+03    0.31595E+00    0.80029E+02    0.49930E+02
   0.12038E+03    0.32006E+00    0.80008E+02    0.49623E+02
   0.12041E+03    0.31973E+00    0.80377E+02    0.48802E+02
   0.12039E+03    0.31488E+00    0.80485E+02    0.49715E+02
   0.12039E+03    0.34602E+00    0.80358E+02    0.49824E+02
   0.12038E+03    0.34772E+00    0.80285E+02    0.50489E+02
   0.12042E+03    0.32628E+00    0.80244E+02    0.49387E+02
   0.12037E+03    0.32763E+00    0.80337E+02    0.50480E+02
   0.12039E+03    0.32649E+00    0.80250E+02    0.48765E+02
   0.12040E+03    0.32655E+00    0.79886E+02    0.50120E+02
   0.12039E+03    0.35667E+00    0.79958E+02    0.49325E+02
   0.12041E+03    0.35898E+00    0.80216E+02    0.50220E+02
   0.12041E+03    0.33274E+00    0.80513E+02    0.49389E+02
   0.12041E+03    0.33274E+00    0.80694E+02    0.50368E+02
   0.12040E+03    0.34336E+00    0.80267E+02    0.48291E+02
   0.12040E+03    0.34172E+00    0.80279E+02    0.50788E+02
   0.12039E+03    0.34671E+00    0.80274E+02    0.51462E+02
   0.12042E+03    0.34830E+00    0.80546E+02    0.50004E+02
   0.12038E+03    0.32026E+00    0.80381E+02    0.49491E+02
   0.12039E+03    0.31999E+00    0.80200E+02    0.51135E+02
   0.12040E+03    0.32885E+00    0.80026E+02    0.49913E+02
   0.12040E+03    0.33014E+00    0.79935E+02    0.48924E+02
   0.12040E+03    0.34400E+00    0.79998E+02    0.49898E+02
   0.12040E+03    0.34608E+00    0.80243E+02    0.48481E+02
   0.12039E+03    0.32362E+00    0.80155E+02    0.49307E+02
   0.12041E+03    0.32605E+00    0.80399E+02    0.50077E+02
   0.12039E+03    0.33980E+00    0.80185E+02    0.49684E+02
   0.12039E+03    0.34093E+00    0.80057E+02    0.51506E+02
   0.12040E+03    0.33186E+00    0.79805E+02    0.50600E+02
   0.12042E+03    0.33299E+00    0.80042E+02    0.49483E+02
   0.12043E+03    0.34090E+00    0.80123E+02    0.49762E+02
   0.12040E+03    0.33783E+00    0.79956E+02    0.50734E+02
   0.12041E+03    0.33022E+00    0.79862E+02    0.49154E+02
   0.12040E+03    0.33473E+00    0.79938E+02    0.48373E+02
   0.12043E+03    0.34124E+00    0.79983E+02    0.51971E+02
   0.12038E+03    0.33757E+00    0.79815E+02    0.51402E+02
   0.12042E+03    0.34088E+00    0.79892E+02    0.49992E+02
   0.12041E+03    0.33585E+00    0.79943E+02    0.51042E+02
   0.12036E+03    0.33119E+00    0.79889E+02    0.50116E+02
   0.12041E+03    0.32857E+00    0.79807E+02    0.50607E+02
   0.12040E+03    0.32875E+00    0.79810E+02    0.50733E+02
   0.12039E+03    0.33227E+00    0.79763E+02    0.49115E+02
   0.12044E+03    0.33444E+00    0.79798E+02    0.49559E+02
   0.12040E+03    0.33173E+00    0.79923E+02    0.51369E+02
   0.12041E+03    0.33522E+00    0.79805E+02    0.50676E+02
   0.12039E+03    0.33935E+00    0.79696E+02    0.49286E+02
   0.12037E+03    0.33478E+00    0.79391E+02    0.49336E+02
   0.12043E+03    0.33713E+00    0.79543E+02    0.50698E+02
   0.12038E+03    0.30275E+00    0.79561E+02    0.49817E+02
   0.12041E+03    0.30337E+00    0.79559E+02    0.50763E+02
   0.12040E+03    0.30491E+00    0.79660E+02    0.49929E+02
   0.12038E+03    0.30454E+00    0.79786E+02    0.49549E+02
   0.12041E+03    0.32300E+00    0.79766E+02    0.49342E+02
   0.12036E+03    0.32415E+00    0.79584E+02    0.50814E+02
   0.12042E+03    0.31375E+00    0.79715E+02    0.50360E+02
   0.12039E+03    0.31388E+00    0.79734E+02    0.48058E+02
   0.12040E+03    0.32272E+00    0.79483E+02    0.48484E+02
   0.12040E+03    0.32464E+00    0.79435E+02    0.48770E+02
   0.12039E+03    0.31119E+00    0.79561E+02    0.50994E+02
   0.12036E+03    0.31353E+00    0.79856E+02    0.49686E+02
   0.12040E+03    0.30502E+00    0.79817E+02    0.50284E+02
   0.12039E+03    0.31012E+00    0.79842E+02    0.49989E+02
   0.12041E+03    0.31131E+00    0.79487E+02    0.49942E+02
   0.12038E+03    0.31157E+00    0.79466E+02    0.52117E+02
   0.12040E+03    0.32067E+00    0.79519E+02    0.49760E+02
   0.12040E+03    0.31788E+00    0.79748E+02    0.48256E+02
   0.12041E+03    0.34648E+00    0.79706E+02    0.49412E+02
   0.12040E+03    0.34578E+00    0.79620E+02    0.50302E+02
   0.12042E+03    0.33562E+00    0.79710E+02    0.51181E+02
   0.12038E+03    0.33486E+00    0.79658E+02    0.50657E+02
   0.12040E+03    0.31021E+00    0.80089E+02    0.50045E+02
   0.12041E+03    0.30776E+00    0.80302E+02    0.49927E+02
   0.12040E+03    0.32853E+00    0.79898E+02    0.49985E+02
   0.12042E+03    0.32822E+00    0.79712E+02    0.49187E+02
   0.12036E+03    0.33318E+00    0.79439E+02    0.50207E+02
   0.12037E+03    0.33515E+00    0.79460E+02    0.50375E+02
   0.12038E+03    0.33158E+00    0.79906E+02    0.49271E+02
   0.12042E+03    0.33162E+00    0.80024E+02    0.50464E+02
   0.12040E+03    0.32151E+00    0.80014E+02    0.49483E+02
   0.12040E+03    0.32228E+00    0.79991E+02    0.52597E+02
   0.12042E+03    0.32882E+00    0.80001E+02    0.49524E+02
   0.12041E+03    0.32500E+00    0.80105E+02    0.51631E+02
   0.12043E+03    0.35191E+00    0.79796E+02    0.50834E+02
   0.12041E+03    0.35160E+00    0.79594E+02    0.50755E+02
   0.12042E+03    0.33619E+00    0.79643E+02    0.50120E+02
   0.12040E+03    0.33303E+00    0.79897E+02    0.50455E+02
   0.12042E+03    0.33200E+00    0.80121E+02    0.50557E+02
   0.12041E+03    0.33450E+00    0.80434E+02    0.50689E+02
   0.12038E+03    0.30270E+00    0.80391E+02    0.51238E+02
   0.12041E+03    0.30707E+00    0.80128E+02    0.51612E+02
   0.12039E+03    0.33292E+00    0.79910E+02    0.48888E+02
   0.12039E+03    0.33477E+00    0.79947E+02    0.49383E+02
   0.12038E+03    0.34766E+00    0.79916E+02    0.49524E+02
   0.12037E+03    0.34714E+00    0.79862E+02    0.49058E+02
   0.12040E+03    0.33173E+00    0.80059E+02    0.52015E+02
   0.12038E+03    0.32998E+00    0.80153E+02    0.48669E+02
   0.12040E+03    0.32179E+00    0.80161E+02    0.49158E+02
   0.12041E+03    0.32259E+00    0.80224E+02    0.50101E+02
   0.12041E+03    0.34302E+00    0.80101E+02    0.48549E+02
   0.12040E+03    0.34196E+00    0.79860E+02    0.50862E+02
   0.12042E+03    0.33684E+00    0.79756E+02    0.49949E+02
   0.12043E+03    0.33629E+00    0.79957E+02    0.48951E+02
   0.12043E+03    0.35419E+00    0.80159E+02    0.50515E+02
   0.12042E+03    0.35225E+00    0.80265E+02    0.49616E+02
   0.12043E+03    0.34567E+00    0.80286E+02    0.51752E+02
   0.12039E+03    0.34894E+00    0.80209E+02    0.50184E+02
   0.12038E+03    0.35266E+00    0.79985E+02    0.49585E+02
   0.12037E+03    0.35357E+00    0.79799E+02    0.50827E+02
   0.12037E+03    0.34420E+00    0.79798E+02    0.52635E+02
   0.12036E+03    0.34666E+00    0.80104E+02    0.49535E+02
   0.12042E+03    0.34498E+00    0.80236E+02    0.49560E+02
   0.12041E+03    0.34422E+00    0.80183E+02    0.51005E+02
   0.12042E+03    0.33387E+00    0.80328E+02    0.51026E+02
   0.12041E+03    0.33471E+00    0.80130E+02    0.48222E+02
   0.12042E+03    0.35241E+00    0.79954E+02    0.47688E+02
   0.12041E+03    0.34571E+00    0.79814E+02    0.49635E+02
   0.12039E+03    0.34840E+00    0.79749E+02    0.51059E+02
   0.12042E+03    0.34759E+00    0.79956E+02    0.49213E+02
   0.12043E+03    0.34376E+00    0.80260E+02    0.50084E+02
   0.12042E+03    0.34572E+00    0.80328E+02    0.49816E+02
   0.12043E+03    0.35018E+00    0.80228E+02    0.49740E+02
   0.12037E+03    0.35075E+00    0.79949E+02    0.50293E+02
   0.12040E+03    0.37606E+00    0.79917E+02    0.49704E+02
   0.12038E+03    0.37686E+00    0.79816E+02    0.48580E+02
   0.12037E+03    0.32494E+00    0.79987E+02    0.50945E+02
   0.12042E+03    0.32300E+00    0.80329E+02    0.49141E+02
   0.12040E+03    0.34190E+00    0.80021E+02    0.50134E+02
   0.12039E+03    0.34176E+00    0.79808E+02    0.49922E+02
   0.12041E+03    0.36688E+00    0.80037E+02    0.50276E+02
   0.12042E+03    0.37159E+00    0.80106E+02    0.48859E+02
   0.12040E+03    0.31902E+00    0.80016E+02    0.50986E+02
   0.12040E+03    0.32323E+00    0.80066E+02    0.50750E+02
   0.12039E+03    0.33877E+00    0.80062E+02    0.50798E+02
   0.12044E+03    0.34042E+00    0.79925E+02    0.48752E+02
   0.12038E+03    0.35546E+00    0.79771E+02    0.49802E+02
   0.12040E+03    0.35305E+00    0.79755E+02    0.49515E+02
   0.12042E+03    0.33825E+00    0.79858E+02    0.50183E+02
   0.12040E+03    0.33927E+00    0.80049E+02    0.51128E+02
   0.12042E+03    0.32426E+00    0.80079E+02    0.50103E+02
   0.12040E+03    0.32788E+00    0.80181E+02    0.50419E+02
   0.12042E+03    0.35310E+00    0.80318E+02    0.49420E+02
   0.12039E+03    0.35288E+00    0.80159E+02    0.48760E+02
   0.12041E+03    0.35461E+00    0.79709E+02    0.48795E+02
   0.12039E+03    0.35574E+00    0.79816E+02    0.51241E+02
   0.12039E+03    0.33394E+00    0.80333E+02    0.48404E+02
   0.12041E+03    0.33530E+00    0.80527E+02    0.51526E+02
   0.12037E+03    0.33647E+00    0.80361E+02    0.49587E+02
   0.12037E+03    0.33892E+00    0.80165E+02    0.49010E+02
   0.12038E+03    0.33991E+00    0.79902E+02    0.48838E+02
   0.12038E+03    0.33819E+00    0.79849E+02    0.48826E+02
   0.12041E+03    0.35920E+00    0.80134E+02    0.51801E+02
   0.12039E+03    0.35991E+00    0.80336E+02    0.49357E+02
   0.12043E+03    0.34650E+00    0.80513E+02    0.49975E+02
   0.12042E+03    0.34218E+00    0.80466E+02    0.50504E+02
   0.12038E+03    0.36327E+00    0.80217E+02    0.48540E+02
   0.12041E+03    0.35991E+00    0.80237E+02    0.48417E+02
   0.12038E+03    0.35056E+00    0.80288E+02    0.48761E+02
   0.12039E+03    0.35116E+00    0.80355E+02    0.51279E+02
   0.12040E+03    0.34253E+00    0.80431E+02    0.49884E+02
   0.12040E+03    0.34103E+00    0.80557E+02    0.49356E+02
   0.12042E+03    0.35212E+00    0.80287E+02    0.49778E+02
   0.12038E+03    0.34737E+00    0.80420E+02    0.49783E+02
   0.12040E+03    0.35641E+00    0.80565E+02    0.49004E+02
   0.12039E+03    0.35739E+00    0.80394E+02    0.49988E+02
   0.12039E+03    0.35281E+00    0.80348E+02    0.50122E+02
   0.12040E+03    0.35398E+00    0.80269E+02    0.49165E+02
   0.12040E+03    0.34142E+00    0.80319E+02    0.48945E+02
   0.12042E+03    0.34016E+00    0.80323E+02    0.50548E+02
   0.12036E+03    0.35458E+00    0.80399E+02    0.50778E+02
   0.12043E+03    0.35313E+00    0.80430E+02    0.51523E+02
   0.12041E+03    0.36368E+00    0.80446E+02    0.51923E+02
   0.12040E+03    0.36470E+00    0.80516E+02    0.48344E+02
   0.12040E+03    0.33255E+00    0.80606E+02    0.51178E+02
   0.12039E+03    0.33267E+00    0.80691E+02    0.49880E+02
   0.12036E+03    0.34041E+00    0.80405E+02    0.49896E+02
   0.12041E+03    0.33943E+00    0.80251E+02    0.50476E+02
   0.12040E+03    0.34331E+00    0.80369E+02    0.49731E+02
   0.12039E+03    0.34067E+00    0.80371E+02    0.50637E+02
   0.12043E+03    0.34991E+00    0.80607E+02    0.51113E+02
   0.12042E+03    0.35061E+00    0.80746E+02    0.49559E+02
   0.12043E+03    0.36579E+00    0.80582E+02    0.49923E+02
   0.12039E+03    0.35983E+00    0.80471E+02    0.51845E+02
   0.12043E+03    0.34369E+00    0.80324E+02    0.48796E+02
   0.12040E+03    0.34073E+00    0.80222E+02    0.50787E+02
   0.12044E+03    0.34138E+00    0.80443E+02    0.48798E+02
   0.12041E+03    0.34647E+00    0.80406E+02    0.50077E+02
   0.12041E+03    0.33425E+00    0.80417E+02    0.49917E+02
   0.12040E+03    0.32949E+00    0.80637E+02    0.48823E+02
   0.12037E+03    0.35914E+00    0.80395E+02    0.50253E+02
   0.12037E+03    0.35933E+00    0.80373E+02    0.49815E+02
   0.12040E+03    0.35603E+00    0.80438E+02    0.51411E+02
   0.12041E+03    0.35951E+00    0.80315E+02    0.48928E+02
   0.12041E+03    0.35019E+00    0.80136E+02    0.47870E+02
   0.12041E+03    0.35149E+00    0.80045E+02    0.50825E+02
   0.12042E+03    0.34761E+00    0.80260E+02    0.47493E+02
   0.12042E+03    0.34976E+00    0.80262E+02    0.49587E+02
   0.12040E+03    0.34069E+00    0.80448E+02    0.51027E+02
   0.12042E+03    0.34095E+00    0.80193E+02    0.48540E+02
   0.12042E+03    0.35774E+00    0.80140E+02    0.49977E+02
   0.12039E+03    0.35906E+00    0.80168E+02    0.48988E+02
   0.12041E+03    0.34511E+00    0.80078E+02    0.49846E+02
   0.12038E+03    0.33783E+00    0.79965E+02    0.49509E+02
   0.12041E+03    0.34611E+00    0.79925E+02    0.49748E+02
   0.12039E+03    0.34457E+00    0.80135E+02    0.50474E+02
   0.12038E+03    0.34500E+00    0.80352E+02    0.48964E+02
   0.12040E+03    0.34474E+00    0.80228E+02    0.48680E+02
   0.12040E+03    0.31959E+00    0.79956E+02    0.51531E+02
   0.12039E+03    0.32137E+00    0.79974E+02    0.49047E+02
   0.12041E+03    0.32534E+00    0.79992E+02    0.50033E+02
   0.12042E+03    0.32662E+00    0.79910E+02    0.49826E+02
   0.12038E+03    0.34425E+00    0.79818E+02    0.49995E+02
   0.12040E+03    0.34533E+00    0.79776E+02    0.49285E+02
   0.12038E+03    0.32399E+00    0.79825E+02    0.49839E+02
   0.12040E+03    0.32456E+00    0.79889E+02    0.49577E+02
   0.12040E+03    0.32356E+00    0.80089E+02    0.49948E+02
   0.12037E+03    0.32438E+00    0.80029E+02    0.48730E+02
   0.12041E+03    0.33020E+00    0.79956E+02    0.49284E+02
   0.12039E+03    0.32450E+00    0.80031E+02    0.51529E+02
   0.12040E+03    0.32235E+00    0.80015E+02    0.49293E+02
   0.12039E+03    0.32377E+00    0.80039E+02    0.50824E+02
   0.12038E+03    0.32438E+00    0.79830E+02    0.50139E+02
   0.12039E+03    0.32293E+00    0.79836E+02    0.50857E+02
   0.12040E+03    0.32224E+00    0.79902E+02    0.50366E+02
   0.12041E+03    0.32020E+00    0.79876E+02    0.49381E+02
   0.12038E+03    0.32130E+00    0.79818E+02    0.50934E+02
   0.12042E+03    0.32465E+00    0.79948E+02    0.51118E+02
   0.12039E+03    0.32910E+00    0.79981E+02    0.48455E+02
   0.12041E+03    0.32848E+00    0.79867E+02    0.50044E+02
   0.12042E+03    0.34560E+00    0.80068E+02    0.50992E+02
   0.12042E+03    0.34644E+00    0.80163E+02    0.50815E+02
   0.12038E+03    0.32307E+00    0.79968E+02    0.50317E+02
   0.12038E+03    0.32236E+00    0.79754E+02    0.49258E+02
   0.12041E+03    0.34937E+00    0.79974E+02    0.50063E+02
   0.12039E+03    0.34401E+00    0.80179E+02    0.48949E+02
   0.12043E+03    0.31539E+00    0.80329E+02    0.50025E+02
   0.12039E+03    0.31498E+00    0.80150E+02    0.48426E+02
   0.12042E+03    0.34475E+00    0.80026E+02    0.49937E+02
   0.12036E+03    0.34662E+00    0.79875E+02    0.48060E+02
   0.12036E+03    0.32673E+00    0.79766E+02    0.52215E+02
   0.12042E+03    0.32739E+00    0.80051E+02    0.49583E+02
   0.12038E+03    0.31813E+00    0.80397E+02    0.50373E+02
   0.12041E+03    0.31599E+00    0.80526E+02    0.48811E+02
   0.12041E+03    0.33174E+00    0.80355E+02    0.49321E+02
   0.12042E+03    0.32977E+00    0.80015E+02    0.48937E+02
   0.12041E+03    0.35340E+00    0.80209E+02    0.51383E+02
   0.12039E+03    0.35151E+00    0.80056E+02    0.52061E+02
   0.12042E+03    0.33106E+00    0.80009E+02    0.49084E+02
   0.12044E+03    0.32871E+00    0.80239E+02    0.50028E+02
   0.12041E+03    0.33630E+00    0.80180E+02    0.49714E+02
   0.12038E+03    0.33793E+00    0.79899E+02    0.49065E+02
   0.12038E+03    0.32317E+00    0.80017E+02    0.47397E+02
   0.12041E+03    0.32156E+00    0.80108E+02    0.50471E+02
   0.12038E+03    0.33413E+00    0.80254E+02    0.50047E+02
   0.12042E+03    0.33212E+00    0.80263E+02    0.50150E+02
   0.12040E+03    0.34551E+00    0.80136E+02    0.49927E+02
   0.12040E+03    0.34277E+00    0.79717E+02    0.50121E+02
   0.12036E+03    0.32859E+00    0.79953E+02    0.48600E+02
   0.12040E+03    0.32619E+00    0.80006E+02    0.49835E+02
   0.12041E+03    0.32974E+00    0.80129E+02    0.50609E+02
   0.12038E+03    0.33229E+00    0.80002E+02    0.50934E+02
   0.12041E+03    0.33757E+00    0.80317E+02    0.48759E+02
   0.12039E+03    0.33702E+00    0.80303E+02    0.48954E+02
   0.12041E+03    0.32519E+00    0.80307E+02    0.51062E+02
   0.12039E+03    0.32494E+00    0.80176E+02    0.49369E+02
   0.12040E+03    0.31675E+00    0.79773E+02    0.50921E+02
   0.12039E+03    0.31709E+00    0.79657E+02    0.49827E+02
   0.12038E+03    0.32322E+00    0.79803E+02    0.51372E+02
   0.12042E+03    0.32295E+00    0.79915E+02    0.50228E+02
   0.12039E+03    0.31724E+00    0.80212E+02    0.47389E+02
   0.12042E+03    0.31704E+00    0.80297E+02    0.50811E+02
   0.12040E+03    0.31852E+00    0.80252E+02    0.51289E+02
   0.12043E+03    0.31981E+00    0.80048E+02    0.49738E+02
   0.12037E+03    0.33419E+00    0.79676E+02    0.50848E+02
   0.12039E+03    0.33463E+00    0.79743E+02    0.51103E+02
   0.12041E+03    0.32742E+00    0.79967E+02    0.48036E+02
   0.12039E+03    0.32929E+00    0.80197E+02    0.51801E+02
   0.12039E+03    0.33223E+00    0.80261E+02    0.49259E+02
   0.12040E+03    0.33232E+00    0.80198E+02    0.50484E+02
   0.12041E+03    0.33180E+00    0.79875E+02    0.49725E+02
   0.12039E+03    0.33545E+00    0.79801E+02    0.51503E+02
   0.12043E+03    0.31651E+00    0.80144E+02    0.51207E+02
   0.12039E+03    0.32132E+00    0.80185E+02    0.50280E+02
   0.12039E+03    0.33043E+00    0.80082E+02    0.49203E+02
   0.12038E+03    0.33216E+00    0.80174E+02    0.49413E+02
   0.12041E+03    0.35072E+00    0.80158E+02    0.49987E+02
   0.12037E+03    0.34766E+00    0.80219E+02    0.50753E+02
   0.12041E+03    0.33275E+00    0.80132E+02    0.50304E+02
   0.12038E+03    0.33455E+00    0.79891E+02    0.50364E+02
   0.12042E+03    0.36143E+00    0.80295E+02    0.50832E+02
   0.12041E+03    0.36212E+00    0.80296E+02    0.50319E+02
   0.12039E+03    0.35000E+00    0.80219E+02    0.51201E+02
   0.12043E+03    0.34983E+00    0.80351E+02    0.49438E+02
   0.12042E+03    0.33326E+00    0.80313E+02    0.49978E+02
   0.12040E+03    0.33209E+00    0.80273E+02    0.50704E+02
   0.12043E+03    0.34248E+00    0.80142E+02    0.51636E+02
   0.12040E+03    0.34037E+00    0.80167E+02    0.51013E+02
   0.12041E+03    0.34552E+00    0.80299E+02    0.50192E+02
   0.12040E+03    0.34670E+00    0.80127E+02    0.49264E+02
   0.12040E+03    0.34442E+00    0.80049E+02    0.50631E+02
   0.12042E+03    0.34591E+00    0.79858E+02    0.50961E+02
   0.12043E+03    0.34791E+00    0.79896E+02    0.48993E+02
   0.12039E+03    0.34402E+00    0.80040E+02    0.51176E+02
   0.12039E+03    0.35114E+00    0.80124E+02    0.51407E+02
   0.12039E+03    0.34892E+00    0.80219E+02    0.51524E+02
   0.12040E+03    0.35342E+00    0.80209E+02    0.48971E+02
   0.12039E+03    0.35677E+00    0.80084E+02    0.50133E+02
   0.12038E+03    0.33744E+00    0.79873E+02    0.49067E+02
   0.12040E+03    0.33782E+00    0.79969E+02    0.49528E+02
   0.12040E+03    0.33318E+00    0.80058E+02    0.49234E+02
   0.12040E+03    0.33764E+00    0.79953E+02    0.48034E+02
   0.12042E+03    0.33733E+00    0.80134E+02    0.49646E+02
   0.12038E+03    0.33808E+00    0.80241E+02    0.49286E+02
   0.12042E+03    0.36297E+00    0.80335E+02    0.50042E+02
   0.12040E+03    0.36106E+00    0.80222E+02    0.50211E+02
   0.12038E+03    0.35947E+00    0.80165E+02    0.49579E+02
   0.12038E+03    0.35995E+00    0.80057E+02    0.48564E+02
   0.12038E+03    0.34366E+00    0.80049E+02    0.50618E+02
   0.12041E+03    0.34051E+00    0.80319E+02    0.50052E+02
   0.12040E+03    0.33734E+00    0.80486E+02    0.50369E+02
   0.12045E+03    0.33669E+00    0.80542E+02    0.51498E+02
   0.12037E+03    0.34410E+00    0.80309E+02    0.50599E+02
   0.12039E+03    0.34686E+00    0.80053E+02    0.50537E+02
   0.12037E+03    0.33859E+00    0.79900E+02    0.49077E+02
   0.12038E+03    0.34135E+00    0.79907E+02    0.50386E+02
   0.12042E+03    0.32206E+00    0.79832E+02    0.50583E+02
   0.12040E+03    0.32181E+00    0.79948E+02    0.48855E+02
   0.12042E+03    0.33051E+00    0.80225E+02    0.49329E+02
   0.12042E+03    0.32918E+00    0.80082E+02    0.48738E+02
   0.12039E+03    0.33447E+00    0.80097E+02    0.50181E+02
   0.12042E+03    0.33193E+00    0.79901E+02    0.52139E+02
   0.12041E+03    0.32416E+00    0.80138E+02    0.50192E+02
   0.12040E+03    0.32196E+00    0.80092E+02    0.50112E+02
   0.12041E+03    0.33868E+00    0.79838E+02    0.49108E+02
   0.12040E+03    0.34046E+00    0.79750E+02    0.49648E+02
   0.12042E+03    0.35039E+00    0.79924E+02    0.50782E+02
   0.12040E+03    0.34416E+00    0.79960E+02    0.50170E+02
   0.12039E+03    0.34632E+00    0.80038E+02    0.50474E+02
   0.12041E+03    0.34378E+00    0.79931E+02    0.50055E+02
   0.12038E+03    0.32469E+00    0.79942E+02    0.49947E+02
   0.12041E+03    0.32417E+00    0.80142E+02    0.48288E+02
   0.12040E+03    0.30980E+00    0.80174E+02    0.48798E+02
   0.12039E+03    0.31436E+00    0.80190E+02    0.49996E+02
   0.12038E+03    0.32620E+00    0.79957E+02    0.49616E+02
   0.12041E+03    0.32479E+00    0.79702E+02    0.51050E+02
   0.12040E+03    0.34480E+00    0.79927E+02    0.50212E+02
   0.12039E+03    0.34443E+00    0.79838E+02    0.49671E+02
   0.12040E+03    0.33034E+00    0.79722E+02    0.50790E+02
   0.12038E+03    0.33267E+00    0.79598E+02    0.49007E+02
   0.12041E+03    0.32244E+00    0.79802E+02    0.49000E+02
   0.12044E+03    0.32035E+00    0.80257E+02    0.48188E+02
   0.12041E+03    0.30833E+00    0.80061E+02    0.49211E+02
   0.12042E+03    0.31156E+00    0.80092E+02    0.49233E+02
   0.12041E+03    0.34132E+00    0.79784E+02    0.49432E+02
   0.12036E+03    0.34125E+00    0.79625E+02    0.48921E+02
   0.12040E+03    0.30550E+00    0.79714E+02    0.48528E+02
   0.12038E+03    0.30590E+00    0.79756E+02    0.49958E+02
   0.12040E+03    0.34493E+00    0.79809E+02    0.50675E+02
   0.12040E+03    0.34217E+00    0.79853E+02    0.49842E+02
   0.12040E+03    0.32120E+00    0.80114E+02    0.51275E+02
   0.12042E+03    0.31757E+00    0.80142E+02    0.51430E+02
   0.12042E+03    0.32586E+00    0.79954E+02    0.48596E+02
   0.12040E+03    0.32757E+00    0.79977E+02    0.49611E+02
   0.12037E+03    0.33574E+00    0.79804E+02    0.49275E+02
   0.12041E+03    0.33583E+00    0.79944E+02    0.50253E+02
   0.12043E+03    0.33758E+00    0.80187E+02    0.48441E+02
   0.12042E+03    0.34086E+00    0.80173E+02    0.50517E+02
   0.12043E+03    0.35201E+00    0.80101E+02    0.50021E+02
   0.12040E+03    0.34921E+00    0.80209E+02    0.49465E+02
   0.12040E+03    0.33795E+00    0.80106E+02    0.50633E+02
   0.12039E+03    0.33579E+00    0.80169E+02    0.51184E+02
   0.12037E+03    0.33507E+00    0.80371E+02    0.49423E+02
   0.12039E+03    0.34224E+00    0.80368E+02    0.49388E+02
   0.12041E+03    0.33103E+00    0.80322E+02    0.49828E+02
   0.12039E+03    0.32651E+00    0.80320E+02    0.49876E+02
   0.12041E+03    0.32259E+00    0.80304E+02    0.50816E+02
   0.12041E+03    0.31770E+00    0.80131E+02    0.51116E+02
   0.12038E+03    0.32693E+00    0.80061E+02    0.51028E+02
   0.12043E+03    0.32618E+00    0.80282E+02    0.48970E+02
   0.12038E+03    0.34297E+00    0.80385E+02    0.49087E+02
   0.12041E+03    0.33968E+00    0.80188E+02    0.50649E+02
   0.12038E+03    0.35759E+00    0.80089E+02    0.51256E+02
   0.12042E+03    0.35586E+00    0.80265E+02    0.51923E+02
   0.12040E+03    0.35321E+00    0.80447E+02    0.48725E+02
   0.12040E+03    0.35375E+00    0.80705E+02    0.48558E+02
   0.12040E+03    0.35360E+00    0.80433E+02    0.50225E+02
   0.12040E+03    0.34804E+00    0.80245E+02    0.51843E+02
   0.12044E+03    0.30426E+00    0.80309E+02    0.50140E+02
   0.12041E+03    0.30231E+00    0.80270E+02    0.50047E+02
   0.12041E+03    0.33801E+00    0.80668E+02    0.50023E+02
   0.12045E+03    0.33745E+00    0.80786E+02    0.51563E+02
   0.12040E+03    0.33128E+00    0.80566E+02    0.51052E+02
   0.12038E+03    0.33159E+00    0.80476E+02    0.50627E+02
   0.12038E+03    0.32252E+00    0.80380E+02    0.50897E+02
   0.12038E+03    0.32977E+00    0.80201E+02    0.50776E+02
   0.12038E+03    0.34640E+00    0.80113E+02    0.50062E+02
   0.12042E+03    0.34334E+00    0.80361E+02    0.47952E+02
   0.12038E+03    0.35797E+00    0.80521E+02    0.50682E+02
   0.12038E+03    0.35543E+00    0.80301E+02    0.47800E+02
   0.12038E+03    0.35823E+00    0.80163E+02    0.51003E+02
   0.12040E+03    0.36254E+00    0.80288E+02    0.51829E+02
   0.12044E+03    0.30984E+00    0.80235E+02    0.48506E+02
   0.12040E+03    0.30800E+00    0.80278E+02    0.49990E+02
   0.12041E+03    0.34157E+00    0.80171E+02    0.49673E+02
   0.12042E+03    0.34794E+00    0.80129E+02    0.49492E+02
   0.12040E+03    0.33027E+00    0.80140E+02    0.51169E+02
   0.12039E+03    0.32651E+00    0.80233E+02    0.50905E+02
   0.12041E+03    0.34406E+00    0.80331E+02    0.52445E+02
   0.12040E+03    0.34570E+00    0.80377E+02    0.52013E+02
   0.12038E+03    0.34592E+00    0.80335E+02    0.50671E+02
   0.12037E+03    0.34659E+00    0.80118E+02    0.47991E+02
   0.12043E+03    0.35935E+00    0.79981E+02    0.50320E+02
   0.12041E+03    0.35666E+00    0.80190E+02    0.51488E+02
   0.12042E+03    0.32727E+00    0.80316E+02    0.50579E+02
   0.12041E+03    0.33194E+00    0.80117E+02    0.51057E+02
   0.12039E+03    0.34667E+00    0.80087E+02    0.48445E+02
   0.12039E+03    0.34681E+00    0.80154E+02    0.47351E+02
   0.12039E+03    0.32229E+00    0.80240E+02    0.49163E+02
   0.12042E+03    0.32247E+00    0.80159E+02    0.51024E+02
   0.12041E+03    0.33307E+00    0.80026E+02    0.49580E+02
   0.12038E+03    0.33137E+00    0.80064E+02    0.48540E+02
   0.12041E+03    0.34155E+00    0.80212E+02    0.49626E+02
   0.12041E+03    0.34110E+00    0.80144E+02    0.50681E+02
   0.12042E+03    0.33838E+00    0.80029E+02    0.49718E+02
   0.12042E+03    0.33742E+00    0.80244E+02    0.49905E+02
   0.12038E+03    0.34443E+00    0.80188E+02    0.50102E+02
   0.12039E+03    0.34450E+00    0.79897E+02    0.48741E+02
   0.12040E+03    0.32591E+00    0.79942E+02    0.49204E+02
   0.12041E+03    0.32802E+00    0.80089E+02    0.50996E+02
   0.12040E+03    0.34778E+00    0.80064E+02    0.49575E+02
   0.12041E+03    0.34606E+00    0.80023E+02    0.49674E+02
   0.12040E+03    0.33959E+00    0.79965E+02    0.49578E+02
   0.12042E+03    0.33993E+00    0.79860E+02    0.50345E+02
   0.12042E+03    0.33064E+00    0.79770E+02    0.51168E+02
   0.12039E+03    0.32710E+00    0.79861E+02    0.50315E+02
   0.12042E+03    0.33446E+00    0.79817E+02    0.48590E+02
   0.12042E+03    0.33533E+00    0.79981E+02    0.48879E+02
   0.12042E+03    0.32668E+00    0.80023E+02    0.49288E+02
   0.12039E+03    0.32665E+00    0.80001E+02    0.48442E+02
   0.12040E+03    0.34092E+00    0.79808E+02    0.49873E+02
   0.12040E+03    0.33867E+00    0.79815E+02    0.48557E+02
   0.12036E+03    0.32701E+00    0.79703E+02    0.49943E+02
   0.12038E+03    0.33026E+00    0.79531E+02    0.49106E+02
   0.12041E+03    0.33187E+00    0.79659E+02    0.51294E+02
   0.12040E+03    0.33074E+00    0.80177E+02    0.48721E+02
   0.12042E+03    0.34046E+00    0.80618E+02    0.50745E+02
   0.12041E+03    0.34323E+00    0.80346E+02    0.49045E+02
   0.12038E+03    0.31535E+00    0.79814E+02    0.48365E+02
   0.12040E+03    0.31831E+00    0.79542E+02    0.49636E+02
   0.12037E+03    0.33804E+00    0.79586E+02    0.49623E+02
   0.12039E+03    0.33978E+00    0.79872E+02    0.51615E+02
   0.12041E+03    0.32693E+00    0.80013E+02    0.50150E+02
   0.12039E+03    0.32562E+00    0.80051E+02    0.48416E+02
   0.12041E+03    0.33799E+00    0.80157E+02    0.50428E+02
   0.12040E+03    0.34050E+00    0.80261E+02    0.49862E+02
   0.12042E+03    0.33081E+00    0.80188E+02    0.50160E+02
   0.12040E+03    0.32853E+00    0.80096E+02    0.50242E+02
   0.12038E+03    0.36947E+00    0.79857E+02    0.49053E+02
   0.12040E+03    0.36724E+00    0.80042E+02    0.50508E+02
   0.12045E+03    0.31533E+00    0.80143E+02    0.51272E+02
   0.12040E+03    0.31510E+00    0.80253E+02    0.50892E+02
   0.12042E+03    0.33045E+00    0.80269E+02    0.49990E+02
   0.12038E+03    0.33120E+00    0.80136E+02    0.49914E+02
   0.12042E+03    0.35239E+00    0.80037E+02    0.50903E+02
   0.12040E+03    0.35186E+00    0.80267E+02    0.49781E+02
   0.12043E+03    0.36447E+00    0.80350E+02    0.51239E+02
   0.12041E+03    0.36680E+00    0.80362E+02    0.50218E+02
   0.12039E+03    0.33905E+00    0.80453E+02    0.51456E+02
   0.12038E+03    0.34043E+00    0.80342E+02    0.51029E+02
   0.12037E+03    0.33995E+00    0.80411E+02    0.48704E+02
   0.12040E+03    0.34082E+00    0.80140E+02    0.50854E+02
   0.12037E+03    0.32250E+00    0.80078E+02    0.51671E+02
   0.12035E+03    0.32423E+00    0.79958E+02    0.50102E+02
   0.12043E+03    0.33425E+00    0.80183E+02    0.48976E+02
   0.12038E+03    0.32776E+00    0.80372E+02    0.51663E+02
   0.12046E+03    0.33341E+00    0.80681E+02    0.51251E+02
   0.12041E+03    0.33341E+00    0.80580E+02    0.48453E+02
   0.12039E+03    0.33904E+00    0.80200E+02    0.48614E+02
   0.12043E+03    0.34188E+00    0.80318E+02    0.50422E+02
   0.12039E+03    0.37064E+00    0.80118E+02    0.50363E+02
   0.12040E+03    0.36789E+00    0.79933E+02    0.49744E+02
   0.12041E+03    0.34942E+00    0.79981E+02    0.49827E+02
   0.12042E+03    0.34815E+00    0.80060E+02    0.49781E+02
   0.12044E+03    0.33225E+00    0.80326E+02    0.51904E+02
   0.12040E+03    0.33255E+00    0.80434E+02    0.48028E+02
   0.12043E+03    0.32983E+00    0.80419E+02    0.50809E+02
   0.12039E+03    0.33033E+00    0.80121E+02    0.49780E+02
   0.12038E+03    0.33227E+00    0.79936E+02    0.50365E+02
   0.12038E+03    0.33669E+00    0.79940E+02    0.51499E+02
   0.12039E+03    0.33500E+00    0.80127E+02    0.50435E+02
   0.12043E+03    0.33240E+00    0.80058E+02    0.51339E+02
   0.12040E+03    0.33898E+00    0.80105E+02    0.50289E+02
   0.12041E+03    0.34077E+00    0.80176E+02    0.50112E+02
   0.12038E+03    0.31948E+00    0.80171E+02    0.49859E+02
   0.12040E+03    0.32179E+00    0.80150E+02    0.49603E+02
   0.12038E+03    0.33076E+00    0.79678E+02    0.50131E+02
   0.12040E+03    0.33440E+00    0.79679E+02    0.48813E+02
   0.12040E+03    0.33504E+00    0.79981E+02    0.50334E+02
   0.12041E+03    0.33603E+00    0.80095E+02    0.49399E+02
   0.12042E+03    0.33919E+00    0.80155E+02    0.51594E+02
   0.12039E+03    0.33944E+00    0.79813E+02    0.49810E+02
   0.12040E+03    0.32209E+00    0.79577E+02    0.51053E+02
   0.12037E+03    0.32398E+00    0.79467E+02    0.50665E+02
   0.12042E+03    0.33518E+00    0.79740E+02    0.50549E+02
   0.12040E+03    0.33286E+00    0.79892E+02    0.49666E+02
   0.12042E+03    0.33694E+00    0.79808E+02    0.50536E+02
   0.12040E+03    0.33468E+00    0.79790E+02    0.51367E+02
   0.12039E+03    0.34346E+00    0.79604E+02    0.48812E+02
   0.12038E+03    0.34049E+00    0.79518E+02    0.51314E+02
   0.12038E+03    0.36479E+00    0.79519E+02    0.48241E+02
   0.12040E+03    0.36754E+00    0.79756E+02    0.49779E+02
   0.12038E+03    0.33032E+00    0.79906E+02    0.49938E+02
   0.12037E+03    0.33085E+00    0.79855E+02    0.50229E+02
   0.12043E+03    0.34592E+00    0.79718E+02    0.47537E+02
   0.12039E+03    0.34563E+00    0.79673E+02    0.49965E+02
   0.12040E+03    0.32689E+00    0.79674E+02    0.49387E+02
   0.12044E+03    0.32478E+00    0.79784E+02    0.48336E+02
   0.12042E+03    0.31164E+00    0.79845E+02    0.50176E+02
   0.12042E+03    0.31562E+00    0.79698E+02    0.51850E+02
   0.12042E+03    0.32476E+00    0.79574E+02    0.49922E+02
   0.12043E+03    0.32096E+00    0.79543E+02    0.50909E+02
   0.12039E+03    0.33739E+00    0.79560E+02    0.47982E+02
   0.12039E+03    0.33418E+00    0.79689E+02    0.49997E+02
   0.12037E+03    0.32461E+00    0.79561E+02    0.51235E+02
   0.12036E+03    0.32551E+00    0.79637E+02    0.50129E+02
   0.12042E+03    0.33034E+00    0.79910E+02    0.49852E+02
   0.12037E+03    0.33592E+00    0.79854E+02    0.49089E+02
   0.12040E+03    0.33410E+00    0.79756E+02    0.49588E+02
   0.12041E+03    0.33100E+00    0.79617E+02    0.50340E+02
   0.12038E+03    0.32988E+00    0.79588E+02    0.51798E+02
   0.12041E+03    0.33063E+00    0.79562E+02    0.49306E+02
   0.12040E+03    0.34916E+00    0.79603E+02    0.50854E+02
   0.12042E+03    0.35283E+00    0.79902E+02    0.49964E+02
   0.12041E+03    0.33182E+00    0.80248E+02    0.49516E+02
   0.12041E+03    0.33938E+00    0.80280E+02    0.49281E+02
   0.12040E+03    0.31886E+00    0.79752E+02    0.51060E+02
   0.12039E+03    0.31737E+00    0.79809E+02    0.48705E+02
   0.12038E+03    0.32178E+00    0.79840E+02    0.50166E+02
   0.12039E+03    0.32459E+00    0.79916E+02    0.49196E+02
   0.12039E+03    0.32555E+00    0.80071E+02    0.48638E+02
   0.12040E+03    0.32292E+00    0.80239E+02    0.50763E+02
   0.12039E+03    0.33429E+00    0.80239E+02    0.49855E+02
   0.12038E+03    0.33541E+00    0.79902E+02    0.51365E+02
   0.12039E+03    0.34583E+00    0.80000E+02    0.49908E+02
   0.12038E+03    0.34843E+00    0.80065E+02    0.49437E+02
   0.12038E+03    0.33929E+00    0.80137E+02    0.50126E+02
   0.12042E+03    0.34196E+00    0.80177E+02    0.51196E+02
   0.12040E+03    0.34511E+00    0.80477E+02    0.49571E+02
   0.12044E+03    0.34694E+00    0.80559E+02    0.50540E+02
   0.12036E+03    0.31889E+00    0.80337E+02    0.50569E+02
   0.12039E+03    0.32113E+00    0.80389E+02    0.49612E+02
   0.12039E+03    0.34169E+00    0.80163E+02    0.49943E+02
   0.12037E+03    0.34640E+00    0.80175E+02    0.51926E+02
   0.12041E+03    0.35182E+00    0.80143E+02    0.50465E+02
   0.12038E+03    0.34913E+00    0.80430E+02    0.49344E+02
   0.12041E+03    0.32456E+00    0.80556E+02    0.49820E+02
   0.12041E+03    0.32345E+00    0.80457E+02    0.49762E+02
   0.12040E+03    0.35192E+00    0.80340E+02    0.50749E+02
   0.12043E+03    0.35088E+00    0.80220E+02    0.50459E+02
   0.12041E+03    0.32812E+00    0.80385E+02    0.49216E+02
   0.12039E+03    0.32746E+00    0.80381E+02    0.50488E+02
   0.12042E+03    0.34882E+00    0.80413E+02    0.50872E+02
   0.12038E+03    0.34694E+00    0.80382E+02    0.50764E+02
   0.12043E+03    0.32214E+00    0.80446E+02    0.49106E+02
   0.12040E+03    0.32279E+00    0.80464E+02    0.50387E+02
   0.12043E+03    0.33867E+00    0.80465E+02    0.49819E+02
   0.12039E+03    0.33612E+00    0.80518E+02    0.50473E+02
   0.12038E+03    0.35935E+00    0.80550E+02    0.49339E+02
   0.12039E+03    0.36120E+00    0.80394E+02    0.50365E+02
   0.12039E+03    0.34598E+00    0.80069E+02    0.50714E+02
   0.12037E+03    0.34563E+00    0.79884E+02    0.51156E+02
   0.12041E+03    0.36185E+00    0.80001E+02    0.49433E+02
   0.12043E+03    0.36473E+00    0.80188E+02    0.50156E+02
   0.12040E+03    0.35964E+00    0.80505E+02    0.49670E+02
   0.12042E+03    0.36032E+00    0.80384E+02    0.50262E+02
   0.12041E+03    0.35750E+00    0.80240E+02    0.50239E+02
   0.12041E+03    0.35772E+00    0.80166E+02    0.50669E+02
   0.12041E+03    0.34538E+00    0.80128E+02    0.51968E+02
   0.12040E+03    0.34173E+00    0.80175E+02    0.49177E+02
   0.12041E+03    0.36255E+00    0.80133E+02    0.50675E+02
   0.12038E+03    0.35731E+00    0.80039E+02    0.50244E+02
   0.12041E+03    0.35221E+00    0.80086E+02    0.49841E+02
   0.12038E+03    0.34955E+00    0.79971E+02    0.50080E+02
   0.12039E+03    0.35455E+00    0.79887E+02    0.49798E+02
   0.12040E+03    0.34830E+00    0.80019E+02    0.50745E+02
   0.12040E+03    0.34880E+00    0.80020E+02    0.49541E+02
   0.12041E+03    0.34439E+00    0.79957E+02    0.49846E+02
   0.12042E+03    0.34547E+00    0.80046E+02    0.50691E+02
   0.12041E+03    0.34405E+00    0.79983E+02    0.49324E+02
   0.12038E+03    0.34433E+00    0.79922E+02    0.48177E+02
   0.12039E+03    0.34419E+00    0.79836E+02    0.50820E+02
   0.12039E+03    0.33532E+00    0.79691E+02    0.49530E+02
   0.12042E+03    0.33612E+00    0.79710E+02    0.47127E+02
   0.12044E+03    0.33032E+00    0.80011E+02    0.49089E+02
   0.12040E+03    0.32728E+00    0.79842E+02    0.51355E+02
   0.12038E+03    0.36261E+00    0.79803E+02    0.49895E+02
   0.12038E+03    0.36274E+00    0.79981E+02    0.49632E+02
   0.12041E+03    0.34306E+00    0.80012E+02    0.50189E+02
   0.12038E+03    0.33882E+00    0.79756E+02    0.50710E+02
   0.12037E+03    0.33443E+00    0.79680E+02    0.50221E+02
   0.12036E+03    0.33320E+00    0.79727E+02    0.50914E+02
   0.12037E+03    0.35026E+00    0.79647E+02    0.50200E+02
   0.12041E+03    0.34858E+00    0.80178E+02    0.49837E+02
   0.12040E+03    0.34880E+00    0.80251E+02    0.49423E+02
   0.12039E+03    0.34958E+00    0.79872E+02    0.48090E+02
   0.12040E+03    0.33604E+00    0.79709E+02    0.51008E+02
   0.12042E+03    0.33554E+00    0.79956E+02    0.48744E+02
   0.12040E+03    0.31737E+00    0.79952E+02    0.50708E+02
   0.12041E+03    0.31791E+00    0.80008E+02    0.50551E+02
   0.12038E+03    0.31897E+00    0.79860E+02    0.49019E+02
   0.12038E+03    0.32015E+00    0.79904E+02    0.51213E+02
   0.12041E+03    0.33863E+00    0.79866E+02    0.51405E+02
   0.12039E+03    0.33976E+00    0.79891E+02    0.50449E+02
   0.12039E+03    0.35278E+00    0.79844E+02    0.49567E+02
   0.12043E+03    0.35412E+00    0.79899E+02    0.49813E+02
   0.12036E+03    0.35040E+00    0.79732E+02    0.49988E+02
   0.12038E+03    0.35172E+00    0.80026E+02    0.51250E+02
   0.12038E+03    0.32269E+00    0.80365E+02    0.49906E+02
   0.12041E+03    0.32284E+00    0.80308E+02    0.50394E+02
   0.12039E+03    0.34835E+00    0.80033E+02    0.49436E+02
   0.12040E+03    0.35514E+00    0.80160E+02    0.50640E+02
   0.12040E+03    0.34490E+00    0.80280E+02    0.50220E+02
   0.12041E+03    0.34373E+00    0.80019E+02    0.50855E+02
   0.12036E+03    0.32314E+00    0.79841E+02    0.48940E+02
   0.12041E+03    0.32759E+00    0.80046E+02    0.50749E+02
   0.12040E+03    0.33103E+00    0.80150E+02    0.51285E+02
   0.12041E+03    0.33169E+00    0.80166E+02    0.48404E+02
   0.12042E+03    0.31613E+00    0.80242E+02    0.49851E+02
   0.12040E+03    0.31849E+00    0.80211E+02    0.49107E+02
   0.12040E+03    0.35544E+00    0.79859E+02    0.50163E+02
   0.12038E+03    0.35782E+00    0.79947E+02    0.50674E+02
   0.12041E+03    0.33076E+00    0.80334E+02    0.49223E+02
   0.12040E+03    0.33112E+00    0.80491E+02    0.49350E+02
   0.12041E+03    0.33219E+00    0.80329E+02    0.50964E+02
   0.12040E+03    0.33541E+00    0.80208E+02    0.48897E+02
   0.12039E+03    0.33007E+00    0.79867E+02    0.48610E+02
   0.12041E+03    0.32693E+00    0.79776E+02    0.50384E+02
   0.12042E+03    0.32676E+00    0.80064E+02    0.51175E+02
   0.12042E+03    0.32767E+00    0.80127E+02    0.48455E+02
   0.12040E+03    0.34320E+00    0.80058E+02    0.49453E+02
   0.12040E+03    0.34569E+00    0.80287E+02    0.50565E+02
   0.12037E+03    0.34948E+00    0.80236E+02    0.50761E+02
   0.12040E+03    0.35198E+00    0.80141E+02    0.50054E+02
   0.12040E+03    0.33705E+00    0.80187E+02    0.49381E+02
   0.12039E+03    0.33811E+00    0.80275E+02    0.49677E+02
   0.12041E+03    0.33103E+00    0.80180E+02    0.51529E+02
   0.12038E+03    0.33189E+00    0.80388E+02    0.49912E+02
   0.12040E+03    0.33405E+00    0.80267E+02    0.49464E+02
   0.12043E+03    0.33374E+00    0.80054E+02    0.51967E+02
   0.12042E+03    0.33735E+00    0.80215E+02    0.49869E+02
   0.12042E+03    0.33673E+00    0.80126E+02    0.49034E+02
   0.12039E+03    0.34561E+00    0.80068E+02    0.50923E+02
   0.12040E+03    0.34375E+00    0.80108E+02    0.49577E+02
   0.12041E+03    0.32387E+00    0.80096E+02    0.50566E+02
   0.12038E+03    0.32614E+00    0.80181E+02    0.49457E+02
   0.12040E+03    0.34879E+00    0.80022E+02    0.49089E+02
   0.12037E+03    0.35169E+00    0.79915E+02    0.50239E+02
