   0.18579E+02    0.22633E+01    0.48436E+01    0.22986E+01
   0.18579E+02    0.22633E+01    0.48436E+01    0.22986E+01
   0.18447E+02    0.22169E+01    0.47280E+01    0.23309E+01
   0.18447E+02    0.22169E+01    0.47280E+01    0.23309E+01
   0.18670E+02    0.22552E+01    0.47316E+01    0.23109E+01
   0.18670E+02    0.22552E+01    0.47316E+01    0.23109E+01
   0.18658E+02    0.22811E+01    0.48548E+01    0.22881E+01
   0.18658E+02    0.22811E+01    0.48548E+01    0.22881E+01
   0.18380E+02    0.22563E+01    0.48959E+01    0.24171E+01
   0.18380E+02    0.22563E+01    0.48959E+01    0.24171E+01
   0.18524E+02    0.22449E+01    0.48443E+01    0.23044E+01
   0.18524E+02    0.22449E+01    0.48443E+01    0.23044E+01
   0.18489E+02    0.22545E+01    0.48006E+01    0.21671E+01
   0.18489E+02    0.22545E+01    0.48006E+01    0.21671E+01
   0.18634E+02    0.22522E+01    0.48683E+01    0.21912E+01
   0.18634E+02    0.22522E+01    0.48683E+01    0.21912E+01
   0.18690E+02    0.22705E+01    0.48461E+01    0.22699E+01
   0.18690E+02    0.22705E+01    0.48461E+01    0.22699E+01
   0.18850E+02    0.22170E+01    0.47959E+01    0.22928E+01
   0.18850E+02    0.22170E+01    0.47959E+01    0.22928E+01
   0.18546E+02    0.22346E+01    0.48602E+01    0.22533E+01
   0.18546E+02    0.22346E+01    0.48602E+01    0.22533E+01
   0.18409E+02    0.22675E+01    0.47965E+01    0.23482E+01
   0.18409E+02    0.22675E+01    0.47965E+01    0.23482E+01
   0.18261E+02    0.22979E+01    0.48707E+01    0.22755E+01
   0.18261E+02    0.22979E+01    0.48707E+01    0.22755E+01
   0.18951E+02    0.22958E+01    0.48254E+01    0.22750E+01
   0.18951E+02    0.22958E+01    0.48254E+01    0.22750E+01
   0.18025E+02    0.22849E+01    0.47603E+01    0.22768E+01
   0.18025E+02    0.22849E+01    0.47603E+01    0.22768E+01
   0.18282E+02    0.22662E+01    0.47447E+01    0.23158E+01
   0.18282E+02    0.22662E+01    0.47447E+01    0.23158E+01
   0.18093E+02    0.22660E+01    0.47899E+01    0.21880E+01
   0.18093E+02    0.22660E+01    0.47899E+01    0.21880E+01
   0.18147E+02    0.22606E+01    0.47569E+01    0.23735E+01
   0.18147E+02    0.22606E+01    0.47569E+01    0.23735E+01
   0.18351E+02    0.22867E+01    0.47930E+01    0.22472E+01
   0.18351E+02    0.22867E+01    0.47930E+01    0.22472E+01
   0.18210E+02    0.22377E+01    0.48014E+01    0.22757E+01
   0.18210E+02    0.22377E+01    0.48014E+01    0.22757E+01
   0.18196E+02    0.22857E+01    0.47554E+01    0.23055E+01
   0.18196E+02    0.22857E+01    0.47554E+01    0.23055E+01
   0.18968E+02    0.22302E+01    0.48524E+01    0.23203E+01
   0.18968E+02    0.22302E+01    0.48524E+01    0.23203E+01
   0.18473E+02    0.22140E+01    0.47917E+01    0.23733E+01
   0.18473E+02    0.22140E+01    0.47917E+01    0.23733E+01
   0.18058E+02    0.22671E+01    0.47748E+01    0.22900E+01
   0.18058E+02    0.22671E+01    0.47748E+01    0.22900E+01
   0.18452E+02    0.22515E+01    0.47813E+01    0.23168E+01
   0.18452E+02    0.22515E+01    0.47813E+01    0.23168E+01
   0.18406E+02    0.22652E+01    0.48407E+01    0.22775E+01
   0.18406E+02    0.22652E+01    0.48407E+01    0.22775E+01
   0.19164E+02    0.22410E+01    0.46964E+01    0.22281E+01
   0.19164E+02    0.22410E+01    0.46964E+01    0.22281E+01
   0.18204E+02    0.22641E+01    0.48748E+01    0.23847E+01
   0.18204E+02    0.22641E+01    0.48748E+01    0.23847E+01
   0.18805E+02    0.22513E+01    0.47552E+01    0.22473E+01
   0.18805E+02    0.22513E+01    0.47552E+01    0.22473E+01
   0.18908E+02    0.22342E+01    0.47593E+01    0.23709E+01
   0.18908E+02    0.22342E+01    0.47593E+01    0.23709E+01
   0.18643E+02    0.22827E+01    0.48556E+01    0.22866E+01
   0.18643E+02    0.22827E+01    0.48556E+01    0.22866E+01
   0.18966E+02    0.22441E+01    0.47937E+01    0.24062E+01
   0.18966E+02    0.22441E+01    0.47937E+01    0.24062E+01
   0.18472E+02    0.22225E+01    0.48300E+01    0.23140E+01
   0.18472E+02    0.22225E+01    0.48300E+01    0.23140E+01
   0.18939E+02    0.23245E+01    0.48667E+01    0.22939E+01
   0.18939E+02    0.23245E+01    0.48667E+01    0.22939E+01
   0.18873E+02    0.23018E+01    0.49278E+01    0.23052E+01
   0.18873E+02    0.23018E+01    0.49278E+01    0.23052E+01
   0.18590E+02    0.22973E+01    0.48482E+01    0.23064E+01
   0.18590E+02    0.22973E+01    0.48482E+01    0.23064E+01
   0.18940E+02    0.22736E+01    0.48273E+01    0.22610E+01
   0.18940E+02    0.22736E+01    0.48273E+01    0.22610E+01
   0.18859E+02    0.22688E+01    0.48804E+01    0.23259E+01
   0.18859E+02    0.22688E+01    0.48804E+01    0.23259E+01
   0.18403E+02    0.22672E+01    0.48490E+01    0.22443E+01
   0.18403E+02    0.22672E+01    0.48490E+01    0.22443E+01
   0.18767E+02    0.22961E+01    0.49372E+01    0.23784E+01
   0.18767E+02    0.22961E+01    0.49372E+01    0.23784E+01
   0.18865E+02    0.23058E+01    0.48803E+01    0.23216E+01
   0.18865E+02    0.23058E+01    0.48803E+01    0.23216E+01
   0.18853E+02    0.23084E+01    0.48226E+01    0.23551E+01
   0.18853E+02    0.23084E+01    0.48226E+01    0.23551E+01
   0.18664E+02    0.22961E+01    0.49056E+01    0.23290E+01
   0.18664E+02    0.22961E+01    0.49056E+01    0.23290E+01
   0.18535E+02    0.22831E+01    0.48886E+01    0.22863E+01
   0.18535E+02    0.22831E+01    0.48886E+01    0.22863E+01
   0.18371E+02    0.22899E+01    0.48909E+01    0.24066E+01
   0.18371E+02    0.22899E+01    0.48909E+01    0.24066E+01
   0.18661E+02    0.23049E+01    0.48486E+01    0.22905E+01
   0.18661E+02    0.23049E+01    0.48486E+01    0.22905E+01
   0.18635E+02    0.22741E+01    0.49122E+01    0.23737E+01
   0.18635E+02    0.22741E+01    0.49122E+01    0.23737E+01
   0.18516E+02    0.22318E+01    0.49047E+01    0.22885E+01
   0.18516E+02    0.22318E+01    0.49047E+01    0.22885E+01
   0.18667E+02    0.22606E+01    0.48378E+01    0.22872E+01
   0.18667E+02    0.22606E+01    0.48378E+01    0.22872E+01
   0.18154E+02    0.22509E+01    0.48663E+01    0.23070E+01
   0.18154E+02    0.22509E+01    0.48663E+01    0.23070E+01
   0.18752E+02    0.22258E+01    0.48734E+01    0.24015E+01
   0.18752E+02    0.22258E+01    0.48734E+01    0.24015E+01
   0.18723E+02    0.22819E+01    0.48356E+01    0.23641E+01
   0.18723E+02    0.22819E+01    0.48356E+01    0.23641E+01
   0.18355E+02    0.22383E+01    0.48998E+01    0.22498E+01
   0.18355E+02    0.22383E+01    0.48998E+01    0.22498E+01
   0.18921E+02    0.22963E+01    0.49296E+01    0.22977E+01
   0.18921E+02    0.22963E+01    0.49296E+01    0.22977E+01
   0.19136E+02    0.23039E+01    0.49512E+01    0.23607E+01
   0.19136E+02    0.23039E+01    0.49512E+01    0.23607E+01
   0.18651E+02    0.22401E+01    0.49486E+01    0.22931E+01
   0.18651E+02    0.22401E+01    0.49486E+01    0.22931E+01
   0.18529E+02    0.22977E+01    0.49572E+01    0.23254E+01
   0.18529E+02    0.22977E+01    0.49572E+01    0.23254E+01
   0.18562E+02    0.22556E+01    0.48970E+01    0.23822E+01
   0.18562E+02    0.22556E+01    0.48970E+01    0.23822E+01
   0.18655E+02    0.22591E+01    0.49673E+01    0.23312E+01
   0.18655E+02    0.22591E+01    0.49673E+01    0.23312E+01
   0.18607E+02    0.22928E+01    0.49178E+01    0.23358E+01
   0.18607E+02    0.22928E+01    0.49178E+01    0.23358E+01
   0.18561E+02    0.22688E+01    0.48631E+01    0.22974E+01
   0.18561E+02    0.22688E+01    0.48631E+01    0.22974E+01
   0.18693E+02    0.22707E+01    0.48969E+01    0.23874E+01
   0.18693E+02    0.22707E+01    0.48969E+01    0.23874E+01
   0.19212E+02    0.22703E+01    0.50174E+01    0.23639E+01
   0.19212E+02    0.22703E+01    0.50174E+01    0.23639E+01
   0.18372E+02    0.22973E+01    0.50122E+01    0.23242E+01
   0.18372E+02    0.22973E+01    0.50122E+01    0.23242E+01
   0.18679E+02    0.22898E+01    0.49709E+01    0.23664E+01
   0.18679E+02    0.22898E+01    0.49709E+01    0.23664E+01
   0.19344E+02    0.22878E+01    0.49645E+01    0.22432E+01
   0.19344E+02    0.22878E+01    0.49645E+01    0.22432E+01
   0.18640E+02    0.22988E+01    0.49274E+01    0.22935E+01
   0.18640E+02    0.22988E+01    0.49274E+01    0.22935E+01
   0.18953E+02    0.22565E+01    0.49656E+01    0.22917E+01
   0.18953E+02    0.22565E+01    0.49656E+01    0.22917E+01
   0.18668E+02    0.22978E+01    0.50231E+01    0.24713E+01
   0.18668E+02    0.22978E+01    0.50231E+01    0.24713E+01
   0.18777E+02    0.23334E+01    0.49957E+01    0.23455E+01
   0.18777E+02    0.23334E+01    0.49957E+01    0.23455E+01
   0.19132E+02    0.22520E+01    0.49916E+01    0.23892E+01
   0.19132E+02    0.22520E+01    0.49916E+01    0.23892E+01
   0.18474E+02    0.22852E+01    0.50377E+01    0.23966E+01
   0.18474E+02    0.22852E+01    0.50377E+01    0.23966E+01
   0.18578E+02    0.23013E+01    0.49427E+01    0.24160E+01
   0.18578E+02    0.23013E+01    0.49427E+01    0.24160E+01
   0.18835E+02    0.22939E+01    0.48936E+01    0.23226E+01
   0.18835E+02    0.22939E+01    0.48936E+01    0.23226E+01
   0.18847E+02    0.22827E+01    0.49304E+01    0.23959E+01
   0.18847E+02    0.22827E+01    0.49304E+01    0.23959E+01
   0.18771E+02    0.22459E+01    0.49297E+01    0.23012E+01
   0.18771E+02    0.22459E+01    0.49297E+01    0.23012E+01
   0.18600E+02    0.22761E+01    0.50208E+01    0.23488E+01
   0.18600E+02    0.22761E+01    0.50208E+01    0.23488E+01
   0.18734E+02    0.22909E+01    0.49605E+01    0.23886E+01
   0.18734E+02    0.22909E+01    0.49605E+01    0.23886E+01
   0.18634E+02    0.22729E+01    0.48149E+01    0.22932E+01
   0.18634E+02    0.22729E+01    0.48149E+01    0.22932E+01
   0.18328E+02    0.23084E+01    0.48175E+01    0.23002E+01
   0.18328E+02    0.23084E+01    0.48175E+01    0.23002E+01
   0.18252E+02    0.22823E+01    0.48752E+01    0.22381E+01
   0.18252E+02    0.22823E+01    0.48752E+01    0.22381E+01
   0.18394E+02    0.22874E+01    0.48524E+01    0.23212E+01
   0.18394E+02    0.22874E+01    0.48524E+01    0.23212E+01
   0.18406E+02    0.22926E+01    0.47691E+01    0.23242E+01
   0.18406E+02    0.22926E+01    0.47691E+01    0.23242E+01
   0.18267E+02    0.22699E+01    0.48208E+01    0.23347E+01
   0.18267E+02    0.22699E+01    0.48208E+01    0.23347E+01
   0.17799E+02    0.22674E+01    0.48878E+01    0.22636E+01
   0.17799E+02    0.22674E+01    0.48878E+01    0.22636E+01
   0.18159E+02    0.22278E+01    0.47941E+01    0.22439E+01
   0.18159E+02    0.22278E+01    0.47941E+01    0.22439E+01
   0.18008E+02    0.22243E+01    0.48122E+01    0.22760E+01
   0.18008E+02    0.22243E+01    0.48122E+01    0.22760E+01
   0.18119E+02    0.22478E+01    0.47909E+01    0.22445E+01
   0.18119E+02    0.22478E+01    0.47909E+01    0.22445E+01
   0.18424E+02    0.22623E+01    0.47573E+01    0.21444E+01
   0.18424E+02    0.22623E+01    0.47573E+01    0.21444E+01
   0.18309E+02    0.22664E+01    0.47869E+01    0.22043E+01
   0.18309E+02    0.22664E+01    0.47869E+01    0.22043E+01
   0.18240E+02    0.22464E+01    0.48096E+01    0.22261E+01
   0.18240E+02    0.22464E+01    0.48096E+01    0.22261E+01
   0.18124E+02    0.22523E+01    0.47320E+01    0.22531E+01
   0.18124E+02    0.22523E+01    0.47320E+01    0.22531E+01
   0.18472E+02    0.22756E+01    0.47416E+01    0.22933E+01
   0.18472E+02    0.22756E+01    0.47416E+01    0.22933E+01
   0.18663E+02    0.22398E+01    0.47512E+01    0.22395E+01
   0.18663E+02    0.22398E+01    0.47512E+01    0.22395E+01
   0.18296E+02    0.22082E+01    0.47620E+01    0.22783E+01
   0.18296E+02    0.22082E+01    0.47620E+01    0.22783E+01
   0.18124E+02    0.22619E+01    0.47929E+01    0.22405E+01
   0.18124E+02    0.22619E+01    0.47929E+01    0.22405E+01
   0.18833E+02    0.22929E+01    0.48334E+01    0.22387E+01
   0.18833E+02    0.22929E+01    0.48334E+01    0.22387E+01
   0.18308E+02    0.22233E+01    0.48576E+01    0.22250E+01
   0.18308E+02    0.22233E+01    0.48576E+01    0.22250E+01
   0.18803E+02    0.22285E+01    0.48168E+01    0.22956E+01
   0.18803E+02    0.22285E+01    0.48168E+01    0.22956E+01
   0.18399E+02    0.22719E+01    0.48614E+01    0.22596E+01
   0.18399E+02    0.22719E+01    0.48614E+01    0.22596E+01
   0.19352E+02    0.22709E+01    0.48571E+01    0.22583E+01
   0.19352E+02    0.22709E+01    0.48571E+01    0.22583E+01
   0.18861E+02    0.22329E+01    0.48282E+01    0.22408E+01
   0.18861E+02    0.22329E+01    0.48282E+01    0.22408E+01
   0.19042E+02    0.22607E+01    0.49301E+01    0.23409E+01
   0.19042E+02    0.22607E+01    0.49301E+01    0.23409E+01
   0.19367E+02    0.22477E+01    0.49234E+01    0.22738E+01
   0.19367E+02    0.22477E+01    0.49234E+01    0.22738E+01
   0.18858E+02    0.22381E+01    0.49411E+01    0.22861E+01
   0.18858E+02    0.22381E+01    0.49411E+01    0.22861E+01
   0.19048E+02    0.22294E+01    0.48139E+01    0.22998E+01
   0.19048E+02    0.22294E+01    0.48139E+01    0.22998E+01
   0.18911E+02    0.22809E+01    0.48560E+01    0.23141E+01
   0.18911E+02    0.22809E+01    0.48560E+01    0.23141E+01
   0.18967E+02    0.22651E+01    0.48917E+01    0.22938E+01
   0.18967E+02    0.22651E+01    0.48917E+01    0.22938E+01
   0.18729E+02    0.22816E+01    0.49549E+01    0.22352E+01
   0.18729E+02    0.22816E+01    0.49549E+01    0.22352E+01
   0.18841E+02    0.22693E+01    0.49149E+01    0.22503E+01
   0.18841E+02    0.22693E+01    0.49149E+01    0.22503E+01
   0.19156E+02    0.22598E+01    0.49374E+01    0.22676E+01
   0.19156E+02    0.22598E+01    0.49374E+01    0.22676E+01
   0.18735E+02    0.22911E+01    0.49205E+01    0.22994E+01
   0.18735E+02    0.22911E+01    0.49205E+01    0.22994E+01
   0.19191E+02    0.22735E+01    0.49806E+01    0.22540E+01
   0.19191E+02    0.22735E+01    0.49806E+01    0.22540E+01
   0.18673E+02    0.22531E+01    0.49662E+01    0.24576E+01
   0.18673E+02    0.22531E+01    0.49662E+01    0.24576E+01
   0.18823E+02    0.22478E+01    0.48863E+01    0.23129E+01
   0.18823E+02    0.22478E+01    0.48863E+01    0.23129E+01
   0.18941E+02    0.22602E+01    0.49231E+01    0.23062E+01
   0.18941E+02    0.22602E+01    0.49231E+01    0.23062E+01
   0.18403E+02    0.23071E+01    0.49150E+01    0.24342E+01
   0.18403E+02    0.23071E+01    0.49150E+01    0.24342E+01
   0.18655E+02    0.22625E+01    0.49740E+01    0.23215E+01
   0.18655E+02    0.22625E+01    0.49740E+01    0.23215E+01
   0.18886E+02    0.22676E+01    0.49368E+01    0.22311E+01
   0.18886E+02    0.22676E+01    0.49368E+01    0.22311E+01
   0.18487E+02    0.22836E+01    0.48504E+01    0.24112E+01
   0.18487E+02    0.22836E+01    0.48504E+01    0.24112E+01
   0.19080E+02    0.22569E+01    0.49388E+01    0.22621E+01
   0.19080E+02    0.22569E+01    0.49388E+01    0.22621E+01
   0.18766E+02    0.22408E+01    0.50029E+01    0.23343E+01
   0.18766E+02    0.22408E+01    0.50029E+01    0.23343E+01
   0.18952E+02    0.22947E+01    0.48923E+01    0.23670E+01
   0.18952E+02    0.22947E+01    0.48923E+01    0.23670E+01
   0.18138E+02    0.22637E+01    0.48712E+01    0.23047E+01
   0.18138E+02    0.22637E+01    0.48712E+01    0.23047E+01
   0.19072E+02    0.22382E+01    0.49046E+01    0.22740E+01
   0.19072E+02    0.22382E+01    0.49046E+01    0.22740E+01
   0.18344E+02    0.22846E+01    0.48257E+01    0.22694E+01
   0.18344E+02    0.22846E+01    0.48257E+01    0.22694E+01
   0.18582E+02    0.22913E+01    0.49108E+01    0.23421E+01
   0.18582E+02    0.22913E+01    0.49108E+01    0.23421E+01
   0.18690E+02    0.23043E+01    0.49070E+01    0.23459E+01
   0.18690E+02    0.23043E+01    0.49070E+01    0.23459E+01
   0.18653E+02    0.22731E+01    0.48411E+01    0.22984E+01
   0.18653E+02    0.22731E+01    0.48411E+01    0.22984E+01
   0.18740E+02    0.22684E+01    0.49152E+01    0.23665E+01
   0.18740E+02    0.22684E+01    0.49152E+01    0.23665E+01
   0.18555E+02    0.22582E+01    0.49154E+01    0.22380E+01
   0.18555E+02    0.22582E+01    0.49154E+01    0.22380E+01
   0.18397E+02    0.22484E+01    0.48779E+01    0.22751E+01
   0.18397E+02    0.22484E+01    0.48779E+01    0.22751E+01
   0.18450E+02    0.22786E+01    0.49178E+01    0.23578E+01
   0.18450E+02    0.22786E+01    0.49178E+01    0.23578E+01
   0.18393E+02    0.22647E+01    0.48957E+01    0.23084E+01
   0.18393E+02    0.22647E+01    0.48957E+01    0.23084E+01
   0.18160E+02    0.22640E+01    0.48708E+01    0.22960E+01
   0.18160E+02    0.22640E+01    0.48708E+01    0.22960E+01
   0.17816E+02    0.22422E+01    0.47981E+01    0.22416E+01
   0.17816E+02    0.22422E+01    0.47981E+01    0.22416E+01
   0.18549E+02    0.22302E+01    0.49615E+01    0.23062E+01
   0.18549E+02    0.22302E+01    0.49615E+01    0.23062E+01
   0.18220E+02    0.22230E+01    0.48514E+01    0.22608E+01
   0.18220E+02    0.22230E+01    0.48514E+01    0.22608E+01
   0.18404E+02    0.22426E+01    0.48912E+01    0.23274E+01
   0.18404E+02    0.22426E+01    0.48912E+01    0.23274E+01
   0.18101E+02    0.22443E+01    0.49478E+01    0.22963E+01
   0.18101E+02    0.22443E+01    0.49478E+01    0.22963E+01
   0.18166E+02    0.22489E+01    0.48892E+01    0.23438E+01
   0.18166E+02    0.22489E+01    0.48892E+01    0.23438E+01
   0.18272E+02    0.22518E+01    0.47982E+01    0.24178E+01
   0.18272E+02    0.22518E+01    0.47982E+01    0.24178E+01
   0.18933E+02    0.22477E+01    0.50095E+01    0.23021E+01
   0.18933E+02    0.22477E+01    0.50095E+01    0.23021E+01
   0.18596E+02    0.22431E+01    0.48353E+01    0.24476E+01
   0.18596E+02    0.22431E+01    0.48353E+01    0.24476E+01
   0.18435E+02    0.22339E+01    0.49642E+01    0.22729E+01
   0.18435E+02    0.22339E+01    0.49642E+01    0.22729E+01
   0.18650E+02    0.22918E+01    0.49352E+01    0.22708E+01
   0.18650E+02    0.22918E+01    0.49352E+01    0.22708E+01
   0.18663E+02    0.22634E+01    0.49228E+01    0.22537E+01
   0.18663E+02    0.22634E+01    0.49228E+01    0.22537E+01
   0.18573E+02    0.22402E+01    0.47674E+01    0.21636E+01
   0.18573E+02    0.22402E+01    0.47674E+01    0.21636E+01
   0.18772E+02    0.22789E+01    0.49503E+01    0.22681E+01
   0.18772E+02    0.22789E+01    0.49503E+01    0.22681E+01
   0.18227E+02    0.22331E+01    0.49226E+01    0.23228E+01
   0.18227E+02    0.22331E+01    0.49226E+01    0.23228E+01
   0.18455E+02    0.22814E+01    0.48499E+01    0.23205E+01
   0.18455E+02    0.22814E+01    0.48499E+01    0.23205E+01
   0.18706E+02    0.23246E+01    0.48617E+01    0.22710E+01
   0.18706E+02    0.23246E+01    0.48617E+01    0.22710E+01
   0.18691E+02    0.22519E+01    0.49387E+01    0.23371E+01
   0.18691E+02    0.22519E+01    0.49387E+01    0.23371E+01
   0.18465E+02    0.22673E+01    0.48444E+01    0.21762E+01
   0.18465E+02    0.22673E+01    0.48444E+01    0.21762E+01
   0.18566E+02    0.22533E+01    0.49132E+01    0.23263E+01
   0.18566E+02    0.22533E+01    0.49132E+01    0.23263E+01
   0.18931E+02    0.22959E+01    0.48676E+01    0.22959E+01
   0.18931E+02    0.22959E+01    0.48676E+01    0.22959E+01
   0.18742E+02    0.22710E+01    0.49321E+01    0.24076E+01
   0.18742E+02    0.22710E+01    0.49321E+01    0.24076E+01
   0.18597E+02    0.22943E+01    0.49286E+01    0.22679E+01
   0.18597E+02    0.22943E+01    0.49286E+01    0.22679E+01
   0.18458E+02    0.22491E+01    0.47709E+01    0.23309E+01
   0.18458E+02    0.22491E+01    0.47709E+01    0.23309E+01
   0.18496E+02    0.22439E+01    0.49133E+01    0.23021E+01
   0.18496E+02    0.22439E+01    0.49133E+01    0.23021E+01
   0.18789E+02    0.22380E+01    0.48810E+01    0.23010E+01
   0.18789E+02    0.22380E+01    0.48810E+01    0.23010E+01
   0.18576E+02    0.22534E+01    0.49270E+01    0.23026E+01
   0.18576E+02    0.22534E+01    0.49270E+01    0.23026E+01
   0.18634E+02    0.22820E+01    0.48543E+01    0.22866E+01
   0.18634E+02    0.22820E+01    0.48543E+01    0.22866E+01
   0.18656E+02    0.22839E+01    0.47560E+01    0.23462E+01
   0.18656E+02    0.22839E+01    0.47560E+01    0.23462E+01
   0.18529E+02    0.22421E+01    0.48230E+01    0.22302E+01
   0.18529E+02    0.22421E+01    0.48230E+01    0.22302E+01
   0.18786E+02    0.22243E+01    0.48799E+01    0.22698E+01
   0.18786E+02    0.22243E+01    0.48799E+01    0.22698E+01
   0.18194E+02    0.22627E+01    0.48926E+01    0.23095E+01
   0.18194E+02    0.22627E+01    0.48926E+01    0.23095E+01
   0.18642E+02    0.22859E+01    0.48364E+01    0.23365E+01
   0.18642E+02    0.22859E+01    0.48364E+01    0.23365E+01
   0.18424E+02    0.22847E+01    0.47950E+01    0.23383E+01
   0.18424E+02    0.22847E+01    0.47950E+01    0.23383E+01
   0.18274E+02    0.22838E+01    0.48246E+01    0.23588E+01
   0.18274E+02    0.22838E+01    0.48246E+01    0.23588E+01
   0.17700E+02    0.23121E+01    0.47927E+01    0.23794E+01
   0.17700E+02    0.23121E+01    0.47927E+01    0.23794E+01
   0.18387E+02    0.22738E+01    0.48060E+01    0.22946E+01
   0.18387E+02    0.22738E+01    0.48060E+01    0.22946E+01
   0.17736E+02    0.22614E+01    0.48715E+01    0.22853E+01
   0.17736E+02    0.22614E+01    0.48715E+01    0.22853E+01
   0.17866E+02    0.22341E+01    0.49119E+01    0.23304E+01
   0.17866E+02    0.22341E+01    0.49119E+01    0.23304E+01
   0.18159E+02    0.22509E+01    0.47567E+01    0.22486E+01
   0.18159E+02    0.22509E+01    0.47567E+01    0.22486E+01
   0.18010E+02    0.23061E+01    0.47756E+01    0.23510E+01
   0.18010E+02    0.23061E+01    0.47756E+01    0.23510E+01
   0.17949E+02    0.22185E+01    0.47609E+01    0.22322E+01
   0.17949E+02    0.22185E+01    0.47609E+01    0.22322E+01
   0.18270E+02    0.22488E+01    0.47276E+01    0.22667E+01
   0.18270E+02    0.22488E+01    0.47276E+01    0.22667E+01
   0.18116E+02    0.21895E+01    0.47086E+01    0.22398E+01
   0.18116E+02    0.21895E+01    0.47086E+01    0.22398E+01
   0.18161E+02    0.21810E+01    0.47143E+01    0.23393E+01
   0.18161E+02    0.21810E+01    0.47143E+01    0.23393E+01
   0.18326E+02    0.22716E+01    0.47344E+01    0.22308E+01
   0.18326E+02    0.22716E+01    0.47344E+01    0.22308E+01
   0.18079E+02    0.22592E+01    0.48096E+01    0.23581E+01
   0.18079E+02    0.22592E+01    0.48096E+01    0.23581E+01
   0.18138E+02    0.22498E+01    0.47155E+01    0.22037E+01
   0.18138E+02    0.22498E+01    0.47155E+01    0.22037E+01
   0.18364E+02    0.22250E+01    0.48760E+01    0.23078E+01
   0.18364E+02    0.22250E+01    0.48760E+01    0.23078E+01
   0.17569E+02    0.22448E+01    0.47592E+01    0.22293E+01
   0.17569E+02    0.22448E+01    0.47592E+01    0.22293E+01
   0.18340E+02    0.22196E+01    0.46817E+01    0.22656E+01
   0.18340E+02    0.22196E+01    0.46817E+01    0.22656E+01
   0.18505E+02    0.22273E+01    0.48497E+01    0.23411E+01
   0.18505E+02    0.22273E+01    0.48497E+01    0.23411E+01
   0.18331E+02    0.22356E+01    0.47803E+01    0.22044E+01
   0.18331E+02    0.22356E+01    0.47803E+01    0.22044E+01
   0.18169E+02    0.22821E+01    0.46943E+01    0.22774E+01
   0.18169E+02    0.22821E+01    0.46943E+01    0.22774E+01
   0.18329E+02    0.22118E+01    0.48252E+01    0.22984E+01
   0.18329E+02    0.22118E+01    0.48252E+01    0.22984E+01
   0.18505E+02    0.21760E+01    0.47749E+01    0.22966E+01
   0.18505E+02    0.21760E+01    0.47749E+01    0.22966E+01
   0.18785E+02    0.21933E+01    0.47761E+01    0.23398E+01
   0.18785E+02    0.21933E+01    0.47761E+01    0.23398E+01
   0.18650E+02    0.22556E+01    0.48368E+01    0.22671E+01
   0.18650E+02    0.22556E+01    0.48368E+01    0.22671E+01
   0.18521E+02    0.22571E+01    0.48643E+01    0.23463E+01
   0.18521E+02    0.22571E+01    0.48643E+01    0.23463E+01
   0.18580E+02    0.22520E+01    0.47733E+01    0.23208E+01
   0.18580E+02    0.22520E+01    0.47733E+01    0.23208E+01
   0.18736E+02    0.22057E+01    0.48014E+01    0.22537E+01
   0.18736E+02    0.22057E+01    0.48014E+01    0.22537E+01
   0.18572E+02    0.22439E+01    0.47573E+01    0.23019E+01
   0.18572E+02    0.22439E+01    0.47573E+01    0.23019E+01
   0.18718E+02    0.22082E+01    0.48212E+01    0.23373E+01
   0.18718E+02    0.22082E+01    0.48212E+01    0.23373E+01
   0.18811E+02    0.22486E+01    0.48663E+01    0.22547E+01
   0.18811E+02    0.22486E+01    0.48663E+01    0.22547E+01
   0.19173E+02    0.22670E+01    0.48271E+01    0.23443E+01
   0.19173E+02    0.22670E+01    0.48271E+01    0.23443E+01
   0.18542E+02    0.22730E+01    0.47999E+01    0.22013E+01
   0.18542E+02    0.22730E+01    0.47999E+01    0.22013E+01
   0.18690E+02    0.22823E+01    0.49033E+01    0.22778E+01
   0.18690E+02    0.22823E+01    0.49033E+01    0.22778E+01
   0.18705E+02    0.22565E+01    0.48369E+01    0.22925E+01
   0.18705E+02    0.22565E+01    0.48369E+01    0.22925E+01
   0.18533E+02    0.22592E+01    0.48328E+01    0.22706E+01
   0.18533E+02    0.22592E+01    0.48328E+01    0.22706E+01
   0.19109E+02    0.22479E+01    0.47505E+01    0.21987E+01
   0.19109E+02    0.22479E+01    0.47505E+01    0.21987E+01
   0.18641E+02    0.22850E+01    0.48206E+01    0.23849E+01
   0.18641E+02    0.22850E+01    0.48206E+01    0.23849E+01
   0.18696E+02    0.22295E+01    0.48337E+01    0.22097E+01
   0.18696E+02    0.22295E+01    0.48337E+01    0.22097E+01
   0.18762E+02    0.22361E+01    0.47192E+01    0.23089E+01
   0.18762E+02    0.22361E+01    0.47192E+01    0.23089E+01
   0.18768E+02    0.22641E+01    0.48800E+01    0.23949E+01
   0.18768E+02    0.22641E+01    0.48800E+01    0.23949E+01
   0.18542E+02    0.22648E+01    0.48910E+01    0.23553E+01
   0.18542E+02    0.22648E+01    0.48910E+01    0.23553E+01
   0.18782E+02    0.22399E+01    0.48362E+01    0.22778E+01
   0.18782E+02    0.22399E+01    0.48362E+01    0.22778E+01
   0.18388E+02    0.22590E+01    0.48321E+01    0.22497E+01
   0.18388E+02    0.22590E+01    0.48321E+01    0.22497E+01
   0.18607E+02    0.22617E+01    0.47788E+01    0.22057E+01
   0.18607E+02    0.22617E+01    0.47788E+01    0.22057E+01
   0.18399E+02    0.22665E+01    0.48998E+01    0.23116E+01
   0.18399E+02    0.22665E+01    0.48998E+01    0.23116E+01
   0.18154E+02    0.22563E+01    0.47882E+01    0.22254E+01
   0.18154E+02    0.22563E+01    0.47882E+01    0.22254E+01
   0.18380E+02    0.22233E+01    0.48156E+01    0.22881E+01
   0.18380E+02    0.22233E+01    0.48156E+01    0.22881E+01
   0.18817E+02    0.22734E+01    0.48713E+01    0.23145E+01
   0.18817E+02    0.22734E+01    0.48713E+01    0.23145E+01
   0.17839E+02    0.22909E+01    0.47788E+01    0.22787E+01
   0.17839E+02    0.22909E+01    0.47788E+01    0.22787E+01
   0.18426E+02    0.22865E+01    0.48498E+01    0.22874E+01
   0.18426E+02    0.22865E+01    0.48498E+01    0.22874E+01
   0.18135E+02    0.22311E+01    0.48646E+01    0.23473E+01
   0.18135E+02    0.22311E+01    0.48646E+01    0.23473E+01
   0.17949E+02    0.22969E+01    0.47553E+01    0.22985E+01
   0.17949E+02    0.22969E+01    0.47553E+01    0.22985E+01
   0.18160E+02    0.22019E+01    0.47011E+01    0.22670E+01
   0.18160E+02    0.22019E+01    0.47011E+01    0.22670E+01
   0.18559E+02    0.22626E+01    0.47838E+01    0.23023E+01
   0.18559E+02    0.22626E+01    0.47838E+01    0.23023E+01
   0.18379E+02    0.22699E+01    0.48221E+01    0.22653E+01
   0.18379E+02    0.22699E+01    0.48221E+01    0.22653E+01
   0.18459E+02    0.22969E+01    0.48252E+01    0.22771E+01
   0.18459E+02    0.22969E+01    0.48252E+01    0.22771E+01
   0.18572E+02    0.22260E+01    0.48570E+01    0.22142E+01
   0.18572E+02    0.22260E+01    0.48570E+01    0.22142E+01
   0.18570E+02    0.22719E+01    0.49065E+01    0.22745E+01
   0.18570E+02    0.22719E+01    0.49065E+01    0.22745E+01
   0.18736E+02    0.22340E+01    0.48731E+01    0.22647E+01
   0.18736E+02    0.22340E+01    0.48731E+01    0.22647E+01
   0.18587E+02    0.22390E+01    0.48706E+01    0.22008E+01
   0.18587E+02    0.22390E+01    0.48706E+01    0.22008E+01
   0.19087E+02    0.22995E+01    0.49199E+01    0.23107E+01
   0.19087E+02    0.22995E+01    0.49199E+01    0.23107E+01
   0.18972E+02    0.22729E+01    0.49461E+01    0.23747E+01
   0.18972E+02    0.22729E+01    0.49461E+01    0.23747E+01
   0.18525E+02    0.22281E+01    0.48944E+01    0.22730E+01
   0.18525E+02    0.22281E+01    0.48944E+01    0.22730E+01
   0.19261E+02    0.22801E+01    0.48867E+01    0.22891E+01
   0.19261E+02    0.22801E+01    0.48867E+01    0.22891E+01
   0.18947E+02    0.23054E+01    0.48120E+01    0.23378E+01
   0.18947E+02    0.23054E+01    0.48120E+01    0.23378E+01
   0.18936E+02    0.22848E+01    0.49366E+01    0.22505E+01
   0.18936E+02    0.22848E+01    0.49366E+01    0.22505E+01
   0.18921E+02    0.22852E+01    0.49263E+01    0.22932E+01
   0.18921E+02    0.22852E+01    0.49263E+01    0.22932E+01
   0.18802E+02    0.22694E+01    0.48828E+01    0.23219E+01
   0.18802E+02    0.22694E+01    0.48828E+01    0.23219E+01
   0.18742E+02    0.22739E+01    0.49373E+01    0.23346E+01
   0.18742E+02    0.22739E+01    0.49373E+01    0.23346E+01
   0.18985E+02    0.22867E+01    0.49183E+01    0.23579E+01
   0.18985E+02    0.22867E+01    0.49183E+01    0.23579E+01
   0.18885E+02    0.22701E+01    0.49298E+01    0.24567E+01
   0.18885E+02    0.22701E+01    0.49298E+01    0.24567E+01
   0.18676E+02    0.22708E+01    0.49118E+01    0.23243E+01
   0.18676E+02    0.22708E+01    0.49118E+01    0.23243E+01
   0.19099E+02    0.22957E+01    0.49115E+01    0.22934E+01
   0.19099E+02    0.22957E+01    0.49115E+01    0.22934E+01
   0.18787E+02    0.22499E+01    0.48191E+01    0.23874E+01
   0.18787E+02    0.22499E+01    0.48191E+01    0.23874E+01
   0.18622E+02    0.22654E+01    0.49510E+01    0.23592E+01
   0.18622E+02    0.22654E+01    0.49510E+01    0.23592E+01
   0.18312E+02    0.22928E+01    0.49056E+01    0.22458E+01
   0.18312E+02    0.22928E+01    0.49056E+01    0.22458E+01
   0.19102E+02    0.22625E+01    0.49827E+01    0.24077E+01
   0.19102E+02    0.22625E+01    0.49827E+01    0.24077E+01
   0.18954E+02    0.22879E+01    0.49396E+01    0.22871E+01
   0.18954E+02    0.22879E+01    0.49396E+01    0.22871E+01
   0.18526E+02    0.22499E+01    0.49046E+01    0.22612E+01
   0.18526E+02    0.22499E+01    0.49046E+01    0.22612E+01
   0.18122E+02    0.22712E+01    0.49389E+01    0.22444E+01
   0.18122E+02    0.22712E+01    0.49389E+01    0.22444E+01
   0.18610E+02    0.22645E+01    0.49455E+01    0.24100E+01
   0.18610E+02    0.22645E+01    0.49455E+01    0.24100E+01
   0.18321E+02    0.22846E+01    0.47778E+01    0.22857E+01
   0.18321E+02    0.22846E+01    0.47778E+01    0.22857E+01
   0.18138E+02    0.22586E+01    0.49160E+01    0.23258E+01
   0.18138E+02    0.22586E+01    0.49160E+01    0.23258E+01
   0.17970E+02    0.22650E+01    0.47945E+01    0.21953E+01
   0.17970E+02    0.22650E+01    0.47945E+01    0.21953E+01
   0.18497E+02    0.22462E+01    0.48877E+01    0.23465E+01
   0.18497E+02    0.22462E+01    0.48877E+01    0.23465E+01
   0.18061E+02    0.22944E+01    0.47790E+01    0.22432E+01
   0.18061E+02    0.22944E+01    0.47790E+01    0.22432E+01
   0.18288E+02    0.23078E+01    0.48816E+01    0.22757E+01
   0.18288E+02    0.23078E+01    0.48816E+01    0.22757E+01
   0.18360E+02    0.22598E+01    0.49308E+01    0.22338E+01
   0.18360E+02    0.22598E+01    0.49308E+01    0.22338E+01
   0.18186E+02    0.22480E+01    0.48127E+01    0.23525E+01
   0.18186E+02    0.22480E+01    0.48127E+01    0.23525E+01
   0.18116E+02    0.22555E+01    0.48728E+01    0.23560E+01
   0.18116E+02    0.22555E+01    0.48728E+01    0.23560E+01
   0.18044E+02    0.22560E+01    0.47449E+01    0.22695E+01
   0.18044E+02    0.22560E+01    0.47449E+01    0.22695E+01
   0.18634E+02    0.22707E+01    0.48026E+01    0.23932E+01
   0.18634E+02    0.22707E+01    0.48026E+01    0.23932E+01
   0.18094E+02    0.22275E+01    0.48761E+01    0.22940E+01
   0.18094E+02    0.22275E+01    0.48761E+01    0.22940E+01
   0.18339E+02    0.22450E+01    0.48755E+01    0.23267E+01
   0.18339E+02    0.22450E+01    0.48755E+01    0.23267E+01
   0.18485E+02    0.22582E+01    0.47202E+01    0.22212E+01
   0.18485E+02    0.22582E+01    0.47202E+01    0.22212E+01
   0.18773E+02    0.22566E+01    0.48952E+01    0.22709E+01
   0.18773E+02    0.22566E+01    0.48952E+01    0.22709E+01
   0.18063E+02    0.22517E+01    0.47996E+01    0.23391E+01
   0.18063E+02    0.22517E+01    0.47996E+01    0.23391E+01
   0.19027E+02    0.22820E+01    0.48644E+01    0.22708E+01
   0.19027E+02    0.22820E+01    0.48644E+01    0.22708E+01
   0.18434E+02    0.22379E+01    0.48573E+01    0.22772E+01
   0.18434E+02    0.22379E+01    0.48573E+01    0.22772E+01
   0.18411E+02    0.22627E+01    0.48259E+01    0.22561E+01
   0.18411E+02    0.22627E+01    0.48259E+01    0.22561E+01
   0.18202E+02    0.22027E+01    0.48347E+01    0.22851E+01
   0.18202E+02    0.22027E+01    0.48347E+01    0.22851E+01
   0.18161E+02    0.22338E+01    0.48849E+01    0.23763E+01
   0.18161E+02    0.22338E+01    0.48849E+01    0.23763E+01
   0.18944E+02    0.22643E+01    0.48949E+01    0.23377E+01
   0.18944E+02    0.22643E+01    0.48949E+01    0.23377E+01
   0.18924E+02    0.22840E+01    0.48308E+01    0.23842E+01
   0.18924E+02    0.22840E+01    0.48308E+01    0.23842E+01
   0.18932E+02    0.22498E+01    0.48291E+01    0.23184E+01
   0.18932E+02    0.22498E+01    0.48291E+01    0.23184E+01
   0.18676E+02    0.22467E+01    0.49059E+01    0.23021E+01
   0.18676E+02    0.22467E+01    0.49059E+01    0.23021E+01
   0.18771E+02    0.22936E+01    0.48774E+01    0.22647E+01
   0.18771E+02    0.22936E+01    0.48774E+01    0.22647E+01
   0.19039E+02    0.23011E+01    0.48922E+01    0.23267E+01
   0.19039E+02    0.23011E+01    0.48922E+01    0.23267E+01
   0.18923E+02    0.22656E+01    0.48930E+01    0.23745E+01
   0.18923E+02    0.22656E+01    0.48930E+01    0.23745E+01
   0.18342E+02    0.22201E+01    0.48350E+01    0.22243E+01
   0.18342E+02    0.22201E+01    0.48350E+01    0.22243E+01
   0.18725E+02    0.22825E+01    0.47773E+01    0.22756E+01
   0.18725E+02    0.22825E+01    0.47773E+01    0.22756E+01
   0.18755E+02    0.22220E+01    0.48544E+01    0.23083E+01
   0.18755E+02    0.22220E+01    0.48544E+01    0.23083E+01
   0.18505E+02    0.22663E+01    0.48385E+01    0.22370E+01
   0.18505E+02    0.22663E+01    0.48385E+01    0.22370E+01
   0.18573E+02    0.22529E+01    0.47253E+01    0.22404E+01
   0.18573E+02    0.22529E+01    0.47253E+01    0.22404E+01
   0.18617E+02    0.22529E+01    0.48227E+01    0.23301E+01
   0.18617E+02    0.22529E+01    0.48227E+01    0.23301E+01
   0.18798E+02    0.22395E+01    0.48521E+01    0.23070E+01
   0.18798E+02    0.22395E+01    0.48521E+01    0.23070E+01
   0.18297E+02    0.22376E+01    0.48385E+01    0.22871E+01
   0.18297E+02    0.22376E+01    0.48385E+01    0.22871E+01
   0.18779E+02    0.22773E+01    0.47346E+01    0.22695E+01
   0.18779E+02    0.22773E+01    0.47346E+01    0.22695E+01
   0.18412E+02    0.22708E+01    0.47695E+01    0.23731E+01
   0.18412E+02    0.22708E+01    0.47695E+01    0.23731E+01
   0.18731E+02    0.22545E+01    0.47119E+01    0.22478E+01
   0.18731E+02    0.22545E+01    0.47119E+01    0.22478E+01
   0.18072E+02    0.22517E+01    0.48755E+01    0.22840E+01
   0.18072E+02    0.22517E+01    0.48755E+01    0.22840E+01
   0.18800E+02    0.21860E+01    0.48069E+01    0.23916E+01
   0.18800E+02    0.21860E+01    0.48069E+01    0.23916E+01
   0.18607E+02    0.22910E+01    0.48189E+01    0.22996E+01
   0.18607E+02    0.22910E+01    0.48189E+01    0.22996E+01
   0.18755E+02    0.22378E+01    0.48812E+01    0.23601E+01
   0.18755E+02    0.22378E+01    0.48812E+01    0.23601E+01
   0.18737E+02    0.22802E+01    0.48464E+01    0.23091E+01
   0.18737E+02    0.22802E+01    0.48464E+01    0.23091E+01
   0.18810E+02    0.22634E+01    0.48951E+01    0.23472E+01
   0.18810E+02    0.22634E+01    0.48951E+01    0.23472E+01
   0.18984E+02    0.23009E+01    0.48476E+01    0.23464E+01
   0.18984E+02    0.23009E+01    0.48476E+01    0.23464E+01
   0.18991E+02    0.22662E+01    0.49300E+01    0.22820E+01
   0.18991E+02    0.22662E+01    0.49300E+01    0.22820E+01
   0.18954E+02    0.22358E+01    0.48059E+01    0.23292E+01
   0.18954E+02    0.22358E+01    0.48059E+01    0.23292E+01
   0.18448E+02    0.22406E+01    0.49230E+01    0.23297E+01
   0.18448E+02    0.22406E+01    0.49230E+01    0.23297E+01
   0.18954E+02    0.22927E+01    0.49416E+01    0.23336E+01
   0.18954E+02    0.22927E+01    0.49416E+01    0.23336E+01
   0.18865E+02    0.23213E+01    0.48149E+01    0.23767E+01
   0.18865E+02    0.23213E+01    0.48149E+01    0.23767E+01
   0.18943E+02    0.22133E+01    0.48495E+01    0.23202E+01
   0.18943E+02    0.22133E+01    0.48495E+01    0.23202E+01
   0.18351E+02    0.22406E+01    0.47411E+01    0.22589E+01
   0.18351E+02    0.22406E+01    0.47411E+01    0.22589E+01
   0.18371E+02    0.22325E+01    0.47844E+01    0.22873E+01
   0.18371E+02    0.22325E+01    0.47844E+01    0.22873E+01
   0.18749E+02    0.22770E+01    0.48018E+01    0.22980E+01
   0.18749E+02    0.22770E+01    0.48018E+01    0.22980E+01
   0.18682E+02    0.23090E+01    0.48424E+01    0.22484E+01
   0.18682E+02    0.23090E+01    0.48424E+01    0.22484E+01
   0.18427E+02    0.22828E+01    0.48843E+01    0.23380E+01
   0.18427E+02    0.22828E+01    0.48843E+01    0.23380E+01
   0.18481E+02    0.22608E+01    0.48923E+01    0.22532E+01
   0.18481E+02    0.22608E+01    0.48923E+01    0.22532E+01
   0.18364E+02    0.22752E+01    0.48557E+01    0.22323E+01
   0.18364E+02    0.22752E+01    0.48557E+01    0.22323E+01
   0.18691E+02    0.22601E+01    0.49121E+01    0.23413E+01
   0.18691E+02    0.22601E+01    0.49121E+01    0.23413E+01
   0.18818E+02    0.22357E+01    0.48221E+01    0.22554E+01
   0.18818E+02    0.22357E+01    0.48221E+01    0.22554E+01
   0.18384E+02    0.22962E+01    0.48966E+01    0.22879E+01
   0.18384E+02    0.22962E+01    0.48966E+01    0.22879E+01
   0.18247E+02    0.23119E+01    0.48135E+01    0.23328E+01
   0.18247E+02    0.23119E+01    0.48135E+01    0.23328E+01
   0.18305E+02    0.23074E+01    0.48626E+01    0.23170E+01
   0.18305E+02    0.23074E+01    0.48626E+01    0.23170E+01
   0.18616E+02    0.22339E+01    0.48515E+01    0.22017E+01
   0.18616E+02    0.22339E+01    0.48515E+01    0.22017E+01
   0.18213E+02    0.22190E+01    0.48474E+01    0.22032E+01
   0.18213E+02    0.22190E+01    0.48474E+01    0.22032E+01
   0.18297E+02    0.22521E+01    0.47980E+01    0.22378E+01
   0.18297E+02    0.22521E+01    0.47980E+01    0.22378E+01
   0.18465E+02    0.22853E+01    0.48631E+01    0.23210E+01
   0.18465E+02    0.22853E+01    0.48631E+01    0.23210E+01
   0.18456E+02    0.22792E+01    0.48439E+01    0.23439E+01
   0.18456E+02    0.22792E+01    0.48439E+01    0.23439E+01
   0.18318E+02    0.22253E+01    0.48142E+01    0.24144E+01
   0.18318E+02    0.22253E+01    0.48142E+01    0.24144E+01
   0.18545E+02    0.22797E+01    0.47507E+01    0.23093E+01
   0.18545E+02    0.22797E+01    0.47507E+01    0.23093E+01
   0.18248E+02    0.22846E+01    0.47595E+01    0.21996E+01
   0.18248E+02    0.22846E+01    0.47595E+01    0.21996E+01
   0.18653E+02    0.22633E+01    0.48822E+01    0.22856E+01
   0.18653E+02    0.22633E+01    0.48822E+01    0.22856E+01
   0.18513E+02    0.22459E+01    0.48635E+01    0.22825E+01
   0.18513E+02    0.22459E+01    0.48635E+01    0.22825E+01
   0.18413E+02    0.22627E+01    0.48175E+01    0.23056E+01
   0.18413E+02    0.22627E+01    0.48175E+01    0.23056E+01
   0.18477E+02    0.22485E+01    0.47765E+01    0.22085E+01
   0.18477E+02    0.22485E+01    0.47765E+01    0.22085E+01
   0.17761E+02    0.22818E+01    0.47989E+01    0.22726E+01
   0.17761E+02    0.22818E+01    0.47989E+01    0.22726E+01
   0.18623E+02    0.22808E+01    0.47345E+01    0.23174E+01
   0.18623E+02    0.22808E+01    0.47345E+01    0.23174E+01
   0.18519E+02    0.22398E+01    0.49102E+01    0.23156E+01
   0.18519E+02    0.22398E+01    0.49102E+01    0.23156E+01
   0.18391E+02    0.22272E+01    0.48619E+01    0.22524E+01
   0.18391E+02    0.22272E+01    0.48619E+01    0.22524E+01
   0.18221E+02    0.22326E+01    0.47998E+01    0.22789E+01
   0.18221E+02    0.22326E+01    0.47998E+01    0.22789E+01
   0.17911E+02    0.22159E+01    0.47194E+01    0.22820E+01
   0.17911E+02    0.22159E+01    0.47194E+01    0.22820E+01
   0.18897E+02    0.22330E+01    0.47849E+01    0.22842E+01
   0.18897E+02    0.22330E+01    0.47849E+01    0.22842E+01
   0.18581E+02    0.22461E+01    0.47970E+01    0.23265E+01
   0.18581E+02    0.22461E+01    0.47970E+01    0.23265E+01
   0.18436E+02    0.22804E+01    0.48062E+01    0.22649E+01
   0.18436E+02    0.22804E+01    0.48062E+01    0.22649E+01
   0.18573E+02    0.22121E+01    0.48412E+01    0.22630E+01
   0.18573E+02    0.22121E+01    0.48412E+01    0.22630E+01
   0.18378E+02    0.22831E+01    0.47653E+01    0.23864E+01
   0.18378E+02    0.22831E+01    0.47653E+01    0.23864E+01
   0.18801E+02    0.22736E+01    0.49351E+01    0.22409E+01
   0.18801E+02    0.22736E+01    0.49351E+01    0.22409E+01
   0.19053E+02    0.22497E+01    0.48767E+01    0.23024E+01
   0.19053E+02    0.22497E+01    0.48767E+01    0.23024E+01
   0.19184E+02    0.22671E+01    0.48143E+01    0.22798E+01
   0.19184E+02    0.22671E+01    0.48143E+01    0.22798E+01
   0.19211E+02    0.22973E+01    0.49129E+01    0.23836E+01
   0.19211E+02    0.22973E+01    0.49129E+01    0.23836E+01
   0.18859E+02    0.22958E+01    0.48437E+01    0.24020E+01
   0.18859E+02    0.22958E+01    0.48437E+01    0.24020E+01
   0.18918E+02    0.22759E+01    0.49373E+01    0.23508E+01
   0.18918E+02    0.22759E+01    0.49373E+01    0.23508E+01
   0.18458E+02    0.22558E+01    0.47515E+01    0.22949E+01
   0.18458E+02    0.22558E+01    0.47515E+01    0.22949E+01
   0.18958E+02    0.23149E+01    0.48217E+01    0.23645E+01
   0.18958E+02    0.23149E+01    0.48217E+01    0.23645E+01
   0.18871E+02    0.23010E+01    0.49092E+01    0.23649E+01
   0.18871E+02    0.23010E+01    0.49092E+01    0.23649E+01
   0.19012E+02    0.22611E+01    0.48641E+01    0.24032E+01
   0.19012E+02    0.22611E+01    0.48641E+01    0.24032E+01
   0.18779E+02    0.22572E+01    0.49102E+01    0.23185E+01
   0.18779E+02    0.22572E+01    0.49102E+01    0.23185E+01
   0.18858E+02    0.22616E+01    0.49905E+01    0.23157E+01
   0.18858E+02    0.22616E+01    0.49905E+01    0.23157E+01
   0.19133E+02    0.23004E+01    0.49248E+01    0.22203E+01
   0.19133E+02    0.23004E+01    0.49248E+01    0.22203E+01
   0.19093E+02    0.22851E+01    0.48173E+01    0.22569E+01
   0.19093E+02    0.22851E+01    0.48173E+01    0.22569E+01
   0.18268E+02    0.22990E+01    0.49624E+01    0.22601E+01
   0.18268E+02    0.22990E+01    0.49624E+01    0.22601E+01
   0.18873E+02    0.22870E+01    0.48906E+01    0.23312E+01
   0.18873E+02    0.22870E+01    0.48906E+01    0.23312E+01
   0.18662E+02    0.22967E+01    0.49323E+01    0.23240E+01
   0.18662E+02    0.22967E+01    0.49323E+01    0.23240E+01
   0.18248E+02    0.22980E+01    0.48865E+01    0.23065E+01
   0.18248E+02    0.22980E+01    0.48865E+01    0.23065E+01
   0.18820E+02    0.22961E+01    0.48287E+01    0.24606E+01
   0.18820E+02    0.22961E+01    0.48287E+01    0.24606E+01
   0.18704E+02    0.22835E+01    0.48201E+01    0.23304E+01
   0.18704E+02    0.22835E+01    0.48201E+01    0.23304E+01
   0.18843E+02    0.23174E+01    0.48786E+01    0.22653E+01
   0.18843E+02    0.23174E+01    0.48786E+01    0.22653E+01
   0.18323E+02    0.22404E+01    0.48966E+01    0.23398E+01
   0.18323E+02    0.22404E+01    0.48966E+01    0.23398E+01
   0.18783E+02    0.22914E+01    0.48409E+01    0.23073E+01
   0.18783E+02    0.22914E+01    0.48409E+01    0.23073E+01
   0.18563E+02    0.22815E+01    0.48314E+01    0.23239E+01
   0.18563E+02    0.22815E+01    0.48314E+01    0.23239E+01
   0.18498E+02    0.22763E+01    0.48681E+01    0.22912E+01
   0.18498E+02    0.22763E+01    0.48681E+01    0.22912E+01
   0.18428E+02    0.22573E+01    0.48139E+01    0.23537E+01
   0.18428E+02    0.22573E+01    0.48139E+01    0.23537E+01
   0.18422E+02    0.22667E+01    0.47565E+01    0.22256E+01
   0.18422E+02    0.22667E+01    0.47565E+01    0.22256E+01
   0.17916E+02    0.22966E+01    0.48833E+01    0.23541E+01
   0.17916E+02    0.22966E+01    0.48833E+01    0.23541E+01
   0.18238E+02    0.23016E+01    0.48397E+01    0.22989E+01
   0.18238E+02    0.23016E+01    0.48397E+01    0.22989E+01
   0.18428E+02    0.22898E+01    0.48639E+01    0.22341E+01
   0.18428E+02    0.22898E+01    0.48639E+01    0.22341E+01
   0.17859E+02    0.23022E+01    0.48711E+01    0.24060E+01
   0.17859E+02    0.23022E+01    0.48711E+01    0.24060E+01
   0.18498E+02    0.22763E+01    0.46863E+01    0.22381E+01
   0.18498E+02    0.22763E+01    0.46863E+01    0.22381E+01
   0.18290E+02    0.22490E+01    0.47365E+01    0.22880E+01
   0.18290E+02    0.22490E+01    0.47365E+01    0.22880E+01
   0.18809E+02    0.22393E+01    0.47889E+01    0.22417E+01
   0.18809E+02    0.22393E+01    0.47889E+01    0.22417E+01
   0.18246E+02    0.23244E+01    0.47694E+01    0.23443E+01
   0.18246E+02    0.23244E+01    0.47694E+01    0.23443E+01
   0.18430E+02    0.22438E+01    0.48469E+01    0.22785E+01
   0.18430E+02    0.22438E+01    0.48469E+01    0.22785E+01
   0.18304E+02    0.22629E+01    0.47465E+01    0.23003E+01
   0.18304E+02    0.22629E+01    0.47465E+01    0.23003E+01
   0.18375E+02    0.22891E+01    0.48286E+01    0.22932E+01
   0.18375E+02    0.22891E+01    0.48286E+01    0.22932E+01
   0.18229E+02    0.22637E+01    0.47834E+01    0.23011E+01
   0.18229E+02    0.22637E+01    0.47834E+01    0.23011E+01
   0.18784E+02    0.22855E+01    0.48685E+01    0.23340E+01
   0.18784E+02    0.22855E+01    0.48685E+01    0.23340E+01
   0.18924E+02    0.22559E+01    0.47242E+01    0.22122E+01
   0.18924E+02    0.22559E+01    0.47242E+01    0.22122E+01
   0.18430E+02    0.22594E+01    0.47152E+01    0.23547E+01
   0.18430E+02    0.22594E+01    0.47152E+01    0.23547E+01
   0.18689E+02    0.22919E+01    0.48443E+01    0.21912E+01
   0.18689E+02    0.22919E+01    0.48443E+01    0.21912E+01
   0.18711E+02    0.23020E+01    0.48980E+01    0.23672E+01
   0.18711E+02    0.23020E+01    0.48980E+01    0.23672E+01
   0.18874E+02    0.22535E+01    0.47770E+01    0.22923E+01
   0.18874E+02    0.22535E+01    0.47770E+01    0.22923E+01
   0.18853E+02    0.22599E+01    0.48522E+01    0.22866E+01
   0.18853E+02    0.22599E+01    0.48522E+01    0.22866E+01
   0.18810E+02    0.22654E+01    0.48363E+01    0.22469E+01
   0.18810E+02    0.22654E+01    0.48363E+01    0.22469E+01
   0.18761E+02    0.22503E+01    0.48885E+01    0.22548E+01
   0.18761E+02    0.22503E+01    0.48885E+01    0.22548E+01
   0.19000E+02    0.23146E+01    0.48714E+01    0.22623E+01
   0.19000E+02    0.23146E+01    0.48714E+01    0.22623E+01
   0.18481E+02    0.22538E+01    0.49437E+01    0.22665E+01
   0.18481E+02    0.22538E+01    0.49437E+01    0.22665E+01
   0.19177E+02    0.22880E+01    0.48955E+01    0.22742E+01
   0.19177E+02    0.22880E+01    0.48955E+01    0.22742E+01
   0.18896E+02    0.22878E+01    0.48884E+01    0.22692E+01
   0.18896E+02    0.22878E+01    0.48884E+01    0.22692E+01
   0.19336E+02    0.22717E+01    0.49002E+01    0.22792E+01
   0.19336E+02    0.22717E+01    0.49002E+01    0.22792E+01
   0.19063E+02    0.22826E+01    0.48880E+01    0.23789E+01
   0.19063E+02    0.22826E+01    0.48880E+01    0.23789E+01
   0.19032E+02    0.22648E+01    0.49085E+01    0.24173E+01
   0.19032E+02    0.22648E+01    0.49085E+01    0.24173E+01
   0.18734E+02    0.22330E+01    0.48271E+01    0.21976E+01
   0.18734E+02    0.22330E+01    0.48271E+01    0.21976E+01
   0.18519E+02    0.22599E+01    0.48046E+01    0.21940E+01
   0.18519E+02    0.22599E+01    0.48046E+01    0.21940E+01
   0.18602E+02    0.22708E+01    0.48883E+01    0.22964E+01
   0.18602E+02    0.22708E+01    0.48883E+01    0.22964E+01
   0.18351E+02    0.22695E+01    0.47922E+01    0.23286E+01
   0.18351E+02    0.22695E+01    0.47922E+01    0.23286E+01
   0.18526E+02    0.22787E+01    0.48060E+01    0.23389E+01
   0.18526E+02    0.22787E+01    0.48060E+01    0.23389E+01
   0.18673E+02    0.22946E+01    0.47886E+01    0.22865E+01
   0.18673E+02    0.22946E+01    0.47886E+01    0.22865E+01
   0.18459E+02    0.22551E+01    0.47334E+01    0.23393E+01
   0.18459E+02    0.22551E+01    0.47334E+01    0.23393E+01
   0.18600E+02    0.22436E+01    0.49252E+01    0.23069E+01
   0.18600E+02    0.22436E+01    0.49252E+01    0.23069E+01
   0.18922E+02    0.23096E+01    0.48133E+01    0.22185E+01
   0.18922E+02    0.23096E+01    0.48133E+01    0.22185E+01
   0.18595E+02    0.22497E+01    0.48489E+01    0.22235E+01
   0.18595E+02    0.22497E+01    0.48489E+01    0.22235E+01
   0.18414E+02    0.22458E+01    0.47647E+01    0.23221E+01
   0.18414E+02    0.22458E+01    0.47647E+01    0.23221E+01
   0.18180E+02    0.22417E+01    0.46670E+01    0.23007E+01
   0.18180E+02    0.22417E+01    0.46670E+01    0.23007E+01
   0.18297E+02    0.22548E+01    0.48061E+01    0.22863E+01
   0.18297E+02    0.22548E+01    0.48061E+01    0.22863E+01
   0.18393E+02    0.22624E+01    0.47772E+01    0.23109E+01
   0.18393E+02    0.22624E+01    0.47772E+01    0.23109E+01
   0.18067E+02    0.22476E+01    0.47603E+01    0.23314E+01
   0.18067E+02    0.22476E+01    0.47603E+01    0.23314E+01
   0.18058E+02    0.22536E+01    0.47869E+01    0.23429E+01
   0.18058E+02    0.22536E+01    0.47869E+01    0.23429E+01
   0.18190E+02    0.22646E+01    0.47471E+01    0.22981E+01
   0.18190E+02    0.22646E+01    0.47471E+01    0.22981E+01
   0.17954E+02    0.22019E+01    0.47555E+01    0.22376E+01
   0.17954E+02    0.22019E+01    0.47555E+01    0.22376E+01
   0.17920E+02    0.22150E+01    0.46870E+01    0.22546E+01
   0.17920E+02    0.22150E+01    0.46870E+01    0.22546E+01
   0.17741E+02    0.21958E+01    0.47345E+01    0.23212E+01
   0.17741E+02    0.21958E+01    0.47345E+01    0.23212E+01
   0.17688E+02    0.22303E+01    0.47327E+01    0.22432E+01
   0.17688E+02    0.22303E+01    0.47327E+01    0.22432E+01
   0.17475E+02    0.22785E+01    0.47477E+01    0.22021E+01
   0.17475E+02    0.22785E+01    0.47477E+01    0.22021E+01
   0.18382E+02    0.22259E+01    0.47253E+01    0.21810E+01
   0.18382E+02    0.22259E+01    0.47253E+01    0.21810E+01
   0.17991E+02    0.22317E+01    0.48255E+01    0.22376E+01
   0.17991E+02    0.22317E+01    0.48255E+01    0.22376E+01
   0.18169E+02    0.22222E+01    0.47819E+01    0.22653E+01
   0.18169E+02    0.22222E+01    0.47819E+01    0.22653E+01
   0.18241E+02    0.22197E+01    0.47476E+01    0.23037E+01
   0.18241E+02    0.22197E+01    0.47476E+01    0.23037E+01
   0.18202E+02    0.22201E+01    0.47399E+01    0.22005E+01
   0.18202E+02    0.22201E+01    0.47399E+01    0.22005E+01
   0.18139E+02    0.22097E+01    0.48029E+01    0.22883E+01
   0.18139E+02    0.22097E+01    0.48029E+01    0.22883E+01
   0.18916E+02    0.22663E+01    0.48353E+01    0.22729E+01
   0.18916E+02    0.22663E+01    0.48353E+01    0.22729E+01
   0.18308E+02    0.22503E+01    0.47446E+01    0.22288E+01
   0.18308E+02    0.22503E+01    0.47446E+01    0.22288E+01
   0.18906E+02    0.22499E+01    0.47825E+01    0.22650E+01
   0.18906E+02    0.22499E+01    0.47825E+01    0.22650E+01
   0.18587E+02    0.22299E+01    0.48380E+01    0.23868E+01
   0.18587E+02    0.22299E+01    0.48380E+01    0.23868E+01
   0.18718E+02    0.22667E+01    0.47585E+01    0.23209E+01
   0.18718E+02    0.22667E+01    0.47585E+01    0.23209E+01
   0.18700E+02    0.22400E+01    0.48159E+01    0.23192E+01
   0.18700E+02    0.22400E+01    0.48159E+01    0.23192E+01
   0.18794E+02    0.22698E+01    0.48511E+01    0.22775E+01
   0.18794E+02    0.22698E+01    0.48511E+01    0.22775E+01
   0.19238E+02    0.22737E+01    0.49735E+01    0.23656E+01
   0.19238E+02    0.22737E+01    0.49735E+01    0.23656E+01
   0.18898E+02    0.22451E+01    0.49330E+01    0.23571E+01
   0.18898E+02    0.22451E+01    0.49330E+01    0.23571E+01
   0.18723E+02    0.22941E+01    0.49400E+01    0.22199E+01
   0.18723E+02    0.22941E+01    0.49400E+01    0.22199E+01
   0.19275E+02    0.22811E+01    0.49164E+01    0.23034E+01
   0.19275E+02    0.22811E+01    0.49164E+01    0.23034E+01
   0.18470E+02    0.22808E+01    0.48802E+01    0.23501E+01
   0.18470E+02    0.22808E+01    0.48802E+01    0.23501E+01
   0.18865E+02    0.22808E+01    0.48810E+01    0.22883E+01
   0.18865E+02    0.22808E+01    0.48810E+01    0.22883E+01
   0.19134E+02    0.22820E+01    0.48729E+01    0.22951E+01
   0.19134E+02    0.22820E+01    0.48729E+01    0.22951E+01
   0.19042E+02    0.22746E+01    0.49868E+01    0.22267E+01
   0.19042E+02    0.22746E+01    0.49868E+01    0.22267E+01
   0.18472E+02    0.22609E+01    0.49139E+01    0.22471E+01
   0.18472E+02    0.22609E+01    0.49139E+01    0.22471E+01
   0.18801E+02    0.22658E+01    0.49692E+01    0.22846E+01
   0.18801E+02    0.22658E+01    0.49692E+01    0.22846E+01
   0.18801E+02    0.22549E+01    0.49114E+01    0.23948E+01
   0.18801E+02    0.22549E+01    0.49114E+01    0.23948E+01
   0.18742E+02    0.22756E+01    0.48704E+01    0.22345E+01
   0.18742E+02    0.22756E+01    0.48704E+01    0.22345E+01
   0.18695E+02    0.22963E+01    0.49672E+01    0.22890E+01
   0.18695E+02    0.22963E+01    0.49672E+01    0.22890E+01
   0.18218E+02    0.22658E+01    0.48409E+01    0.22812E+01
   0.18218E+02    0.22658E+01    0.48409E+01    0.22812E+01
   0.18355E+02    0.22619E+01    0.49165E+01    0.23036E+01
   0.18355E+02    0.22619E+01    0.49165E+01    0.23036E+01
   0.18274E+02    0.22359E+01    0.49164E+01    0.23492E+01
   0.18274E+02    0.22359E+01    0.49164E+01    0.23492E+01
   0.17926E+02    0.22189E+01    0.47555E+01    0.22846E+01
   0.17926E+02    0.22189E+01    0.47555E+01    0.22846E+01
   0.18312E+02    0.22551E+01    0.48316E+01    0.23236E+01
   0.18312E+02    0.22551E+01    0.48316E+01    0.23236E+01
   0.18588E+02    0.22527E+01    0.47924E+01    0.22736E+01
   0.18588E+02    0.22527E+01    0.47924E+01    0.22736E+01
   0.17858E+02    0.22449E+01    0.48581E+01    0.22472E+01
   0.17858E+02    0.22449E+01    0.48581E+01    0.22472E+01
   0.17689E+02    0.22600E+01    0.47827E+01    0.23512E+01
   0.17689E+02    0.22600E+01    0.47827E+01    0.23512E+01
   0.17758E+02    0.22350E+01    0.48063E+01    0.22947E+01
   0.17758E+02    0.22350E+01    0.48063E+01    0.22947E+01
   0.17698E+02    0.22568E+01    0.49001E+01    0.22756E+01
   0.17698E+02    0.22568E+01    0.49001E+01    0.22756E+01
   0.18417E+02    0.22221E+01    0.48482E+01    0.23041E+01
   0.18417E+02    0.22221E+01    0.48482E+01    0.23041E+01
   0.18581E+02    0.22581E+01    0.47909E+01    0.22721E+01
   0.18581E+02    0.22581E+01    0.47909E+01    0.22721E+01
   0.18235E+02    0.22332E+01    0.47745E+01    0.22625E+01
   0.18235E+02    0.22332E+01    0.47745E+01    0.22625E+01
   0.18194E+02    0.22073E+01    0.47838E+01    0.22989E+01
   0.18194E+02    0.22073E+01    0.47838E+01    0.22989E+01
   0.18342E+02    0.22034E+01    0.49279E+01    0.22665E+01
   0.18342E+02    0.22034E+01    0.49279E+01    0.22665E+01
   0.18434E+02    0.22944E+01    0.48247E+01    0.22226E+01
   0.18434E+02    0.22944E+01    0.48247E+01    0.22226E+01
   0.18424E+02    0.22680E+01    0.48109E+01    0.23209E+01
   0.18424E+02    0.22680E+01    0.48109E+01    0.23209E+01
   0.18705E+02    0.22569E+01    0.47645E+01    0.23180E+01
   0.18705E+02    0.22569E+01    0.47645E+01    0.23180E+01
   0.18236E+02    0.22759E+01    0.48147E+01    0.21545E+01
   0.18236E+02    0.22759E+01    0.48147E+01    0.21545E+01
   0.18423E+02    0.22544E+01    0.47446E+01    0.22708E+01
   0.18423E+02    0.22544E+01    0.47446E+01    0.22708E+01
   0.18419E+02    0.22414E+01    0.47593E+01    0.23082E+01
   0.18419E+02    0.22414E+01    0.47593E+01    0.23082E+01
   0.18497E+02    0.22211E+01    0.48740E+01    0.22090E+01
   0.18497E+02    0.22211E+01    0.48740E+01    0.22090E+01
   0.18568E+02    0.22362E+01    0.48852E+01    0.24313E+01
   0.18568E+02    0.22362E+01    0.48852E+01    0.24313E+01
   0.18948E+02    0.22245E+01    0.48124E+01    0.23025E+01
   0.18948E+02    0.22245E+01    0.48124E+01    0.23025E+01
   0.18296E+02    0.22265E+01    0.47610E+01    0.23318E+01
   0.18296E+02    0.22265E+01    0.47610E+01    0.23318E+01
   0.18576E+02    0.22868E+01    0.48911E+01    0.23068E+01
   0.18576E+02    0.22868E+01    0.48911E+01    0.23068E+01
   0.18739E+02    0.22515E+01    0.48721E+01    0.23140E+01
   0.18739E+02    0.22515E+01    0.48721E+01    0.23140E+01
   0.18506E+02    0.22489E+01    0.48675E+01    0.22294E+01
   0.18506E+02    0.22489E+01    0.48675E+01    0.22294E+01
   0.18766E+02    0.22535E+01    0.48204E+01    0.22656E+01
   0.18766E+02    0.22535E+01    0.48204E+01    0.22656E+01
   0.18628E+02    0.22950E+01    0.48941E+01    0.22714E+01
   0.18628E+02    0.22950E+01    0.48941E+01    0.22714E+01
   0.18809E+02    0.22411E+01    0.48238E+01    0.22964E+01
   0.18809E+02    0.22411E+01    0.48238E+01    0.22964E+01
   0.18912E+02    0.22625E+01    0.47921E+01    0.21993E+01
   0.18912E+02    0.22625E+01    0.47921E+01    0.21993E+01
   0.18392E+02    0.22483E+01    0.49149E+01    0.22569E+01
   0.18392E+02    0.22483E+01    0.49149E+01    0.22569E+01
   0.18562E+02    0.22691E+01    0.49932E+01    0.23544E+01
   0.18562E+02    0.22691E+01    0.49932E+01    0.23544E+01
   0.18491E+02    0.22517E+01    0.48620E+01    0.23924E+01
   0.18491E+02    0.22517E+01    0.48620E+01    0.23924E+01
   0.18840E+02    0.22412E+01    0.49064E+01    0.22903E+01
   0.18840E+02    0.22412E+01    0.49064E+01    0.22903E+01
   0.18720E+02    0.22283E+01    0.48500E+01    0.23258E+01
   0.18720E+02    0.22283E+01    0.48500E+01    0.23258E+01
   0.18586E+02    0.22936E+01    0.48467E+01    0.22958E+01
   0.18586E+02    0.22936E+01    0.48467E+01    0.22958E+01
   0.18327E+02    0.22452E+01    0.49125E+01    0.23041E+01
   0.18327E+02    0.22452E+01    0.49125E+01    0.23041E+01
   0.18842E+02    0.22706E+01    0.48357E+01    0.22136E+01
   0.18842E+02    0.22706E+01    0.48357E+01    0.22136E+01
