   0.43828E+02
   0.43828E+02
   0.43828E+02
   0.43828E+02
   0.43828E+02
   0.43922E+02
   0.43922E+02
   0.43922E+02
   0.43922E+02
   0.43922E+02
   0.43989E+02
   0.43989E+02
   0.43989E+02
   0.43989E+02
   0.43989E+02
   0.43262E+02
   0.43262E+02
   0.43262E+02
   0.43262E+02
   0.43262E+02
   0.43763E+02
   0.43763E+02
   0.43763E+02
   0.43763E+02
   0.43763E+02
   0.45492E+02
   0.45492E+02
   0.45492E+02
   0.45492E+02
   0.45492E+02
   0.44409E+02
   0.44409E+02
   0.44409E+02
   0.44409E+02
   0.44409E+02
   0.44666E+02
   0.44666E+02
   0.44666E+02
   0.44666E+02
   0.44666E+02
   0.45200E+02
   0.45200E+02
   0.45200E+02
   0.45200E+02
   0.45200E+02
   0.43529E+02
   0.43529E+02
   0.43529E+02
   0.43529E+02
   0.43529E+02
   0.42890E+02
   0.42890E+02
   0.42890E+02
   0.42890E+02
   0.42890E+02
   0.44052E+02
   0.44052E+02
   0.44052E+02
   0.44052E+02
   0.44052E+02
   0.43484E+02
   0.43484E+02
   0.43484E+02
   0.43484E+02
   0.43484E+02
   0.44070E+02
   0.44070E+02
   0.44070E+02
   0.44070E+02
   0.44070E+02
   0.43337E+02
   0.43337E+02
   0.43337E+02
   0.43337E+02
   0.43337E+02
   0.44764E+02
   0.44764E+02
   0.44764E+02
   0.44764E+02
   0.44764E+02
   0.43227E+02
   0.43227E+02
   0.43227E+02
   0.43227E+02
   0.43227E+02
   0.42989E+02
   0.42989E+02
   0.42989E+02
   0.42989E+02
   0.42989E+02
   0.44314E+02
   0.44314E+02
   0.44314E+02
   0.44314E+02
   0.44314E+02
   0.44001E+02
   0.44001E+02
   0.44001E+02
   0.44001E+02
   0.44001E+02
   0.44467E+02
   0.44467E+02
   0.44467E+02
   0.44467E+02
   0.44467E+02
   0.44900E+02
   0.44900E+02
   0.44900E+02
   0.44900E+02
   0.44900E+02
   0.44039E+02
   0.44039E+02
   0.44039E+02
   0.44039E+02
   0.44039E+02
   0.43931E+02
   0.43931E+02
   0.43931E+02
   0.43931E+02
   0.43931E+02
   0.43756E+02
   0.43756E+02
   0.43756E+02
   0.43756E+02
   0.43756E+02
   0.42838E+02
   0.42838E+02
   0.42838E+02
   0.42838E+02
   0.42838E+02
   0.43166E+02
   0.43166E+02
   0.43166E+02
   0.43166E+02
   0.43166E+02
   0.44470E+02
   0.44470E+02
   0.44470E+02
   0.44470E+02
   0.44470E+02
   0.43576E+02
   0.43576E+02
   0.43576E+02
   0.43576E+02
   0.43576E+02
   0.42963E+02
   0.42963E+02
   0.42963E+02
   0.42963E+02
   0.42963E+02
   0.43806E+02
   0.43806E+02
   0.43806E+02
   0.43806E+02
   0.43806E+02
   0.44585E+02
   0.44585E+02
   0.44585E+02
   0.44585E+02
   0.44585E+02
   0.44366E+02
   0.44366E+02
   0.44366E+02
   0.44366E+02
   0.44366E+02
   0.43282E+02
   0.43282E+02
   0.43282E+02
   0.43282E+02
   0.43282E+02
   0.43775E+02
   0.43775E+02
   0.43775E+02
   0.43775E+02
   0.43775E+02
   0.44128E+02
   0.44128E+02
   0.44128E+02
   0.44128E+02
   0.44128E+02
   0.44209E+02
   0.44209E+02
   0.44209E+02
   0.44209E+02
   0.44209E+02
   0.43605E+02
   0.43605E+02
   0.43605E+02
   0.43605E+02
   0.43605E+02
   0.43247E+02
   0.43247E+02
   0.43247E+02
   0.43247E+02
   0.43247E+02
   0.44803E+02
   0.44803E+02
   0.44803E+02
   0.44803E+02
   0.44803E+02
   0.44261E+02
   0.44261E+02
   0.44261E+02
   0.44261E+02
   0.44261E+02
   0.44215E+02
   0.44215E+02
   0.44215E+02
   0.44215E+02
   0.44215E+02
   0.44290E+02
   0.44290E+02
   0.44290E+02
   0.44290E+02
   0.44290E+02
   0.43972E+02
   0.43972E+02
   0.43972E+02
   0.43972E+02
   0.43972E+02
   0.43733E+02
   0.43733E+02
   0.43733E+02
   0.43733E+02
   0.43733E+02
   0.43338E+02
   0.43338E+02
   0.43338E+02
   0.43338E+02
   0.43338E+02
   0.43249E+02
   0.43249E+02
   0.43249E+02
   0.43249E+02
   0.43249E+02
   0.44073E+02
   0.44073E+02
   0.44073E+02
   0.44073E+02
   0.44073E+02
   0.44516E+02
   0.44516E+02
   0.44516E+02
   0.44516E+02
   0.44516E+02
   0.43460E+02
   0.43460E+02
   0.43460E+02
   0.43460E+02
   0.43460E+02
   0.43624E+02
   0.43624E+02
   0.43624E+02
   0.43624E+02
   0.43624E+02
   0.43326E+02
   0.43326E+02
   0.43326E+02
   0.43326E+02
   0.43326E+02
   0.43788E+02
   0.43788E+02
   0.43788E+02
   0.43788E+02
   0.43788E+02
   0.43523E+02
   0.43523E+02
   0.43523E+02
   0.43523E+02
   0.43523E+02
   0.43073E+02
   0.43073E+02
   0.43073E+02
   0.43073E+02
   0.43073E+02
   0.44714E+02
   0.44714E+02
   0.44714E+02
   0.44714E+02
   0.44714E+02
   0.43936E+02
   0.43936E+02
   0.43936E+02
   0.43936E+02
   0.43936E+02
   0.43539E+02
   0.43539E+02
   0.43539E+02
   0.43539E+02
   0.43539E+02
   0.44564E+02
   0.44564E+02
   0.44564E+02
   0.44564E+02
   0.44564E+02
   0.44058E+02
   0.44058E+02
   0.44058E+02
   0.44058E+02
   0.44058E+02
   0.43962E+02
   0.43962E+02
   0.43962E+02
   0.43962E+02
   0.43962E+02
   0.43460E+02
   0.43460E+02
   0.43460E+02
   0.43460E+02
   0.43460E+02
   0.44155E+02
   0.44155E+02
   0.44155E+02
   0.44155E+02
   0.44155E+02
   0.44637E+02
   0.44637E+02
   0.44637E+02
   0.44637E+02
   0.44637E+02
   0.43802E+02
   0.43802E+02
   0.43802E+02
   0.43802E+02
   0.43802E+02
   0.43699E+02
   0.43699E+02
   0.43699E+02
   0.43699E+02
   0.43699E+02
   0.43591E+02
   0.43591E+02
   0.43591E+02
   0.43591E+02
   0.43591E+02
   0.44111E+02
   0.44111E+02
   0.44111E+02
   0.44111E+02
   0.44111E+02
   0.43231E+02
   0.43231E+02
   0.43231E+02
   0.43231E+02
   0.43231E+02
   0.43256E+02
   0.43256E+02
   0.43256E+02
   0.43256E+02
   0.43256E+02
   0.43843E+02
   0.43843E+02
   0.43843E+02
   0.43843E+02
   0.43843E+02
   0.43991E+02
   0.43991E+02
   0.43991E+02
   0.43991E+02
   0.43991E+02
   0.43910E+02
   0.43910E+02
   0.43910E+02
   0.43910E+02
   0.43910E+02
   0.43785E+02
   0.43785E+02
   0.43785E+02
   0.43785E+02
   0.43785E+02
   0.43355E+02
   0.43355E+02
   0.43355E+02
   0.43355E+02
   0.43355E+02
   0.43732E+02
   0.43732E+02
   0.43732E+02
   0.43732E+02
   0.43732E+02
   0.44417E+02
   0.44417E+02
   0.44417E+02
   0.44417E+02
   0.44417E+02
   0.43159E+02
   0.43159E+02
   0.43159E+02
   0.43159E+02
   0.43159E+02
   0.43404E+02
   0.43404E+02
   0.43404E+02
   0.43404E+02
   0.43404E+02
   0.43037E+02
   0.43037E+02
   0.43037E+02
   0.43037E+02
   0.43037E+02
   0.44182E+02
   0.44182E+02
   0.44182E+02
   0.44182E+02
   0.44182E+02
   0.44102E+02
   0.44102E+02
   0.44102E+02
   0.44102E+02
   0.44102E+02
   0.43589E+02
   0.43589E+02
   0.43589E+02
   0.43589E+02
   0.43589E+02
   0.44163E+02
   0.44163E+02
   0.44163E+02
   0.44163E+02
   0.44163E+02
   0.42884E+02
   0.42884E+02
   0.42884E+02
   0.42884E+02
   0.42884E+02
   0.44389E+02
   0.44389E+02
   0.44389E+02
   0.44389E+02
   0.44389E+02
   0.42889E+02
   0.42889E+02
   0.42889E+02
   0.42889E+02
   0.42889E+02
   0.43217E+02
   0.43217E+02
   0.43217E+02
   0.43217E+02
   0.43217E+02
   0.44020E+02
   0.44020E+02
   0.44020E+02
   0.44020E+02
   0.44020E+02
   0.44189E+02
   0.44189E+02
   0.44189E+02
   0.44189E+02
   0.44189E+02
   0.43182E+02
   0.43182E+02
   0.43182E+02
   0.43182E+02
   0.43182E+02
   0.44375E+02
   0.44375E+02
   0.44375E+02
   0.44375E+02
   0.44375E+02
   0.43833E+02
   0.43833E+02
   0.43833E+02
   0.43833E+02
   0.43833E+02
   0.43756E+02
   0.43756E+02
   0.43756E+02
   0.43756E+02
   0.43756E+02
   0.43964E+02
   0.43964E+02
   0.43964E+02
   0.43964E+02
   0.43964E+02
   0.44141E+02
   0.44141E+02
   0.44141E+02
   0.44141E+02
   0.44141E+02
   0.43498E+02
   0.43498E+02
   0.43498E+02
   0.43498E+02
   0.43498E+02
   0.44135E+02
   0.44135E+02
   0.44135E+02
   0.44135E+02
   0.44135E+02
   0.43075E+02
   0.43075E+02
   0.43075E+02
   0.43075E+02
   0.43075E+02
   0.43541E+02
   0.43541E+02
   0.43541E+02
   0.43541E+02
   0.43541E+02
   0.44076E+02
   0.44076E+02
   0.44076E+02
   0.44076E+02
   0.44076E+02
   0.44059E+02
   0.44059E+02
   0.44059E+02
   0.44059E+02
   0.44059E+02
   0.44184E+02
   0.44184E+02
   0.44184E+02
   0.44184E+02
   0.44184E+02
   0.44284E+02
   0.44284E+02
   0.44284E+02
   0.44284E+02
   0.44284E+02
   0.43428E+02
   0.43428E+02
   0.43428E+02
   0.43428E+02
   0.43428E+02
   0.43902E+02
   0.43902E+02
   0.43902E+02
   0.43902E+02
   0.43902E+02
   0.44539E+02
   0.44539E+02
   0.44539E+02
   0.44539E+02
   0.44539E+02
   0.44239E+02
   0.44239E+02
   0.44239E+02
   0.44239E+02
   0.44239E+02
   0.43619E+02
   0.43619E+02
   0.43619E+02
   0.43619E+02
   0.43619E+02
   0.43922E+02
   0.43922E+02
   0.43922E+02
   0.43922E+02
   0.43922E+02
   0.43016E+02
   0.43016E+02
   0.43016E+02
   0.43016E+02
   0.43016E+02
   0.44139E+02
   0.44139E+02
   0.44139E+02
   0.44139E+02
   0.44139E+02
   0.43946E+02
   0.43946E+02
   0.43946E+02
   0.43946E+02
   0.43946E+02
   0.43910E+02
   0.43910E+02
   0.43910E+02
   0.43910E+02
   0.43910E+02
   0.44776E+02
   0.44776E+02
   0.44776E+02
   0.44776E+02
   0.44776E+02
   0.43525E+02
   0.43525E+02
   0.43525E+02
   0.43525E+02
   0.43525E+02
   0.42822E+02
   0.42822E+02
   0.42822E+02
   0.42822E+02
   0.42822E+02
   0.43569E+02
   0.43569E+02
   0.43569E+02
   0.43569E+02
   0.43569E+02
   0.44177E+02
   0.44177E+02
   0.44177E+02
   0.44177E+02
   0.44177E+02
   0.44520E+02
   0.44520E+02
   0.44520E+02
   0.44520E+02
   0.44520E+02
   0.44223E+02
   0.44223E+02
   0.44223E+02
   0.44223E+02
   0.44223E+02
   0.43875E+02
   0.43875E+02
   0.43875E+02
   0.43875E+02
   0.43875E+02
   0.43660E+02
   0.43660E+02
   0.43660E+02
   0.43660E+02
   0.43660E+02
   0.45017E+02
   0.45017E+02
   0.45017E+02
   0.45017E+02
   0.45017E+02
   0.44470E+02
   0.44470E+02
   0.44470E+02
   0.44470E+02
   0.44470E+02
   0.44128E+02
   0.44128E+02
   0.44128E+02
   0.44128E+02
   0.44128E+02
   0.43924E+02
   0.43924E+02
   0.43924E+02
   0.43924E+02
   0.43924E+02
   0.43874E+02
   0.43874E+02
   0.43874E+02
   0.43874E+02
   0.43874E+02
   0.44353E+02
   0.44353E+02
   0.44353E+02
   0.44353E+02
   0.44353E+02
   0.43197E+02
   0.43197E+02
   0.43197E+02
   0.43197E+02
   0.43197E+02
   0.44988E+02
   0.44988E+02
   0.44988E+02
   0.44988E+02
   0.44988E+02
   0.43497E+02
   0.43497E+02
   0.43497E+02
   0.43497E+02
   0.43497E+02
   0.43399E+02
   0.43399E+02
   0.43399E+02
   0.43399E+02
   0.43399E+02
   0.44780E+02
   0.44780E+02
   0.44780E+02
   0.44780E+02
   0.44780E+02
   0.44676E+02
   0.44676E+02
   0.44676E+02
   0.44676E+02
   0.44676E+02
   0.42883E+02
   0.42883E+02
   0.42883E+02
   0.42883E+02
   0.42883E+02
   0.44623E+02
   0.44623E+02
   0.44623E+02
   0.44623E+02
   0.44623E+02
   0.42934E+02
   0.42934E+02
   0.42934E+02
   0.42934E+02
   0.42934E+02
   0.44279E+02
   0.44279E+02
   0.44279E+02
   0.44279E+02
   0.44279E+02
   0.42794E+02
   0.42794E+02
   0.42794E+02
   0.42794E+02
   0.42794E+02
   0.44305E+02
   0.44305E+02
   0.44305E+02
   0.44305E+02
   0.44305E+02
   0.43671E+02
   0.43671E+02
   0.43671E+02
   0.43671E+02
   0.43671E+02
   0.44345E+02
   0.44345E+02
   0.44345E+02
   0.44345E+02
   0.44345E+02
   0.43941E+02
   0.43941E+02
   0.43941E+02
   0.43941E+02
   0.43941E+02
   0.44566E+02
   0.44566E+02
   0.44566E+02
   0.44566E+02
   0.44566E+02
   0.44068E+02
   0.44068E+02
   0.44068E+02
   0.44068E+02
   0.44068E+02
   0.44011E+02
   0.44011E+02
   0.44011E+02
   0.44011E+02
   0.44011E+02
   0.43822E+02
   0.43822E+02
   0.43822E+02
   0.43822E+02
   0.43822E+02
   0.44058E+02
   0.44058E+02
   0.44058E+02
   0.44058E+02
   0.44058E+02
   0.43267E+02
   0.43267E+02
   0.43267E+02
   0.43267E+02
   0.43267E+02
   0.43164E+02
   0.43164E+02
   0.43164E+02
   0.43164E+02
   0.43164E+02
   0.43084E+02
   0.43084E+02
   0.43084E+02
   0.43084E+02
   0.43084E+02
   0.44512E+02
   0.44512E+02
   0.44512E+02
   0.44512E+02
   0.44512E+02
   0.42882E+02
   0.42882E+02
   0.42882E+02
   0.42882E+02
   0.42882E+02
   0.44399E+02
   0.44399E+02
   0.44399E+02
   0.44399E+02
   0.44399E+02
   0.44540E+02
   0.44540E+02
   0.44540E+02
   0.44540E+02
   0.44540E+02
   0.43350E+02
   0.43350E+02
   0.43350E+02
   0.43350E+02
   0.43350E+02
   0.43519E+02
   0.43519E+02
   0.43519E+02
   0.43519E+02
   0.43519E+02
   0.42919E+02
   0.42919E+02
   0.42919E+02
   0.42919E+02
   0.42919E+02
   0.43630E+02
   0.43630E+02
   0.43630E+02
   0.43630E+02
   0.43630E+02
   0.43644E+02
   0.43644E+02
   0.43644E+02
   0.43644E+02
   0.43644E+02
   0.43707E+02
   0.43707E+02
   0.43707E+02
   0.43707E+02
   0.43707E+02
   0.43647E+02
   0.43647E+02
   0.43647E+02
   0.43647E+02
   0.43647E+02
   0.43744E+02
   0.43744E+02
   0.43744E+02
   0.43744E+02
   0.43744E+02
   0.44007E+02
   0.44007E+02
   0.44007E+02
   0.44007E+02
   0.44007E+02
   0.43368E+02
   0.43368E+02
   0.43368E+02
   0.43368E+02
   0.43368E+02
   0.43753E+02
   0.43753E+02
   0.43753E+02
   0.43753E+02
   0.43753E+02
   0.44955E+02
   0.44955E+02
   0.44955E+02
   0.44955E+02
   0.44955E+02
   0.44163E+02
   0.44163E+02
   0.44163E+02
   0.44163E+02
   0.44163E+02
   0.42871E+02
   0.42871E+02
   0.42871E+02
   0.42871E+02
   0.42871E+02
   0.43677E+02
   0.43677E+02
   0.43677E+02
   0.43677E+02
   0.43677E+02
   0.43109E+02
   0.43109E+02
   0.43109E+02
   0.43109E+02
   0.43109E+02
   0.43795E+02
   0.43795E+02
   0.43795E+02
   0.43795E+02
   0.43795E+02
   0.43424E+02
   0.43424E+02
   0.43424E+02
   0.43424E+02
   0.43424E+02
   0.42542E+02
   0.42542E+02
   0.42542E+02
   0.42542E+02
   0.42542E+02
   0.43512E+02
   0.43512E+02
   0.43512E+02
   0.43512E+02
   0.43512E+02
   0.43838E+02
   0.43838E+02
   0.43838E+02
   0.43838E+02
   0.43838E+02
   0.43975E+02
   0.43975E+02
   0.43975E+02
   0.43975E+02
   0.43975E+02
   0.43728E+02
   0.43728E+02
   0.43728E+02
   0.43728E+02
   0.43728E+02
   0.44558E+02
   0.44558E+02
   0.44558E+02
   0.44558E+02
   0.44558E+02
   0.43724E+02
   0.43724E+02
   0.43724E+02
   0.43724E+02
   0.43724E+02
   0.44778E+02
   0.44778E+02
   0.44778E+02
   0.44778E+02
   0.44778E+02
   0.44046E+02
   0.44046E+02
   0.44046E+02
   0.44046E+02
   0.44046E+02
   0.44561E+02
   0.44561E+02
   0.44561E+02
   0.44561E+02
   0.44561E+02
   0.44256E+02
   0.44256E+02
   0.44256E+02
   0.44256E+02
   0.44256E+02
   0.43609E+02
   0.43609E+02
   0.43609E+02
   0.43609E+02
   0.43609E+02
   0.44698E+02
   0.44698E+02
   0.44698E+02
   0.44698E+02
   0.44698E+02
   0.44472E+02
   0.44472E+02
   0.44472E+02
   0.44472E+02
   0.44472E+02
   0.44364E+02
   0.44364E+02
   0.44364E+02
   0.44364E+02
   0.44364E+02
   0.44839E+02
   0.44839E+02
   0.44839E+02
   0.44839E+02
   0.44839E+02
   0.44929E+02
   0.44929E+02
   0.44929E+02
   0.44929E+02
   0.44929E+02
   0.44297E+02
   0.44297E+02
   0.44297E+02
   0.44297E+02
   0.44297E+02
   0.44586E+02
   0.44586E+02
   0.44586E+02
   0.44586E+02
   0.44586E+02
   0.45147E+02
   0.45147E+02
   0.45147E+02
   0.45147E+02
   0.45147E+02
   0.45108E+02
   0.45108E+02
   0.45108E+02
   0.45108E+02
   0.45108E+02
   0.44755E+02
   0.44755E+02
   0.44755E+02
   0.44755E+02
   0.44755E+02
   0.44448E+02
   0.44448E+02
   0.44448E+02
   0.44448E+02
   0.44448E+02
   0.44495E+02
   0.44495E+02
   0.44495E+02
   0.44495E+02
   0.44495E+02
   0.44863E+02
   0.44863E+02
   0.44863E+02
   0.44863E+02
   0.44863E+02
   0.44543E+02
   0.44543E+02
   0.44543E+02
   0.44543E+02
   0.44543E+02
   0.44631E+02
   0.44631E+02
   0.44631E+02
   0.44631E+02
   0.44631E+02
   0.44850E+02
   0.44850E+02
   0.44850E+02
   0.44850E+02
   0.44850E+02
   0.44304E+02
   0.44304E+02
   0.44304E+02
   0.44304E+02
   0.44304E+02
   0.44845E+02
   0.44845E+02
   0.44845E+02
   0.44845E+02
   0.44845E+02
   0.45116E+02
   0.45116E+02
   0.45116E+02
   0.45116E+02
   0.45116E+02
   0.44490E+02
   0.44490E+02
   0.44490E+02
   0.44490E+02
   0.44490E+02
   0.45816E+02
   0.45816E+02
   0.45816E+02
   0.45816E+02
   0.45816E+02
   0.45004E+02
   0.45004E+02
   0.45004E+02
   0.45004E+02
   0.45004E+02
   0.44913E+02
   0.44913E+02
   0.44913E+02
   0.44913E+02
   0.44913E+02
   0.46387E+02
   0.46387E+02
   0.46387E+02
   0.46387E+02
   0.46387E+02
   0.45189E+02
   0.45189E+02
   0.45189E+02
   0.45189E+02
   0.45189E+02
   0.46096E+02
   0.46096E+02
   0.46096E+02
   0.46096E+02
   0.46096E+02
   0.45463E+02
   0.45463E+02
   0.45463E+02
   0.45463E+02
   0.45463E+02
   0.45609E+02
   0.45609E+02
   0.45609E+02
   0.45609E+02
   0.45609E+02
   0.45897E+02
   0.45897E+02
   0.45897E+02
   0.45897E+02
   0.45897E+02
   0.46420E+02
   0.46420E+02
   0.46420E+02
   0.46420E+02
   0.46420E+02
   0.45739E+02
   0.45739E+02
   0.45739E+02
   0.45739E+02
   0.45739E+02
   0.44067E+02
   0.44067E+02
   0.44067E+02
   0.44067E+02
   0.44067E+02
   0.44645E+02
   0.44645E+02
   0.44645E+02
   0.44645E+02
   0.44645E+02
   0.44514E+02
   0.44514E+02
   0.44514E+02
   0.44514E+02
   0.44514E+02
   0.44062E+02
   0.44062E+02
   0.44062E+02
   0.44062E+02
   0.44062E+02
   0.44005E+02
   0.44005E+02
   0.44005E+02
   0.44005E+02
   0.44005E+02
   0.43925E+02
   0.43925E+02
   0.43925E+02
   0.43925E+02
   0.43925E+02
   0.43973E+02
   0.43973E+02
   0.43973E+02
   0.43973E+02
   0.43973E+02
   0.44025E+02
   0.44025E+02
   0.44025E+02
   0.44025E+02
   0.44025E+02
   0.44314E+02
   0.44314E+02
   0.44314E+02
   0.44314E+02
   0.44314E+02
   0.43723E+02
   0.43723E+02
   0.43723E+02
   0.43723E+02
   0.43723E+02
   0.45261E+02
   0.45261E+02
   0.45261E+02
   0.45261E+02
   0.45261E+02
   0.45129E+02
   0.45129E+02
   0.45129E+02
   0.45129E+02
   0.45129E+02
   0.44646E+02
   0.44646E+02
   0.44646E+02
   0.44646E+02
   0.44646E+02
   0.45068E+02
   0.45068E+02
   0.45068E+02
   0.45068E+02
   0.45068E+02
   0.44535E+02
   0.44535E+02
   0.44535E+02
   0.44535E+02
   0.44535E+02
   0.44832E+02
   0.44832E+02
   0.44832E+02
   0.44832E+02
   0.44832E+02
   0.45050E+02
   0.45050E+02
   0.45050E+02
   0.45050E+02
   0.45050E+02
   0.44657E+02
   0.44657E+02
   0.44657E+02
   0.44657E+02
   0.44657E+02
   0.44558E+02
   0.44558E+02
   0.44558E+02
   0.44558E+02
   0.44558E+02
   0.44603E+02
   0.44603E+02
   0.44603E+02
   0.44603E+02
   0.44603E+02
   0.43932E+02
   0.43932E+02
   0.43932E+02
   0.43932E+02
   0.43932E+02
   0.44992E+02
   0.44992E+02
   0.44992E+02
   0.44992E+02
   0.44992E+02
   0.43852E+02
   0.43852E+02
   0.43852E+02
   0.43852E+02
   0.43852E+02
   0.43645E+02
   0.43645E+02
   0.43645E+02
   0.43645E+02
   0.43645E+02
   0.43739E+02
   0.43739E+02
   0.43739E+02
   0.43739E+02
   0.43739E+02
   0.43286E+02
   0.43286E+02
   0.43286E+02
   0.43286E+02
   0.43286E+02
   0.44228E+02
   0.44228E+02
   0.44228E+02
   0.44228E+02
   0.44228E+02
   0.43580E+02
   0.43580E+02
   0.43580E+02
   0.43580E+02
   0.43580E+02
   0.44200E+02
   0.44200E+02
   0.44200E+02
   0.44200E+02
   0.44200E+02
   0.43121E+02
   0.43121E+02
   0.43121E+02
   0.43121E+02
   0.43121E+02
   0.44475E+02
   0.44475E+02
   0.44475E+02
   0.44475E+02
   0.44475E+02
   0.43766E+02
   0.43766E+02
   0.43766E+02
   0.43766E+02
   0.43766E+02
   0.44206E+02
   0.44206E+02
   0.44206E+02
   0.44206E+02
   0.44206E+02
   0.44467E+02
   0.44467E+02
   0.44467E+02
   0.44467E+02
   0.44467E+02
   0.44147E+02
   0.44147E+02
   0.44147E+02
   0.44147E+02
   0.44147E+02
   0.43856E+02
   0.43856E+02
   0.43856E+02
   0.43856E+02
   0.43856E+02
   0.43236E+02
   0.43236E+02
   0.43236E+02
   0.43236E+02
   0.43236E+02
   0.44089E+02
   0.44089E+02
   0.44089E+02
   0.44089E+02
   0.44089E+02
   0.44363E+02
   0.44363E+02
   0.44363E+02
   0.44363E+02
   0.44363E+02
   0.42697E+02
   0.42697E+02
   0.42697E+02
   0.42697E+02
   0.42697E+02
   0.43240E+02
   0.43240E+02
   0.43240E+02
   0.43240E+02
   0.43240E+02
   0.43795E+02
   0.43795E+02
   0.43795E+02
   0.43795E+02
   0.43795E+02
   0.43325E+02
   0.43325E+02
   0.43325E+02
   0.43325E+02
   0.43325E+02
   0.42649E+02
   0.42649E+02
   0.42649E+02
   0.42649E+02
   0.42649E+02
   0.43380E+02
   0.43380E+02
   0.43380E+02
   0.43380E+02
   0.43380E+02
   0.42876E+02
   0.42876E+02
   0.42876E+02
   0.42876E+02
   0.42876E+02
   0.43587E+02
   0.43587E+02
   0.43587E+02
   0.43587E+02
   0.43587E+02
   0.43106E+02
   0.43106E+02
   0.43106E+02
   0.43106E+02
   0.43106E+02
   0.44138E+02
   0.44138E+02
   0.44138E+02
   0.44138E+02
   0.44138E+02
   0.42863E+02
   0.42863E+02
   0.42863E+02
   0.42863E+02
   0.42863E+02
   0.44361E+02
   0.44361E+02
   0.44361E+02
   0.44361E+02
   0.44361E+02
   0.43986E+02
   0.43986E+02
   0.43986E+02
   0.43986E+02
   0.43986E+02
   0.45110E+02
   0.45110E+02
   0.45110E+02
   0.45110E+02
   0.45110E+02
   0.44647E+02
   0.44647E+02
   0.44647E+02
   0.44647E+02
   0.44647E+02
   0.45621E+02
   0.45621E+02
   0.45621E+02
   0.45621E+02
   0.45621E+02
   0.45141E+02
   0.45141E+02
   0.45141E+02
   0.45141E+02
   0.45141E+02
   0.45361E+02
   0.45361E+02
   0.45361E+02
   0.45361E+02
   0.45361E+02
   0.45223E+02
   0.45223E+02
   0.45223E+02
   0.45223E+02
   0.45223E+02
   0.45217E+02
   0.45217E+02
   0.45217E+02
   0.45217E+02
   0.45217E+02
   0.46149E+02
   0.46149E+02
   0.46149E+02
   0.46149E+02
   0.46149E+02
   0.45758E+02
   0.45758E+02
   0.45758E+02
   0.45758E+02
   0.45758E+02
   0.44714E+02
   0.44714E+02
   0.44714E+02
   0.44714E+02
   0.44714E+02
   0.44220E+02
   0.44220E+02
   0.44220E+02
   0.44220E+02
   0.44220E+02
   0.44680E+02
   0.44680E+02
   0.44680E+02
   0.44680E+02
   0.44680E+02
   0.44904E+02
   0.44904E+02
   0.44904E+02
   0.44904E+02
   0.44904E+02
   0.44502E+02
   0.44502E+02
   0.44502E+02
   0.44502E+02
   0.44502E+02
   0.44915E+02
   0.44915E+02
   0.44915E+02
   0.44915E+02
   0.44915E+02
   0.44903E+02
   0.44903E+02
   0.44903E+02
   0.44903E+02
   0.44903E+02
   0.45039E+02
   0.45039E+02
   0.45039E+02
   0.45039E+02
   0.45039E+02
   0.44767E+02
   0.44767E+02
   0.44767E+02
   0.44767E+02
   0.44767E+02
   0.45886E+02
   0.45886E+02
   0.45886E+02
   0.45886E+02
   0.45886E+02
   0.45485E+02
   0.45485E+02
   0.45485E+02
   0.45485E+02
   0.45485E+02
   0.45158E+02
   0.45158E+02
   0.45158E+02
   0.45158E+02
   0.45158E+02
   0.44870E+02
   0.44870E+02
   0.44870E+02
   0.44870E+02
   0.44870E+02
   0.45218E+02
   0.45218E+02
   0.45218E+02
   0.45218E+02
   0.45218E+02
   0.45393E+02
   0.45393E+02
   0.45393E+02
   0.45393E+02
   0.45393E+02
   0.44248E+02
   0.44248E+02
   0.44248E+02
   0.44248E+02
   0.44248E+02
   0.44211E+02
   0.44211E+02
   0.44211E+02
   0.44211E+02
   0.44211E+02
   0.44267E+02
   0.44267E+02
   0.44267E+02
   0.44267E+02
   0.44267E+02
   0.44719E+02
   0.44719E+02
   0.44719E+02
   0.44719E+02
   0.44719E+02
   0.45334E+02
   0.45334E+02
   0.45334E+02
   0.45334E+02
   0.45334E+02
   0.45333E+02
   0.45333E+02
   0.45333E+02
   0.45333E+02
   0.45333E+02
   0.44871E+02
   0.44871E+02
   0.44871E+02
   0.44871E+02
   0.44871E+02
   0.44193E+02
   0.44193E+02
   0.44193E+02
   0.44193E+02
   0.44193E+02
   0.44526E+02
   0.44526E+02
   0.44526E+02
   0.44526E+02
   0.44526E+02
   0.43642E+02
   0.43642E+02
   0.43642E+02
   0.43642E+02
   0.43642E+02
   0.43395E+02
   0.43395E+02
   0.43395E+02
   0.43395E+02
   0.43395E+02
   0.43106E+02
   0.43106E+02
   0.43106E+02
   0.43106E+02
   0.43106E+02
   0.42444E+02
   0.42444E+02
   0.42444E+02
   0.42444E+02
   0.42444E+02
   0.43006E+02
   0.43006E+02
   0.43006E+02
   0.43006E+02
   0.43006E+02
   0.43134E+02
   0.43134E+02
   0.43134E+02
   0.43134E+02
   0.43134E+02
   0.43740E+02
   0.43740E+02
   0.43740E+02
   0.43740E+02
   0.43740E+02
   0.43625E+02
   0.43625E+02
   0.43625E+02
   0.43625E+02
   0.43625E+02
   0.43902E+02
   0.43902E+02
   0.43902E+02
   0.43902E+02
   0.43902E+02
   0.43286E+02
   0.43286E+02
   0.43286E+02
   0.43286E+02
   0.43286E+02
   0.43524E+02
   0.43524E+02
   0.43524E+02
   0.43524E+02
   0.43524E+02
   0.43025E+02
   0.43025E+02
   0.43025E+02
   0.43025E+02
   0.43025E+02
   0.43791E+02
   0.43791E+02
   0.43791E+02
   0.43791E+02
   0.43791E+02
   0.45155E+02
   0.45155E+02
   0.45155E+02
   0.45155E+02
   0.45155E+02
   0.43358E+02
   0.43358E+02
   0.43358E+02
   0.43358E+02
   0.43358E+02
   0.43205E+02
   0.43205E+02
   0.43205E+02
   0.43205E+02
   0.43205E+02
   0.43718E+02
   0.43718E+02
   0.43718E+02
   0.43718E+02
   0.43718E+02
   0.43886E+02
   0.43886E+02
   0.43886E+02
   0.43886E+02
   0.43886E+02
   0.44953E+02
   0.44953E+02
   0.44953E+02
   0.44953E+02
   0.44953E+02
   0.44736E+02
   0.44736E+02
   0.44736E+02
   0.44736E+02
   0.44736E+02
   0.44277E+02
   0.44277E+02
   0.44277E+02
   0.44277E+02
   0.44277E+02
   0.44096E+02
   0.44096E+02
   0.44096E+02
   0.44096E+02
   0.44096E+02
   0.44681E+02
   0.44681E+02
   0.44681E+02
   0.44681E+02
   0.44681E+02
   0.44386E+02
   0.44386E+02
   0.44386E+02
   0.44386E+02
   0.44386E+02
   0.43300E+02
   0.43300E+02
   0.43300E+02
   0.43300E+02
   0.43300E+02
   0.43069E+02
   0.43069E+02
   0.43069E+02
   0.43069E+02
   0.43069E+02
   0.44064E+02
   0.44064E+02
   0.44064E+02
   0.44064E+02
   0.44064E+02
   0.44176E+02
   0.44176E+02
   0.44176E+02
   0.44176E+02
   0.44176E+02
   0.44719E+02
   0.44719E+02
   0.44719E+02
   0.44719E+02
   0.44719E+02
   0.43554E+02
   0.43554E+02
   0.43554E+02
   0.43554E+02
   0.43554E+02
   0.43459E+02
   0.43459E+02
   0.43459E+02
   0.43459E+02
   0.43459E+02
   0.42983E+02
   0.42983E+02
   0.42983E+02
   0.42983E+02
   0.42983E+02
   0.44599E+02
   0.44599E+02
   0.44599E+02
   0.44599E+02
   0.44599E+02
   0.43688E+02
   0.43688E+02
   0.43688E+02
   0.43688E+02
   0.43688E+02
   0.44614E+02
   0.44614E+02
   0.44614E+02
   0.44614E+02
   0.44614E+02
   0.45102E+02
   0.45102E+02
   0.45102E+02
   0.45102E+02
   0.45102E+02
   0.45188E+02
   0.45188E+02
   0.45188E+02
   0.45188E+02
   0.45188E+02
   0.45619E+02
   0.45619E+02
   0.45619E+02
   0.45619E+02
   0.45619E+02
   0.45034E+02
   0.45034E+02
   0.45034E+02
   0.45034E+02
   0.45034E+02
   0.45108E+02
   0.45108E+02
   0.45108E+02
   0.45108E+02
   0.45108E+02
   0.45570E+02
   0.45570E+02
   0.45570E+02
   0.45570E+02
   0.45570E+02
   0.44823E+02
   0.44823E+02
   0.44823E+02
   0.44823E+02
   0.44823E+02
   0.43621E+02
   0.43621E+02
   0.43621E+02
   0.43621E+02
   0.43621E+02
   0.43909E+02
   0.43909E+02
   0.43909E+02
   0.43909E+02
   0.43909E+02
   0.43022E+02
   0.43022E+02
   0.43022E+02
   0.43022E+02
   0.43022E+02
   0.42881E+02
   0.42881E+02
   0.42881E+02
   0.42881E+02
   0.42881E+02
   0.43536E+02
   0.43536E+02
   0.43536E+02
   0.43536E+02
   0.43536E+02
   0.43039E+02
   0.43039E+02
   0.43039E+02
   0.43039E+02
   0.43039E+02
   0.43781E+02
   0.43781E+02
   0.43781E+02
   0.43781E+02
   0.43781E+02
   0.44728E+02
   0.44728E+02
   0.44728E+02
   0.44728E+02
   0.44728E+02
   0.44244E+02
   0.44244E+02
   0.44244E+02
   0.44244E+02
   0.44244E+02
   0.45425E+02
   0.45425E+02
   0.45425E+02
   0.45425E+02
   0.45425E+02
   0.45648E+02
   0.45648E+02
   0.45648E+02
   0.45648E+02
   0.45648E+02
   0.45063E+02
   0.45063E+02
   0.45063E+02
   0.45063E+02
   0.45063E+02
   0.46211E+02
   0.46211E+02
   0.46211E+02
   0.46211E+02
   0.46211E+02
   0.45774E+02
   0.45774E+02
   0.45774E+02
   0.45774E+02
   0.45774E+02
   0.46036E+02
   0.46036E+02
   0.46036E+02
   0.46036E+02
   0.46036E+02
   0.45754E+02
   0.45754E+02
   0.45754E+02
   0.45754E+02
   0.45754E+02
   0.45994E+02
   0.45994E+02
   0.45994E+02
   0.45994E+02
   0.45994E+02
   0.46081E+02
   0.46081E+02
   0.46081E+02
   0.46081E+02
   0.46081E+02
   0.45465E+02
   0.45465E+02
   0.45465E+02
   0.45465E+02
   0.45465E+02
   0.44725E+02
   0.44725E+02
   0.44725E+02
   0.44725E+02
   0.44725E+02
   0.44897E+02
   0.44897E+02
   0.44897E+02
   0.44897E+02
   0.44897E+02
   0.44557E+02
   0.44557E+02
   0.44557E+02
   0.44557E+02
   0.44557E+02
   0.44488E+02
   0.44488E+02
   0.44488E+02
   0.44488E+02
   0.44488E+02
   0.42634E+02
   0.42634E+02
   0.42634E+02
   0.42634E+02
   0.42634E+02
   0.43683E+02
   0.43683E+02
   0.43683E+02
   0.43683E+02
   0.43683E+02
   0.43668E+02
   0.43668E+02
   0.43668E+02
   0.43668E+02
   0.43668E+02
   0.42342E+02
   0.42342E+02
   0.42342E+02
   0.42342E+02
   0.42342E+02
   0.42255E+02
   0.42255E+02
   0.42255E+02
   0.42255E+02
   0.42255E+02
   0.42716E+02
   0.42716E+02
   0.42716E+02
   0.42716E+02
   0.42716E+02
   0.43302E+02
   0.43302E+02
   0.43302E+02
   0.43302E+02
   0.43302E+02
   0.42835E+02
   0.42835E+02
   0.42835E+02
   0.42835E+02
   0.42835E+02
   0.43373E+02
   0.43373E+02
   0.43373E+02
   0.43373E+02
   0.43373E+02
   0.43135E+02
   0.43135E+02
   0.43135E+02
   0.43135E+02
   0.43135E+02
   0.42270E+02
   0.42270E+02
   0.42270E+02
   0.42270E+02
   0.42270E+02
   0.43306E+02
   0.43306E+02
   0.43306E+02
   0.43306E+02
   0.43306E+02
   0.43783E+02
   0.43783E+02
   0.43783E+02
   0.43783E+02
   0.43783E+02
   0.43075E+02
   0.43075E+02
   0.43075E+02
   0.43075E+02
   0.43075E+02
   0.43067E+02
   0.43067E+02
   0.43067E+02
   0.43067E+02
   0.43067E+02
   0.43083E+02
   0.43083E+02
   0.43083E+02
   0.43083E+02
   0.43083E+02
   0.43563E+02
   0.43563E+02
   0.43563E+02
   0.43563E+02
   0.43563E+02
