   0.43828E+02
   0.43828E+02
   0.43828E+02
   0.43828E+02
   0.43828E+02
   0.44064E+02
   0.44064E+02
   0.44064E+02
   0.44064E+02
   0.44064E+02
   0.44038E+02
   0.44038E+02
   0.44038E+02
   0.44038E+02
   0.44038E+02
   0.43963E+02
   0.43963E+02
   0.43963E+02
   0.43963E+02
   0.43963E+02
   0.43223E+02
   0.43223E+02
   0.43223E+02
   0.43223E+02
   0.43223E+02
   0.44372E+02
   0.44372E+02
   0.44372E+02
   0.44372E+02
   0.44372E+02
   0.43166E+02
   0.43166E+02
   0.43166E+02
   0.43166E+02
   0.43166E+02
   0.43700E+02
   0.43700E+02
   0.43700E+02
   0.43700E+02
   0.43700E+02
   0.44350E+02
   0.44350E+02
   0.44350E+02
   0.44350E+02
   0.44350E+02
   0.42803E+02
   0.42803E+02
   0.42803E+02
   0.42803E+02
   0.42803E+02
   0.43173E+02
   0.43173E+02
   0.43173E+02
   0.43173E+02
   0.43173E+02
   0.44277E+02
   0.44277E+02
   0.44277E+02
   0.44277E+02
   0.44277E+02
   0.44857E+02
   0.44857E+02
   0.44857E+02
   0.44857E+02
   0.44857E+02
   0.43836E+02
   0.43836E+02
   0.43836E+02
   0.43836E+02
   0.43836E+02
   0.43768E+02
   0.43768E+02
   0.43768E+02
   0.43768E+02
   0.43768E+02
   0.43516E+02
   0.43516E+02
   0.43516E+02
   0.43516E+02
   0.43516E+02
   0.43261E+02
   0.43261E+02
   0.43261E+02
   0.43261E+02
   0.43261E+02
   0.43136E+02
   0.43136E+02
   0.43136E+02
   0.43136E+02
   0.43136E+02
   0.44466E+02
   0.44466E+02
   0.44466E+02
   0.44466E+02
   0.44466E+02
   0.43617E+02
   0.43617E+02
   0.43617E+02
   0.43617E+02
   0.43617E+02
   0.43193E+02
   0.43193E+02
   0.43193E+02
   0.43193E+02
   0.43193E+02
   0.43961E+02
   0.43961E+02
   0.43961E+02
   0.43961E+02
   0.43961E+02
   0.43262E+02
   0.43262E+02
   0.43262E+02
   0.43262E+02
   0.43262E+02
   0.44785E+02
   0.44785E+02
   0.44785E+02
   0.44785E+02
   0.44785E+02
   0.43254E+02
   0.43254E+02
   0.43254E+02
   0.43254E+02
   0.43254E+02
   0.43990E+02
   0.43990E+02
   0.43990E+02
   0.43990E+02
   0.43990E+02
   0.44244E+02
   0.44244E+02
   0.44244E+02
   0.44244E+02
   0.44244E+02
   0.43623E+02
   0.43623E+02
   0.43623E+02
   0.43623E+02
   0.43623E+02
   0.43411E+02
   0.43411E+02
   0.43411E+02
   0.43411E+02
   0.43411E+02
   0.43764E+02
   0.43764E+02
   0.43764E+02
   0.43764E+02
   0.43764E+02
   0.44780E+02
   0.44780E+02
   0.44780E+02
   0.44780E+02
   0.44780E+02
   0.43547E+02
   0.43547E+02
   0.43547E+02
   0.43547E+02
   0.43547E+02
   0.44758E+02
   0.44758E+02
   0.44758E+02
   0.44758E+02
   0.44758E+02
   0.44297E+02
   0.44297E+02
   0.44297E+02
   0.44297E+02
   0.44297E+02
   0.44105E+02
   0.44105E+02
   0.44105E+02
   0.44105E+02
   0.44105E+02
   0.44224E+02
   0.44224E+02
   0.44224E+02
   0.44224E+02
   0.44224E+02
   0.43827E+02
   0.43827E+02
   0.43827E+02
   0.43827E+02
   0.43827E+02
   0.43299E+02
   0.43299E+02
   0.43299E+02
   0.43299E+02
   0.43299E+02
   0.43645E+02
   0.43645E+02
   0.43645E+02
   0.43645E+02
   0.43645E+02
   0.43539E+02
   0.43539E+02
   0.43539E+02
   0.43539E+02
   0.43539E+02
   0.44886E+02
   0.44886E+02
   0.44886E+02
   0.44886E+02
   0.44886E+02
   0.43834E+02
   0.43834E+02
   0.43834E+02
   0.43834E+02
   0.43834E+02
   0.45015E+02
   0.45015E+02
   0.45015E+02
   0.45015E+02
   0.45015E+02
   0.43460E+02
   0.43460E+02
   0.43460E+02
   0.43460E+02
   0.43460E+02
   0.44404E+02
   0.44404E+02
   0.44404E+02
   0.44404E+02
   0.44404E+02
   0.43791E+02
   0.43791E+02
   0.43791E+02
   0.43791E+02
   0.43791E+02
   0.44065E+02
   0.44065E+02
   0.44065E+02
   0.44065E+02
   0.44065E+02
   0.44007E+02
   0.44007E+02
   0.44007E+02
   0.44007E+02
   0.44007E+02
   0.43219E+02
   0.43219E+02
   0.43219E+02
   0.43219E+02
   0.43219E+02
   0.43570E+02
   0.43570E+02
   0.43570E+02
   0.43570E+02
   0.43570E+02
   0.43611E+02
   0.43611E+02
   0.43611E+02
   0.43611E+02
   0.43611E+02
   0.43155E+02
   0.43155E+02
   0.43155E+02
   0.43155E+02
   0.43155E+02
   0.44156E+02
   0.44156E+02
   0.44156E+02
   0.44156E+02
   0.44156E+02
   0.44521E+02
   0.44521E+02
   0.44521E+02
   0.44521E+02
   0.44521E+02
   0.44474E+02
   0.44474E+02
   0.44474E+02
   0.44474E+02
   0.44474E+02
   0.44063E+02
   0.44063E+02
   0.44063E+02
   0.44063E+02
   0.44063E+02
   0.44519E+02
   0.44519E+02
   0.44519E+02
   0.44519E+02
   0.44519E+02
   0.43698E+02
   0.43698E+02
   0.43698E+02
   0.43698E+02
   0.43698E+02
   0.43071E+02
   0.43071E+02
   0.43071E+02
   0.43071E+02
   0.43071E+02
   0.43008E+02
   0.43008E+02
   0.43008E+02
   0.43008E+02
   0.43008E+02
   0.43710E+02
   0.43710E+02
   0.43710E+02
   0.43710E+02
   0.43710E+02
   0.43983E+02
   0.43983E+02
   0.43983E+02
   0.43983E+02
   0.43983E+02
   0.42938E+02
   0.42938E+02
   0.42938E+02
   0.42938E+02
   0.42938E+02
   0.43249E+02
   0.43249E+02
   0.43249E+02
   0.43249E+02
   0.43249E+02
   0.44188E+02
   0.44188E+02
   0.44188E+02
   0.44188E+02
   0.44188E+02
   0.44319E+02
   0.44319E+02
   0.44319E+02
   0.44319E+02
   0.44319E+02
   0.44005E+02
   0.44005E+02
   0.44005E+02
   0.44005E+02
   0.44005E+02
   0.42933E+02
   0.42933E+02
   0.42933E+02
   0.42933E+02
   0.42933E+02
   0.43391E+02
   0.43391E+02
   0.43391E+02
   0.43391E+02
   0.43391E+02
   0.43639E+02
   0.43639E+02
   0.43639E+02
   0.43639E+02
   0.43639E+02
   0.43936E+02
   0.43936E+02
   0.43936E+02
   0.43936E+02
   0.43936E+02
   0.43504E+02
   0.43504E+02
   0.43504E+02
   0.43504E+02
   0.43504E+02
   0.43990E+02
   0.43990E+02
   0.43990E+02
   0.43990E+02
   0.43990E+02
   0.44069E+02
   0.44069E+02
   0.44069E+02
   0.44069E+02
   0.44069E+02
   0.43838E+02
   0.43838E+02
   0.43838E+02
   0.43838E+02
   0.43838E+02
   0.44626E+02
   0.44626E+02
   0.44626E+02
   0.44626E+02
   0.44626E+02
   0.43628E+02
   0.43628E+02
   0.43628E+02
   0.43628E+02
   0.43628E+02
   0.44375E+02
   0.44375E+02
   0.44375E+02
   0.44375E+02
   0.44375E+02
   0.44304E+02
   0.44304E+02
   0.44304E+02
   0.44304E+02
   0.44304E+02
   0.45061E+02
   0.45061E+02
   0.45061E+02
   0.45061E+02
   0.45061E+02
   0.43949E+02
   0.43949E+02
   0.43949E+02
   0.43949E+02
   0.43949E+02
   0.43419E+02
   0.43419E+02
   0.43419E+02
   0.43419E+02
   0.43419E+02
   0.43866E+02
   0.43866E+02
   0.43866E+02
   0.43866E+02
   0.43866E+02
   0.43318E+02
   0.43318E+02
   0.43318E+02
   0.43318E+02
   0.43318E+02
   0.43695E+02
   0.43695E+02
   0.43695E+02
   0.43695E+02
   0.43695E+02
   0.43791E+02
   0.43791E+02
   0.43791E+02
   0.43791E+02
   0.43791E+02
   0.44961E+02
   0.44961E+02
   0.44961E+02
   0.44961E+02
   0.44961E+02
   0.44233E+02
   0.44233E+02
   0.44233E+02
   0.44233E+02
   0.44233E+02
   0.42781E+02
   0.42781E+02
   0.42781E+02
   0.42781E+02
   0.42781E+02
   0.44016E+02
   0.44016E+02
   0.44016E+02
   0.44016E+02
   0.44016E+02
   0.43387E+02
   0.43387E+02
   0.43387E+02
   0.43387E+02
   0.43387E+02
   0.44189E+02
   0.44189E+02
   0.44189E+02
   0.44189E+02
   0.44189E+02
   0.45014E+02
   0.45014E+02
   0.45014E+02
   0.45014E+02
   0.45014E+02
   0.44444E+02
   0.44444E+02
   0.44444E+02
   0.44444E+02
   0.44444E+02
   0.44088E+02
   0.44088E+02
   0.44088E+02
   0.44088E+02
   0.44088E+02
   0.43661E+02
   0.43661E+02
   0.43661E+02
   0.43661E+02
   0.43661E+02
   0.43355E+02
   0.43355E+02
   0.43355E+02
   0.43355E+02
   0.43355E+02
   0.43474E+02
   0.43474E+02
   0.43474E+02
   0.43474E+02
   0.43474E+02
   0.44096E+02
   0.44096E+02
   0.44096E+02
   0.44096E+02
   0.44096E+02
   0.43909E+02
   0.43909E+02
   0.43909E+02
   0.43909E+02
   0.43909E+02
   0.44522E+02
   0.44522E+02
   0.44522E+02
   0.44522E+02
   0.44522E+02
   0.43436E+02
   0.43436E+02
   0.43436E+02
   0.43436E+02
   0.43436E+02
   0.44496E+02
   0.44496E+02
   0.44496E+02
   0.44496E+02
   0.44496E+02
   0.43993E+02
   0.43993E+02
   0.43993E+02
   0.43993E+02
   0.43993E+02
   0.44443E+02
   0.44443E+02
   0.44443E+02
   0.44443E+02
   0.44443E+02
   0.44054E+02
   0.44054E+02
   0.44054E+02
   0.44054E+02
   0.44054E+02
   0.42865E+02
   0.42865E+02
   0.42865E+02
   0.42865E+02
   0.42865E+02
   0.43150E+02
   0.43150E+02
   0.43150E+02
   0.43150E+02
   0.43150E+02
   0.43924E+02
   0.43924E+02
   0.43924E+02
   0.43924E+02
   0.43924E+02
   0.43775E+02
   0.43775E+02
   0.43775E+02
   0.43775E+02
   0.43775E+02
   0.43425E+02
   0.43425E+02
   0.43425E+02
   0.43425E+02
   0.43425E+02
   0.44042E+02
   0.44042E+02
   0.44042E+02
   0.44042E+02
   0.44042E+02
   0.43354E+02
   0.43354E+02
   0.43354E+02
   0.43354E+02
   0.43354E+02
   0.43966E+02
   0.43966E+02
   0.43966E+02
   0.43966E+02
   0.43966E+02
   0.43977E+02
   0.43977E+02
   0.43977E+02
   0.43977E+02
   0.43977E+02
   0.43768E+02
   0.43768E+02
   0.43768E+02
   0.43768E+02
   0.43768E+02
   0.44570E+02
   0.44570E+02
   0.44570E+02
   0.44570E+02
   0.44570E+02
   0.43533E+02
   0.43533E+02
   0.43533E+02
   0.43533E+02
   0.43533E+02
   0.43920E+02
   0.43920E+02
   0.43920E+02
   0.43920E+02
   0.43920E+02
   0.43921E+02
   0.43921E+02
   0.43921E+02
   0.43921E+02
   0.43921E+02
   0.44327E+02
   0.44327E+02
   0.44327E+02
   0.44327E+02
   0.44327E+02
   0.43655E+02
   0.43655E+02
   0.43655E+02
   0.43655E+02
   0.43655E+02
   0.44422E+02
   0.44422E+02
   0.44422E+02
   0.44422E+02
   0.44422E+02
   0.43949E+02
   0.43949E+02
   0.43949E+02
   0.43949E+02
   0.43949E+02
   0.43634E+02
   0.43634E+02
   0.43634E+02
   0.43634E+02
   0.43634E+02
   0.43589E+02
   0.43589E+02
   0.43589E+02
   0.43589E+02
   0.43589E+02
   0.44138E+02
   0.44138E+02
   0.44138E+02
   0.44138E+02
   0.44138E+02
   0.44153E+02
   0.44153E+02
   0.44153E+02
   0.44153E+02
   0.44153E+02
   0.44493E+02
   0.44493E+02
   0.44493E+02
   0.44493E+02
   0.44493E+02
   0.44185E+02
   0.44185E+02
   0.44185E+02
   0.44185E+02
   0.44185E+02
   0.44391E+02
   0.44391E+02
   0.44391E+02
   0.44391E+02
   0.44391E+02
   0.44291E+02
   0.44291E+02
   0.44291E+02
   0.44291E+02
   0.44291E+02
   0.43153E+02
   0.43153E+02
   0.43153E+02
   0.43153E+02
   0.43153E+02
   0.43417E+02
   0.43417E+02
   0.43417E+02
   0.43417E+02
   0.43417E+02
   0.43748E+02
   0.43748E+02
   0.43748E+02
   0.43748E+02
   0.43748E+02
   0.43644E+02
   0.43644E+02
   0.43644E+02
   0.43644E+02
   0.43644E+02
   0.44783E+02
   0.44783E+02
   0.44783E+02
   0.44783E+02
   0.44783E+02
   0.43524E+02
   0.43524E+02
   0.43524E+02
   0.43524E+02
   0.43524E+02
   0.44629E+02
   0.44629E+02
   0.44629E+02
   0.44629E+02
   0.44629E+02
   0.43645E+02
   0.43645E+02
   0.43645E+02
   0.43645E+02
   0.43645E+02
   0.44181E+02
   0.44181E+02
   0.44181E+02
   0.44181E+02
   0.44181E+02
   0.42816E+02
   0.42816E+02
   0.42816E+02
   0.42816E+02
   0.42816E+02
   0.43657E+02
   0.43657E+02
   0.43657E+02
   0.43657E+02
   0.43657E+02
   0.43881E+02
   0.43881E+02
   0.43881E+02
   0.43881E+02
   0.43881E+02
   0.44572E+02
   0.44572E+02
   0.44572E+02
   0.44572E+02
   0.44572E+02
   0.43757E+02
   0.43757E+02
   0.43757E+02
   0.43757E+02
   0.43757E+02
   0.44574E+02
   0.44574E+02
   0.44574E+02
   0.44574E+02
   0.44574E+02
   0.43588E+02
   0.43588E+02
   0.43588E+02
   0.43588E+02
   0.43588E+02
   0.43424E+02
   0.43424E+02
   0.43424E+02
   0.43424E+02
   0.43424E+02
   0.43226E+02
   0.43226E+02
   0.43226E+02
   0.43226E+02
   0.43226E+02
   0.43993E+02
   0.43993E+02
   0.43993E+02
   0.43993E+02
   0.43993E+02
   0.43584E+02
   0.43584E+02
   0.43584E+02
   0.43584E+02
   0.43584E+02
   0.43407E+02
   0.43407E+02
   0.43407E+02
   0.43407E+02
   0.43407E+02
   0.43905E+02
   0.43905E+02
   0.43905E+02
   0.43905E+02
   0.43905E+02
   0.44141E+02
   0.44141E+02
   0.44141E+02
   0.44141E+02
   0.44141E+02
   0.43804E+02
   0.43804E+02
   0.43804E+02
   0.43804E+02
   0.43804E+02
   0.44220E+02
   0.44220E+02
   0.44220E+02
   0.44220E+02
   0.44220E+02
   0.44454E+02
   0.44454E+02
   0.44454E+02
   0.44454E+02
   0.44454E+02
   0.43857E+02
   0.43857E+02
   0.43857E+02
   0.43857E+02
   0.43857E+02
   0.43237E+02
   0.43237E+02
   0.43237E+02
   0.43237E+02
   0.43237E+02
   0.43542E+02
   0.43542E+02
   0.43542E+02
   0.43542E+02
   0.43542E+02
   0.44129E+02
   0.44129E+02
   0.44129E+02
   0.44129E+02
   0.44129E+02
   0.44541E+02
   0.44541E+02
   0.44541E+02
   0.44541E+02
   0.44541E+02
   0.43644E+02
   0.43644E+02
   0.43644E+02
   0.43644E+02
   0.43644E+02
   0.43788E+02
   0.43788E+02
   0.43788E+02
   0.43788E+02
   0.43788E+02
   0.43999E+02
   0.43999E+02
   0.43999E+02
   0.43999E+02
   0.43999E+02
   0.43548E+02
   0.43548E+02
   0.43548E+02
   0.43548E+02
   0.43548E+02
   0.42829E+02
   0.42829E+02
   0.42829E+02
   0.42829E+02
   0.42829E+02
   0.44136E+02
   0.44136E+02
   0.44136E+02
   0.44136E+02
   0.44136E+02
   0.43202E+02
   0.43202E+02
   0.43202E+02
   0.43202E+02
   0.43202E+02
   0.44039E+02
   0.44039E+02
   0.44039E+02
   0.44039E+02
   0.44039E+02
   0.44640E+02
   0.44640E+02
   0.44640E+02
   0.44640E+02
   0.44640E+02
   0.44026E+02
   0.44026E+02
   0.44026E+02
   0.44026E+02
   0.44026E+02
   0.42872E+02
   0.42872E+02
   0.42872E+02
   0.42872E+02
   0.42872E+02
   0.44729E+02
   0.44729E+02
   0.44729E+02
   0.44729E+02
   0.44729E+02
   0.44553E+02
   0.44553E+02
   0.44553E+02
   0.44553E+02
   0.44553E+02
   0.44448E+02
   0.44448E+02
   0.44448E+02
   0.44448E+02
   0.44448E+02
   0.44903E+02
   0.44903E+02
   0.44903E+02
   0.44903E+02
   0.44903E+02
   0.44198E+02
   0.44198E+02
   0.44198E+02
   0.44198E+02
   0.44198E+02
   0.43681E+02
   0.43681E+02
   0.43681E+02
   0.43681E+02
   0.43681E+02
   0.43919E+02
   0.43919E+02
   0.43919E+02
   0.43919E+02
   0.43919E+02
   0.44244E+02
   0.44244E+02
   0.44244E+02
   0.44244E+02
   0.44244E+02
   0.43706E+02
   0.43706E+02
   0.43706E+02
   0.43706E+02
   0.43706E+02
   0.44579E+02
   0.44579E+02
   0.44579E+02
   0.44579E+02
   0.44579E+02
   0.43596E+02
   0.43596E+02
   0.43596E+02
   0.43596E+02
   0.43596E+02
   0.43918E+02
   0.43918E+02
   0.43918E+02
   0.43918E+02
   0.43918E+02
   0.44521E+02
   0.44521E+02
   0.44521E+02
   0.44521E+02
   0.44521E+02
   0.44173E+02
   0.44173E+02
   0.44173E+02
   0.44173E+02
   0.44173E+02
   0.43762E+02
   0.43762E+02
   0.43762E+02
   0.43762E+02
   0.43762E+02
   0.43346E+02
   0.43346E+02
   0.43346E+02
   0.43346E+02
   0.43346E+02
   0.43633E+02
   0.43633E+02
   0.43633E+02
   0.43633E+02
   0.43633E+02
   0.43992E+02
   0.43992E+02
   0.43992E+02
   0.43992E+02
   0.43992E+02
   0.44030E+02
   0.44030E+02
   0.44030E+02
   0.44030E+02
   0.44030E+02
   0.44182E+02
   0.44182E+02
   0.44182E+02
   0.44182E+02
   0.44182E+02
   0.43679E+02
   0.43679E+02
   0.43679E+02
   0.43679E+02
   0.43679E+02
   0.43950E+02
   0.43950E+02
   0.43950E+02
   0.43950E+02
   0.43950E+02
   0.43838E+02
   0.43838E+02
   0.43838E+02
   0.43838E+02
   0.43838E+02
   0.44005E+02
   0.44005E+02
   0.44005E+02
   0.44005E+02
   0.44005E+02
   0.44234E+02
   0.44234E+02
   0.44234E+02
   0.44234E+02
   0.44234E+02
   0.43377E+02
   0.43377E+02
   0.43377E+02
   0.43377E+02
   0.43377E+02
   0.43338E+02
   0.43338E+02
   0.43338E+02
   0.43338E+02
   0.43338E+02
   0.44564E+02
   0.44564E+02
   0.44564E+02
   0.44564E+02
   0.44564E+02
   0.44005E+02
   0.44005E+02
   0.44005E+02
   0.44005E+02
   0.44005E+02
   0.43857E+02
   0.43857E+02
   0.43857E+02
   0.43857E+02
   0.43857E+02
   0.43798E+02
   0.43798E+02
   0.43798E+02
   0.43798E+02
   0.43798E+02
   0.43482E+02
   0.43482E+02
   0.43482E+02
   0.43482E+02
   0.43482E+02
   0.43871E+02
   0.43871E+02
   0.43871E+02
   0.43871E+02
   0.43871E+02
   0.43020E+02
   0.43020E+02
   0.43020E+02
   0.43020E+02
   0.43020E+02
   0.44133E+02
   0.44133E+02
   0.44133E+02
   0.44133E+02
   0.44133E+02
   0.43868E+02
   0.43868E+02
   0.43868E+02
   0.43868E+02
   0.43868E+02
   0.44552E+02
   0.44552E+02
   0.44552E+02
   0.44552E+02
   0.44552E+02
   0.44531E+02
   0.44531E+02
   0.44531E+02
   0.44531E+02
   0.44531E+02
   0.44293E+02
   0.44293E+02
   0.44293E+02
   0.44293E+02
   0.44293E+02
   0.44356E+02
   0.44356E+02
   0.44356E+02
   0.44356E+02
   0.44356E+02
   0.43087E+02
   0.43087E+02
   0.43087E+02
   0.43087E+02
   0.43087E+02
   0.43920E+02
   0.43920E+02
   0.43920E+02
   0.43920E+02
   0.43920E+02
   0.44568E+02
   0.44568E+02
   0.44568E+02
   0.44568E+02
   0.44568E+02
   0.43503E+02
   0.43503E+02
   0.43503E+02
   0.43503E+02
   0.43503E+02
   0.43090E+02
   0.43090E+02
   0.43090E+02
   0.43090E+02
   0.43090E+02
   0.43812E+02
   0.43812E+02
   0.43812E+02
   0.43812E+02
   0.43812E+02
   0.43362E+02
   0.43362E+02
   0.43362E+02
   0.43362E+02
   0.43362E+02
   0.43812E+02
   0.43812E+02
   0.43812E+02
   0.43812E+02
   0.43812E+02
   0.43923E+02
   0.43923E+02
   0.43923E+02
   0.43923E+02
   0.43923E+02
   0.44087E+02
   0.44087E+02
   0.44087E+02
   0.44087E+02
   0.44087E+02
   0.43558E+02
   0.43558E+02
   0.43558E+02
   0.43558E+02
   0.43558E+02
   0.43507E+02
   0.43507E+02
   0.43507E+02
   0.43507E+02
   0.43507E+02
   0.43901E+02
   0.43901E+02
   0.43901E+02
   0.43901E+02
   0.43901E+02
   0.43222E+02
   0.43222E+02
   0.43222E+02
   0.43222E+02
   0.43222E+02
   0.43865E+02
   0.43865E+02
   0.43865E+02
   0.43865E+02
   0.43865E+02
   0.43644E+02
   0.43644E+02
   0.43644E+02
   0.43644E+02
   0.43644E+02
   0.44212E+02
   0.44212E+02
   0.44212E+02
   0.44212E+02
   0.44212E+02
   0.44064E+02
   0.44064E+02
   0.44064E+02
   0.44064E+02
   0.44064E+02
   0.44133E+02
   0.44133E+02
   0.44133E+02
   0.44133E+02
   0.44133E+02
   0.43557E+02
   0.43557E+02
   0.43557E+02
   0.43557E+02
   0.43557E+02
   0.43385E+02
   0.43385E+02
   0.43385E+02
   0.43385E+02
   0.43385E+02
   0.42931E+02
   0.42931E+02
   0.42931E+02
   0.42931E+02
   0.42931E+02
   0.43703E+02
   0.43703E+02
   0.43703E+02
   0.43703E+02
   0.43703E+02
   0.43631E+02
   0.43631E+02
   0.43631E+02
   0.43631E+02
   0.43631E+02
   0.44802E+02
   0.44802E+02
   0.44802E+02
   0.44802E+02
   0.44802E+02
   0.42834E+02
   0.42834E+02
   0.42834E+02
   0.42834E+02
   0.42834E+02
   0.43699E+02
   0.43699E+02
   0.43699E+02
   0.43699E+02
   0.43699E+02
   0.43460E+02
   0.43460E+02
   0.43460E+02
   0.43460E+02
   0.43460E+02
   0.44039E+02
   0.44039E+02
   0.44039E+02
   0.44039E+02
   0.44039E+02
   0.43023E+02
   0.43023E+02
   0.43023E+02
   0.43023E+02
   0.43023E+02
   0.44163E+02
   0.44163E+02
   0.44163E+02
   0.44163E+02
   0.44163E+02
   0.43961E+02
   0.43961E+02
   0.43961E+02
   0.43961E+02
   0.43961E+02
   0.43892E+02
   0.43892E+02
   0.43892E+02
   0.43892E+02
   0.43892E+02
   0.43785E+02
   0.43785E+02
   0.43785E+02
   0.43785E+02
   0.43785E+02
   0.43297E+02
   0.43297E+02
   0.43297E+02
   0.43297E+02
   0.43297E+02
   0.43118E+02
   0.43118E+02
   0.43118E+02
   0.43118E+02
   0.43118E+02
   0.42737E+02
   0.42737E+02
   0.42737E+02
   0.42737E+02
   0.42737E+02
   0.43763E+02
   0.43763E+02
   0.43763E+02
   0.43763E+02
   0.43763E+02
   0.43374E+02
   0.43374E+02
   0.43374E+02
   0.43374E+02
   0.43374E+02
   0.43659E+02
   0.43659E+02
   0.43659E+02
   0.43659E+02
   0.43659E+02
   0.43098E+02
   0.43098E+02
   0.43098E+02
   0.43098E+02
   0.43098E+02
   0.42959E+02
   0.42959E+02
   0.42959E+02
   0.42959E+02
   0.42959E+02
   0.44223E+02
   0.44223E+02
   0.44223E+02
   0.44223E+02
   0.44223E+02
   0.43684E+02
   0.43684E+02
   0.43684E+02
   0.43684E+02
   0.43684E+02
   0.43628E+02
   0.43628E+02
   0.43628E+02
   0.43628E+02
   0.43628E+02
   0.43225E+02
   0.43225E+02
   0.43225E+02
   0.43225E+02
   0.43225E+02
   0.44120E+02
   0.44120E+02
   0.44120E+02
   0.44120E+02
   0.44120E+02
   0.43910E+02
   0.43910E+02
   0.43910E+02
   0.43910E+02
   0.43910E+02
   0.44301E+02
   0.44301E+02
   0.44301E+02
   0.44301E+02
   0.44301E+02
   0.43052E+02
   0.43052E+02
   0.43052E+02
   0.43052E+02
   0.43052E+02
   0.43307E+02
   0.43307E+02
   0.43307E+02
   0.43307E+02
   0.43307E+02
   0.43182E+02
   0.43182E+02
   0.43182E+02
   0.43182E+02
   0.43182E+02
   0.43560E+02
   0.43560E+02
   0.43560E+02
   0.43560E+02
   0.43560E+02
   0.44015E+02
   0.44015E+02
   0.44015E+02
   0.44015E+02
   0.44015E+02
   0.43778E+02
   0.43778E+02
   0.43778E+02
   0.43778E+02
   0.43778E+02
   0.44214E+02
   0.44214E+02
   0.44214E+02
   0.44214E+02
   0.44214E+02
   0.43303E+02
   0.43303E+02
   0.43303E+02
   0.43303E+02
   0.43303E+02
   0.44295E+02
   0.44295E+02
   0.44295E+02
   0.44295E+02
   0.44295E+02
   0.44710E+02
   0.44710E+02
   0.44710E+02
   0.44710E+02
   0.44710E+02
   0.43930E+02
   0.43930E+02
   0.43930E+02
   0.43930E+02
   0.43930E+02
   0.44404E+02
   0.44404E+02
   0.44404E+02
   0.44404E+02
   0.44404E+02
   0.44589E+02
   0.44589E+02
   0.44589E+02
   0.44589E+02
   0.44589E+02
   0.44842E+02
   0.44842E+02
   0.44842E+02
   0.44842E+02
   0.44842E+02
   0.43460E+02
   0.43460E+02
   0.43460E+02
   0.43460E+02
   0.43460E+02
   0.43031E+02
   0.43031E+02
   0.43031E+02
   0.43031E+02
   0.43031E+02
   0.43984E+02
   0.43984E+02
   0.43984E+02
   0.43984E+02
   0.43984E+02
   0.42691E+02
   0.42691E+02
   0.42691E+02
   0.42691E+02
   0.42691E+02
   0.43687E+02
   0.43687E+02
   0.43687E+02
   0.43687E+02
   0.43687E+02
   0.43948E+02
   0.43948E+02
   0.43948E+02
   0.43948E+02
   0.43948E+02
   0.43778E+02
   0.43778E+02
   0.43778E+02
   0.43778E+02
   0.43778E+02
   0.43755E+02
   0.43755E+02
   0.43755E+02
   0.43755E+02
   0.43755E+02
   0.43594E+02
   0.43594E+02
   0.43594E+02
   0.43594E+02
   0.43594E+02
   0.43911E+02
   0.43911E+02
   0.43911E+02
   0.43911E+02
   0.43911E+02
   0.44171E+02
   0.44171E+02
   0.44171E+02
   0.44171E+02
   0.44171E+02
   0.44588E+02
   0.44588E+02
   0.44588E+02
   0.44588E+02
   0.44588E+02
   0.43563E+02
   0.43563E+02
   0.43563E+02
   0.43563E+02
   0.43563E+02
   0.43413E+02
   0.43413E+02
   0.43413E+02
   0.43413E+02
   0.43413E+02
   0.44347E+02
   0.44347E+02
   0.44347E+02
   0.44347E+02
   0.44347E+02
   0.43439E+02
   0.43439E+02
   0.43439E+02
   0.43439E+02
   0.43439E+02
   0.43299E+02
   0.43299E+02
   0.43299E+02
   0.43299E+02
   0.43299E+02
   0.43988E+02
   0.43988E+02
   0.43988E+02
   0.43988E+02
   0.43988E+02
   0.42932E+02
   0.42932E+02
   0.42932E+02
   0.42932E+02
   0.42932E+02
   0.43659E+02
   0.43659E+02
   0.43659E+02
   0.43659E+02
   0.43659E+02
   0.44243E+02
   0.44243E+02
   0.44243E+02
   0.44243E+02
   0.44243E+02
   0.44403E+02
   0.44403E+02
   0.44403E+02
   0.44403E+02
   0.44403E+02
   0.45045E+02
   0.45045E+02
   0.45045E+02
   0.45045E+02
   0.45045E+02
   0.43794E+02
   0.43794E+02
   0.43794E+02
   0.43794E+02
   0.43794E+02
   0.44284E+02
   0.44284E+02
   0.44284E+02
   0.44284E+02
   0.44284E+02
   0.43680E+02
   0.43680E+02
   0.43680E+02
   0.43680E+02
   0.43680E+02
   0.43616E+02
   0.43616E+02
   0.43616E+02
   0.43616E+02
   0.43616E+02
   0.43301E+02
   0.43301E+02
   0.43301E+02
   0.43301E+02
   0.43301E+02
   0.43867E+02
   0.43867E+02
   0.43867E+02
   0.43867E+02
   0.43867E+02
   0.44064E+02
   0.44064E+02
   0.44064E+02
   0.44064E+02
   0.44064E+02
   0.43788E+02
   0.43788E+02
   0.43788E+02
   0.43788E+02
   0.43788E+02
   0.44080E+02
   0.44080E+02
   0.44080E+02
   0.44080E+02
   0.44080E+02
   0.44418E+02
   0.44418E+02
   0.44418E+02
   0.44418E+02
   0.44418E+02
   0.43650E+02
   0.43650E+02
   0.43650E+02
   0.43650E+02
   0.43650E+02
   0.43632E+02
   0.43632E+02
   0.43632E+02
   0.43632E+02
   0.43632E+02
   0.43018E+02
   0.43018E+02
   0.43018E+02
   0.43018E+02
   0.43018E+02
   0.43598E+02
   0.43598E+02
   0.43598E+02
   0.43598E+02
   0.43598E+02
   0.43127E+02
   0.43127E+02
   0.43127E+02
   0.43127E+02
   0.43127E+02
   0.44235E+02
   0.44235E+02
   0.44235E+02
   0.44235E+02
   0.44235E+02
   0.44507E+02
   0.44507E+02
   0.44507E+02
   0.44507E+02
   0.44507E+02
   0.44474E+02
   0.44474E+02
   0.44474E+02
   0.44474E+02
   0.44474E+02
   0.44381E+02
   0.44381E+02
   0.44381E+02
   0.44381E+02
   0.44381E+02
   0.43994E+02
   0.43994E+02
   0.43994E+02
   0.43994E+02
   0.43994E+02
   0.44008E+02
   0.44008E+02
   0.44008E+02
   0.44008E+02
   0.44008E+02
   0.42864E+02
   0.42864E+02
   0.42864E+02
   0.42864E+02
   0.42864E+02
   0.44665E+02
   0.44665E+02
   0.44665E+02
   0.44665E+02
   0.44665E+02
   0.43295E+02
   0.43295E+02
   0.43295E+02
   0.43295E+02
   0.43295E+02
   0.44521E+02
   0.44521E+02
   0.44521E+02
   0.44521E+02
   0.44521E+02
   0.44503E+02
   0.44503E+02
   0.44503E+02
   0.44503E+02
   0.44503E+02
   0.43589E+02
   0.43589E+02
   0.43589E+02
   0.43589E+02
   0.43589E+02
   0.44186E+02
   0.44186E+02
   0.44186E+02
   0.44186E+02
   0.44186E+02
   0.43298E+02
   0.43298E+02
   0.43298E+02
   0.43298E+02
   0.43298E+02
   0.43333E+02
   0.43333E+02
   0.43333E+02
   0.43333E+02
   0.43333E+02
   0.42969E+02
   0.42969E+02
   0.42969E+02
   0.42969E+02
   0.42969E+02
   0.44281E+02
   0.44281E+02
   0.44281E+02
   0.44281E+02
   0.44281E+02
   0.43446E+02
   0.43446E+02
   0.43446E+02
   0.43446E+02
   0.43446E+02
   0.43815E+02
   0.43815E+02
   0.43815E+02
   0.43815E+02
   0.43815E+02
   0.43579E+02
   0.43579E+02
   0.43579E+02
   0.43579E+02
   0.43579E+02
   0.44322E+02
   0.44322E+02
   0.44322E+02
   0.44322E+02
   0.44322E+02
   0.43835E+02
   0.43835E+02
   0.43835E+02
   0.43835E+02
   0.43835E+02
   0.44163E+02
   0.44163E+02
   0.44163E+02
   0.44163E+02
   0.44163E+02
   0.43851E+02
   0.43851E+02
   0.43851E+02
   0.43851E+02
   0.43851E+02
   0.44663E+02
   0.44663E+02
   0.44663E+02
   0.44663E+02
   0.44663E+02
   0.43110E+02
   0.43110E+02
   0.43110E+02
   0.43110E+02
   0.43110E+02
   0.43666E+02
   0.43666E+02
   0.43666E+02
   0.43666E+02
   0.43666E+02
   0.43858E+02
   0.43858E+02
   0.43858E+02
   0.43858E+02
   0.43858E+02
   0.43979E+02
   0.43979E+02
   0.43979E+02
   0.43979E+02
   0.43979E+02
   0.43752E+02
   0.43752E+02
   0.43752E+02
   0.43752E+02
   0.43752E+02
   0.43459E+02
   0.43459E+02
   0.43459E+02
   0.43459E+02
   0.43459E+02
   0.43150E+02
   0.43150E+02
   0.43150E+02
   0.43150E+02
   0.43150E+02
   0.44121E+02
   0.44121E+02
   0.44121E+02
   0.44121E+02
   0.44121E+02
   0.44759E+02
   0.44759E+02
   0.44759E+02
   0.44759E+02
   0.44759E+02
   0.43546E+02
   0.43546E+02
   0.43546E+02
   0.43546E+02
   0.43546E+02
   0.44494E+02
   0.44494E+02
   0.44494E+02
   0.44494E+02
   0.44494E+02
   0.43311E+02
   0.43311E+02
   0.43311E+02
   0.43311E+02
   0.43311E+02
   0.42821E+02
   0.42821E+02
   0.42821E+02
   0.42821E+02
   0.42821E+02
   0.44322E+02
   0.44322E+02
   0.44322E+02
   0.44322E+02
   0.44322E+02
   0.43303E+02
   0.43303E+02
   0.43303E+02
   0.43303E+02
   0.43303E+02
   0.43187E+02
   0.43187E+02
   0.43187E+02
   0.43187E+02
   0.43187E+02
   0.43879E+02
   0.43879E+02
   0.43879E+02
   0.43879E+02
   0.43879E+02
   0.43438E+02
   0.43438E+02
   0.43438E+02
   0.43438E+02
   0.43438E+02
   0.43536E+02
   0.43536E+02
   0.43536E+02
   0.43536E+02
   0.43536E+02
   0.44446E+02
   0.44446E+02
   0.44446E+02
   0.44446E+02
   0.44446E+02
   0.44558E+02
   0.44558E+02
   0.44558E+02
   0.44558E+02
   0.44558E+02
   0.44071E+02
   0.44071E+02
   0.44071E+02
   0.44071E+02
   0.44071E+02
   0.43233E+02
   0.43233E+02
   0.43233E+02
   0.43233E+02
   0.43233E+02
   0.43958E+02
   0.43958E+02
   0.43958E+02
   0.43958E+02
   0.43958E+02
   0.43828E+02
   0.43828E+02
   0.43828E+02
   0.43828E+02
   0.43828E+02
   0.44792E+02
   0.44792E+02
   0.44792E+02
   0.44792E+02
   0.44792E+02
   0.44108E+02
   0.44108E+02
   0.44108E+02
   0.44108E+02
   0.44108E+02
   0.44016E+02
   0.44016E+02
   0.44016E+02
   0.44016E+02
   0.44016E+02
   0.43323E+02
   0.43323E+02
   0.43323E+02
   0.43323E+02
   0.43323E+02
   0.43744E+02
   0.43744E+02
   0.43744E+02
   0.43744E+02
   0.43744E+02
   0.45285E+02
   0.45285E+02
   0.45285E+02
   0.45285E+02
   0.45285E+02
   0.43845E+02
   0.43845E+02
   0.43845E+02
   0.43845E+02
   0.43845E+02
   0.44350E+02
   0.44350E+02
   0.44350E+02
   0.44350E+02
   0.44350E+02
   0.43706E+02
   0.43706E+02
   0.43706E+02
   0.43706E+02
   0.43706E+02
   0.44017E+02
   0.44017E+02
   0.44017E+02
   0.44017E+02
   0.44017E+02
   0.43381E+02
   0.43381E+02
   0.43381E+02
   0.43381E+02
   0.43381E+02
   0.44092E+02
   0.44092E+02
   0.44092E+02
   0.44092E+02
   0.44092E+02
   0.43470E+02
   0.43470E+02
   0.43470E+02
   0.43470E+02
   0.43470E+02
   0.43970E+02
   0.43970E+02
   0.43970E+02
   0.43970E+02
   0.43970E+02
   0.44499E+02
   0.44499E+02
   0.44499E+02
   0.44499E+02
   0.44499E+02
   0.43434E+02
   0.43434E+02
   0.43434E+02
   0.43434E+02
   0.43434E+02
   0.44151E+02
   0.44151E+02
   0.44151E+02
   0.44151E+02
   0.44151E+02
   0.43864E+02
   0.43864E+02
   0.43864E+02
   0.43864E+02
   0.43864E+02
   0.43173E+02
   0.43173E+02
   0.43173E+02
   0.43173E+02
   0.43173E+02
