   0.43828E+02
   0.43828E+02
   0.43828E+02
   0.43828E+02
   0.43828E+02
   0.43922E+02
   0.43922E+02
   0.43922E+02
   0.43922E+02
   0.43922E+02
   0.43989E+02
   0.43989E+02
   0.43989E+02
   0.43989E+02
   0.43989E+02
   0.43262E+02
   0.43262E+02
   0.43262E+02
   0.43262E+02
   0.43262E+02
   0.43763E+02
   0.43763E+02
   0.43763E+02
   0.43763E+02
   0.43763E+02
   0.45492E+02
   0.45492E+02
   0.45492E+02
   0.45492E+02
   0.45492E+02
   0.44409E+02
   0.44409E+02
   0.44409E+02
   0.44409E+02
   0.44409E+02
   0.44666E+02
   0.44666E+02
   0.44666E+02
   0.44666E+02
   0.44666E+02
   0.45200E+02
   0.45200E+02
   0.45200E+02
   0.45200E+02
   0.45200E+02
   0.43529E+02
   0.43529E+02
   0.43529E+02
   0.43529E+02
   0.43529E+02
   0.42890E+02
   0.42890E+02
   0.42890E+02
   0.42890E+02
   0.42890E+02
   0.44052E+02
   0.44052E+02
   0.44052E+02
   0.44052E+02
   0.44052E+02
   0.43484E+02
   0.43484E+02
   0.43484E+02
   0.43484E+02
   0.43484E+02
   0.44070E+02
   0.44070E+02
   0.44070E+02
   0.44070E+02
   0.44070E+02
   0.43337E+02
   0.43337E+02
   0.43337E+02
   0.43337E+02
   0.43337E+02
   0.44764E+02
   0.44764E+02
   0.44764E+02
   0.44764E+02
   0.44764E+02
   0.43227E+02
   0.43227E+02
   0.43227E+02
   0.43227E+02
   0.43227E+02
   0.42989E+02
   0.42989E+02
   0.42989E+02
   0.42989E+02
   0.42989E+02
   0.44314E+02
   0.44314E+02
   0.44314E+02
   0.44314E+02
   0.44314E+02
   0.44001E+02
   0.44001E+02
   0.44001E+02
   0.44001E+02
   0.44001E+02
   0.44467E+02
   0.44467E+02
   0.44467E+02
   0.44467E+02
   0.44467E+02
   0.44900E+02
   0.44900E+02
   0.44900E+02
   0.44900E+02
   0.44900E+02
   0.44039E+02
   0.44039E+02
   0.44039E+02
   0.44039E+02
   0.44039E+02
   0.43931E+02
   0.43931E+02
   0.43931E+02
   0.43931E+02
   0.43931E+02
   0.43756E+02
   0.43756E+02
   0.43756E+02
   0.43756E+02
   0.43756E+02
   0.42838E+02
   0.42838E+02
   0.42838E+02
   0.42838E+02
   0.42838E+02
   0.43166E+02
   0.43166E+02
   0.43166E+02
   0.43166E+02
   0.43166E+02
   0.44470E+02
   0.44470E+02
   0.44470E+02
   0.44470E+02
   0.44470E+02
   0.43576E+02
   0.43576E+02
   0.43576E+02
   0.43576E+02
   0.43576E+02
   0.42963E+02
   0.42963E+02
   0.42963E+02
   0.42963E+02
   0.42963E+02
   0.43806E+02
   0.43806E+02
   0.43806E+02
   0.43806E+02
   0.43806E+02
   0.44585E+02
   0.44585E+02
   0.44585E+02
   0.44585E+02
   0.44585E+02
   0.44366E+02
   0.44366E+02
   0.44366E+02
   0.44366E+02
   0.44366E+02
   0.43282E+02
   0.43282E+02
   0.43282E+02
   0.43282E+02
   0.43282E+02
   0.43775E+02
   0.43775E+02
   0.43775E+02
   0.43775E+02
   0.43775E+02
   0.44128E+02
   0.44128E+02
   0.44128E+02
   0.44128E+02
   0.44128E+02
   0.44209E+02
   0.44209E+02
   0.44209E+02
   0.44209E+02
   0.44209E+02
   0.43605E+02
   0.43605E+02
   0.43605E+02
   0.43605E+02
   0.43605E+02
   0.43247E+02
   0.43247E+02
   0.43247E+02
   0.43247E+02
   0.43247E+02
   0.44803E+02
   0.44803E+02
   0.44803E+02
   0.44803E+02
   0.44803E+02
   0.44261E+02
   0.44261E+02
   0.44261E+02
   0.44261E+02
   0.44261E+02
   0.44215E+02
   0.44215E+02
   0.44215E+02
   0.44215E+02
   0.44215E+02
   0.44290E+02
   0.44290E+02
   0.44290E+02
   0.44290E+02
   0.44290E+02
   0.43972E+02
   0.43972E+02
   0.43972E+02
   0.43972E+02
   0.43972E+02
   0.43733E+02
   0.43733E+02
   0.43733E+02
   0.43733E+02
   0.43733E+02
   0.43338E+02
   0.43338E+02
   0.43338E+02
   0.43338E+02
   0.43338E+02
   0.43249E+02
   0.43249E+02
   0.43249E+02
   0.43249E+02
   0.43249E+02
   0.44073E+02
   0.44073E+02
   0.44073E+02
   0.44073E+02
   0.44073E+02
   0.44516E+02
   0.44516E+02
   0.44516E+02
   0.44516E+02
   0.44516E+02
   0.43460E+02
   0.43460E+02
   0.43460E+02
   0.43460E+02
   0.43460E+02
   0.43624E+02
   0.43624E+02
   0.43624E+02
   0.43624E+02
   0.43624E+02
   0.43326E+02
   0.43326E+02
   0.43326E+02
   0.43326E+02
   0.43326E+02
   0.43788E+02
   0.43788E+02
   0.43788E+02
   0.43788E+02
   0.43788E+02
   0.43523E+02
   0.43523E+02
   0.43523E+02
   0.43523E+02
   0.43523E+02
   0.43073E+02
   0.43073E+02
   0.43073E+02
   0.43073E+02
   0.43073E+02
   0.44714E+02
   0.44714E+02
   0.44714E+02
   0.44714E+02
   0.44714E+02
   0.43936E+02
   0.43936E+02
   0.43936E+02
   0.43936E+02
   0.43936E+02
   0.43539E+02
   0.43539E+02
   0.43539E+02
   0.43539E+02
   0.43539E+02
   0.44564E+02
   0.44564E+02
   0.44564E+02
   0.44564E+02
   0.44564E+02
   0.44058E+02
   0.44058E+02
   0.44058E+02
   0.44058E+02
   0.44058E+02
   0.43962E+02
   0.43962E+02
   0.43962E+02
   0.43962E+02
   0.43962E+02
   0.43460E+02
   0.43460E+02
   0.43460E+02
   0.43460E+02
   0.43460E+02
   0.44155E+02
   0.44155E+02
   0.44155E+02
   0.44155E+02
   0.44155E+02
   0.44637E+02
   0.44637E+02
   0.44637E+02
   0.44637E+02
   0.44637E+02
   0.43802E+02
   0.43802E+02
   0.43802E+02
   0.43802E+02
   0.43802E+02
   0.43699E+02
   0.43699E+02
   0.43699E+02
   0.43699E+02
   0.43699E+02
   0.43591E+02
   0.43591E+02
   0.43591E+02
   0.43591E+02
   0.43591E+02
   0.44111E+02
   0.44111E+02
   0.44111E+02
   0.44111E+02
   0.44111E+02
   0.43231E+02
   0.43231E+02
   0.43231E+02
   0.43231E+02
   0.43231E+02
   0.43256E+02
   0.43256E+02
   0.43256E+02
   0.43256E+02
   0.43256E+02
   0.43843E+02
   0.43843E+02
   0.43843E+02
   0.43843E+02
   0.43843E+02
   0.43991E+02
   0.43991E+02
   0.43991E+02
   0.43991E+02
   0.43991E+02
   0.43910E+02
   0.43910E+02
   0.43910E+02
   0.43910E+02
   0.43910E+02
   0.43785E+02
   0.43785E+02
   0.43785E+02
   0.43785E+02
   0.43785E+02
   0.43355E+02
   0.43355E+02
   0.43355E+02
   0.43355E+02
   0.43355E+02
   0.43732E+02
   0.43732E+02
   0.43732E+02
   0.43732E+02
   0.43732E+02
   0.44417E+02
   0.44417E+02
   0.44417E+02
   0.44417E+02
   0.44417E+02
   0.43159E+02
   0.43159E+02
   0.43159E+02
   0.43159E+02
   0.43159E+02
   0.43404E+02
   0.43404E+02
   0.43404E+02
   0.43404E+02
   0.43404E+02
   0.43037E+02
   0.43037E+02
   0.43037E+02
   0.43037E+02
   0.43037E+02
   0.44182E+02
   0.44182E+02
   0.44182E+02
   0.44182E+02
   0.44182E+02
   0.44102E+02
   0.44102E+02
   0.44102E+02
   0.44102E+02
   0.44102E+02
   0.43589E+02
   0.43589E+02
   0.43589E+02
   0.43589E+02
   0.43589E+02
   0.44163E+02
   0.44163E+02
   0.44163E+02
   0.44163E+02
   0.44163E+02
   0.42884E+02
   0.42884E+02
   0.42884E+02
   0.42884E+02
   0.42884E+02
   0.44389E+02
   0.44389E+02
   0.44389E+02
   0.44389E+02
   0.44389E+02
   0.42889E+02
   0.42889E+02
   0.42889E+02
   0.42889E+02
   0.42889E+02
   0.43217E+02
   0.43217E+02
   0.43217E+02
   0.43217E+02
   0.43217E+02
   0.44020E+02
   0.44020E+02
   0.44020E+02
   0.44020E+02
   0.44020E+02
   0.44189E+02
   0.44189E+02
   0.44189E+02
   0.44189E+02
   0.44189E+02
   0.43182E+02
   0.43182E+02
   0.43182E+02
   0.43182E+02
   0.43182E+02
   0.44375E+02
   0.44375E+02
   0.44375E+02
   0.44375E+02
   0.44375E+02
   0.43833E+02
   0.43833E+02
   0.43833E+02
   0.43833E+02
   0.43833E+02
   0.43756E+02
   0.43756E+02
   0.43756E+02
   0.43756E+02
   0.43756E+02
   0.43964E+02
   0.43964E+02
   0.43964E+02
   0.43964E+02
   0.43964E+02
   0.44141E+02
   0.44141E+02
   0.44141E+02
   0.44141E+02
   0.44141E+02
   0.43498E+02
   0.43498E+02
   0.43498E+02
   0.43498E+02
   0.43498E+02
   0.44135E+02
   0.44135E+02
   0.44135E+02
   0.44135E+02
   0.44135E+02
   0.43075E+02
   0.43075E+02
   0.43075E+02
   0.43075E+02
   0.43075E+02
   0.43541E+02
   0.43541E+02
   0.43541E+02
   0.43541E+02
   0.43541E+02
   0.44076E+02
   0.44076E+02
   0.44076E+02
   0.44076E+02
   0.44076E+02
   0.44059E+02
   0.44059E+02
   0.44059E+02
   0.44059E+02
   0.44059E+02
   0.44184E+02
   0.44184E+02
   0.44184E+02
   0.44184E+02
   0.44184E+02
   0.44284E+02
   0.44284E+02
   0.44284E+02
   0.44284E+02
   0.44284E+02
   0.43428E+02
   0.43428E+02
   0.43428E+02
   0.43428E+02
   0.43428E+02
   0.43902E+02
   0.43902E+02
   0.43902E+02
   0.43902E+02
   0.43902E+02
   0.44539E+02
   0.44539E+02
   0.44539E+02
   0.44539E+02
   0.44539E+02
   0.44239E+02
   0.44239E+02
   0.44239E+02
   0.44239E+02
   0.44239E+02
   0.43619E+02
   0.43619E+02
   0.43619E+02
   0.43619E+02
   0.43619E+02
   0.43922E+02
   0.43922E+02
   0.43922E+02
   0.43922E+02
   0.43922E+02
   0.43016E+02
   0.43016E+02
   0.43016E+02
   0.43016E+02
   0.43016E+02
   0.44139E+02
   0.44139E+02
   0.44139E+02
   0.44139E+02
   0.44139E+02
   0.43946E+02
   0.43946E+02
   0.43946E+02
   0.43946E+02
   0.43946E+02
   0.43910E+02
   0.43910E+02
   0.43910E+02
   0.43910E+02
   0.43910E+02
   0.44776E+02
   0.44776E+02
   0.44776E+02
   0.44776E+02
   0.44776E+02
   0.43525E+02
   0.43525E+02
   0.43525E+02
   0.43525E+02
   0.43525E+02
   0.42822E+02
   0.42822E+02
   0.42822E+02
   0.42822E+02
   0.42822E+02
   0.43569E+02
   0.43569E+02
   0.43569E+02
   0.43569E+02
   0.43569E+02
   0.44177E+02
   0.44177E+02
   0.44177E+02
   0.44177E+02
   0.44177E+02
   0.44520E+02
   0.44520E+02
   0.44520E+02
   0.44520E+02
   0.44520E+02
   0.44223E+02
   0.44223E+02
   0.44223E+02
   0.44223E+02
   0.44223E+02
   0.43875E+02
   0.43875E+02
   0.43875E+02
   0.43875E+02
   0.43875E+02
   0.43660E+02
   0.43660E+02
   0.43660E+02
   0.43660E+02
   0.43660E+02
   0.45017E+02
   0.45017E+02
   0.45017E+02
   0.45017E+02
   0.45017E+02
   0.44470E+02
   0.44470E+02
   0.44470E+02
   0.44470E+02
   0.44470E+02
   0.44128E+02
   0.44128E+02
   0.44128E+02
   0.44128E+02
   0.44128E+02
   0.43924E+02
   0.43924E+02
   0.43924E+02
   0.43924E+02
   0.43924E+02
   0.43874E+02
   0.43874E+02
   0.43874E+02
   0.43874E+02
   0.43874E+02
   0.44353E+02
   0.44353E+02
   0.44353E+02
   0.44353E+02
   0.44353E+02
   0.43197E+02
   0.43197E+02
   0.43197E+02
   0.43197E+02
   0.43197E+02
   0.44988E+02
   0.44988E+02
   0.44988E+02
   0.44988E+02
   0.44988E+02
   0.43497E+02
   0.43497E+02
   0.43497E+02
   0.43497E+02
   0.43497E+02
   0.43399E+02
   0.43399E+02
   0.43399E+02
   0.43399E+02
   0.43399E+02
   0.44780E+02
   0.44780E+02
   0.44780E+02
   0.44780E+02
   0.44780E+02
   0.44676E+02
   0.44676E+02
   0.44676E+02
   0.44676E+02
   0.44676E+02
   0.42883E+02
   0.42883E+02
   0.42883E+02
   0.42883E+02
   0.42883E+02
   0.44623E+02
   0.44623E+02
   0.44623E+02
   0.44623E+02
   0.44623E+02
   0.42934E+02
   0.42934E+02
   0.42934E+02
   0.42934E+02
   0.42934E+02
   0.44279E+02
   0.44279E+02
   0.44279E+02
   0.44279E+02
   0.44279E+02
   0.42794E+02
   0.42794E+02
   0.42794E+02
   0.42794E+02
   0.42794E+02
   0.44305E+02
   0.44305E+02
   0.44305E+02
   0.44305E+02
   0.44305E+02
   0.43671E+02
   0.43671E+02
   0.43671E+02
   0.43671E+02
   0.43671E+02
   0.44345E+02
   0.44345E+02
   0.44345E+02
   0.44345E+02
   0.44345E+02
   0.43941E+02
   0.43941E+02
   0.43941E+02
   0.43941E+02
   0.43941E+02
   0.44566E+02
   0.44566E+02
   0.44566E+02
   0.44566E+02
   0.44566E+02
   0.44068E+02
   0.44068E+02
   0.44068E+02
   0.44068E+02
   0.44068E+02
   0.44011E+02
   0.44011E+02
   0.44011E+02
   0.44011E+02
   0.44011E+02
   0.43822E+02
   0.43822E+02
   0.43822E+02
   0.43822E+02
   0.43822E+02
   0.44058E+02
   0.44058E+02
   0.44058E+02
   0.44058E+02
   0.44058E+02
   0.43267E+02
   0.43267E+02
   0.43267E+02
   0.43267E+02
   0.43267E+02
   0.43164E+02
   0.43164E+02
   0.43164E+02
   0.43164E+02
   0.43164E+02
   0.43084E+02
   0.43084E+02
   0.43084E+02
   0.43084E+02
   0.43084E+02
   0.44512E+02
   0.44512E+02
   0.44512E+02
   0.44512E+02
   0.44512E+02
   0.42882E+02
   0.42882E+02
   0.42882E+02
   0.42882E+02
   0.42882E+02
   0.44399E+02
   0.44399E+02
   0.44399E+02
   0.44399E+02
   0.44399E+02
   0.44540E+02
   0.44540E+02
   0.44540E+02
   0.44540E+02
   0.44540E+02
   0.43350E+02
   0.43350E+02
   0.43350E+02
   0.43350E+02
   0.43350E+02
   0.43519E+02
   0.43519E+02
   0.43519E+02
   0.43519E+02
   0.43519E+02
   0.42919E+02
   0.42919E+02
   0.42919E+02
   0.42919E+02
   0.42919E+02
   0.43630E+02
   0.43630E+02
   0.43630E+02
   0.43630E+02
   0.43630E+02
   0.43644E+02
   0.43644E+02
   0.43644E+02
   0.43644E+02
   0.43644E+02
   0.43707E+02
   0.43707E+02
   0.43707E+02
   0.43707E+02
   0.43707E+02
   0.43648E+02
   0.43648E+02
   0.43648E+02
   0.43648E+02
   0.43648E+02
   0.43747E+02
   0.43747E+02
   0.43747E+02
   0.43747E+02
   0.43747E+02
   0.44030E+02
   0.44030E+02
   0.44030E+02
   0.44030E+02
   0.44030E+02
   0.43463E+02
   0.43463E+02
   0.43463E+02
   0.43463E+02
   0.43463E+02
   0.43923E+02
   0.43923E+02
   0.43923E+02
   0.43923E+02
   0.43923E+02
   0.45168E+02
   0.45168E+02
   0.45168E+02
   0.45168E+02
   0.45168E+02
   0.44372E+02
   0.44372E+02
   0.44372E+02
   0.44372E+02
   0.44372E+02
   0.43041E+02
   0.43041E+02
   0.43041E+02
   0.43041E+02
   0.43041E+02
   0.43829E+02
   0.43829E+02
   0.43829E+02
   0.43829E+02
   0.43829E+02
   0.43265E+02
   0.43265E+02
   0.43265E+02
   0.43265E+02
   0.43265E+02
   0.43946E+02
   0.43946E+02
   0.43946E+02
   0.43946E+02
   0.43946E+02
   0.43524E+02
   0.43524E+02
   0.43524E+02
   0.43524E+02
   0.43524E+02
   0.42565E+02
   0.42565E+02
   0.42565E+02
   0.42565E+02
   0.42565E+02
   0.43443E+02
   0.43443E+02
   0.43443E+02
   0.43443E+02
   0.43443E+02
   0.43653E+02
   0.43653E+02
   0.43653E+02
   0.43653E+02
   0.43653E+02
   0.43654E+02
   0.43654E+02
   0.43654E+02
   0.43654E+02
   0.43654E+02
   0.43298E+02
   0.43298E+02
   0.43298E+02
   0.43298E+02
   0.43298E+02
   0.44104E+02
   0.44104E+02
   0.44104E+02
   0.44104E+02
   0.44104E+02
   0.43283E+02
   0.43283E+02
   0.43283E+02
   0.43283E+02
   0.43283E+02
   0.44305E+02
   0.44305E+02
   0.44305E+02
   0.44305E+02
   0.44305E+02
   0.43493E+02
   0.43493E+02
   0.43493E+02
   0.43493E+02
   0.43493E+02
   0.43903E+02
   0.43903E+02
   0.43903E+02
   0.43903E+02
   0.43903E+02
   0.43535E+02
   0.43535E+02
   0.43535E+02
   0.43535E+02
   0.43535E+02
   0.42922E+02
   0.42922E+02
   0.42922E+02
   0.42922E+02
   0.42922E+02
   0.44120E+02
   0.44120E+02
   0.44120E+02
   0.44120E+02
   0.44120E+02
   0.43987E+02
   0.43987E+02
   0.43987E+02
   0.43987E+02
   0.43987E+02
   0.43901E+02
   0.43901E+02
   0.43901E+02
   0.43901E+02
   0.43901E+02
   0.44331E+02
   0.44331E+02
   0.44331E+02
   0.44331E+02
   0.44331E+02
   0.44339E+02
   0.44339E+02
   0.44339E+02
   0.44339E+02
   0.44339E+02
   0.43598E+02
   0.43598E+02
   0.43598E+02
   0.43598E+02
   0.43598E+02
   0.43825E+02
   0.43825E+02
   0.43825E+02
   0.43825E+02
   0.43825E+02
   0.44310E+02
   0.44310E+02
   0.44310E+02
   0.44310E+02
   0.44310E+02
   0.44112E+02
   0.44112E+02
   0.44112E+02
   0.44112E+02
   0.44112E+02
   0.43576E+02
   0.43576E+02
   0.43576E+02
   0.43576E+02
   0.43576E+02
   0.43146E+02
   0.43146E+02
   0.43146E+02
   0.43146E+02
   0.43146E+02
   0.43175E+02
   0.43175E+02
   0.43175E+02
   0.43175E+02
   0.43175E+02
   0.43590E+02
   0.43590E+02
   0.43590E+02
   0.43590E+02
   0.43590E+02
   0.43330E+02
   0.43330E+02
   0.43330E+02
   0.43330E+02
   0.43330E+02
   0.43520E+02
   0.43520E+02
   0.43520E+02
   0.43520E+02
   0.43520E+02
   0.43883E+02
   0.43883E+02
   0.43883E+02
   0.43883E+02
   0.43883E+02
   0.43496E+02
   0.43496E+02
   0.43496E+02
   0.43496E+02
   0.43496E+02
   0.44179E+02
   0.44179E+02
   0.44179E+02
   0.44179E+02
   0.44179E+02
   0.44491E+02
   0.44491E+02
   0.44491E+02
   0.44491E+02
   0.44491E+02
   0.43771E+02
   0.43771E+02
   0.43771E+02
   0.43771E+02
   0.43771E+02
   0.44935E+02
   0.44935E+02
   0.44935E+02
   0.44935E+02
   0.44935E+02
   0.43947E+02
   0.43947E+02
   0.43947E+02
   0.43947E+02
   0.43947E+02
   0.43646E+02
   0.43646E+02
   0.43646E+02
   0.43646E+02
   0.43646E+02
   0.44899E+02
   0.44899E+02
   0.44899E+02
   0.44899E+02
   0.44899E+02
   0.43462E+02
   0.43462E+02
   0.43462E+02
   0.43462E+02
   0.43462E+02
   0.44164E+02
   0.44164E+02
   0.44164E+02
   0.44164E+02
   0.44164E+02
   0.43398E+02
   0.43398E+02
   0.43398E+02
   0.43398E+02
   0.43398E+02
   0.43523E+02
   0.43523E+02
   0.43523E+02
   0.43523E+02
   0.43523E+02
   0.43949E+02
   0.43949E+02
   0.43949E+02
   0.43949E+02
   0.43949E+02
   0.44734E+02
   0.44734E+02
   0.44734E+02
   0.44734E+02
   0.44734E+02
   0.44352E+02
   0.44352E+02
   0.44352E+02
   0.44352E+02
   0.44352E+02
   0.42968E+02
   0.42968E+02
   0.42968E+02
   0.42968E+02
   0.42968E+02
   0.43804E+02
   0.43804E+02
   0.43804E+02
   0.43804E+02
   0.43804E+02
   0.43883E+02
   0.43883E+02
   0.43883E+02
   0.43883E+02
   0.43883E+02
   0.43587E+02
   0.43587E+02
   0.43587E+02
   0.43587E+02
   0.43587E+02
   0.43634E+02
   0.43634E+02
   0.43634E+02
   0.43634E+02
   0.43634E+02
   0.43555E+02
   0.43555E+02
   0.43555E+02
   0.43555E+02
   0.43555E+02
   0.43562E+02
   0.43562E+02
   0.43562E+02
   0.43562E+02
   0.43562E+02
   0.43630E+02
   0.43630E+02
   0.43630E+02
   0.43630E+02
   0.43630E+02
   0.43897E+02
   0.43897E+02
   0.43897E+02
   0.43897E+02
   0.43897E+02
   0.43163E+02
   0.43163E+02
   0.43163E+02
   0.43163E+02
   0.43163E+02
   0.44497E+02
   0.44497E+02
   0.44497E+02
   0.44497E+02
   0.44497E+02
   0.44201E+02
   0.44201E+02
   0.44201E+02
   0.44201E+02
   0.44201E+02
   0.43634E+02
   0.43634E+02
   0.43634E+02
   0.43634E+02
   0.43634E+02
   0.44098E+02
   0.44098E+02
   0.44098E+02
   0.44098E+02
   0.44098E+02
   0.43670E+02
   0.43670E+02
   0.43670E+02
   0.43670E+02
   0.43670E+02
   0.44035E+02
   0.44035E+02
   0.44035E+02
   0.44035E+02
   0.44035E+02
   0.44281E+02
   0.44281E+02
   0.44281E+02
   0.44281E+02
   0.44281E+02
   0.43886E+02
   0.43886E+02
   0.43886E+02
   0.43886E+02
   0.43886E+02
   0.43805E+02
   0.43805E+02
   0.43805E+02
   0.43805E+02
   0.43805E+02
   0.43940E+02
   0.43940E+02
   0.43940E+02
   0.43940E+02
   0.43940E+02
   0.43429E+02
   0.43429E+02
   0.43429E+02
   0.43429E+02
   0.43429E+02
   0.44630E+02
   0.44630E+02
   0.44630E+02
   0.44630E+02
   0.44630E+02
   0.43574E+02
   0.43574E+02
   0.43574E+02
   0.43574E+02
   0.43574E+02
   0.43433E+02
   0.43433E+02
   0.43433E+02
   0.43433E+02
   0.43433E+02
   0.43599E+02
   0.43599E+02
   0.43599E+02
   0.43599E+02
   0.43599E+02
   0.43235E+02
   0.43235E+02
   0.43235E+02
   0.43235E+02
   0.43235E+02
   0.44300E+02
   0.44300E+02
   0.44300E+02
   0.44300E+02
   0.44300E+02
   0.43751E+02
   0.43751E+02
   0.43751E+02
   0.43751E+02
   0.43751E+02
   0.44367E+02
   0.44367E+02
   0.44367E+02
   0.44367E+02
   0.44367E+02
   0.43226E+02
   0.43226E+02
   0.43226E+02
   0.43226E+02
   0.43226E+02
   0.44522E+02
   0.44522E+02
   0.44522E+02
   0.44522E+02
   0.44522E+02
   0.43792E+02
   0.43792E+02
   0.43792E+02
   0.43792E+02
   0.43792E+02
   0.44230E+02
   0.44230E+02
   0.44230E+02
   0.44230E+02
   0.44230E+02
   0.44500E+02
   0.44500E+02
   0.44500E+02
   0.44500E+02
   0.44500E+02
   0.44233E+02
   0.44233E+02
   0.44233E+02
   0.44233E+02
   0.44233E+02
   0.44067E+02
   0.44067E+02
   0.44067E+02
   0.44067E+02
   0.44067E+02
   0.43604E+02
   0.43604E+02
   0.43604E+02
   0.43604E+02
   0.43604E+02
   0.44592E+02
   0.44592E+02
   0.44592E+02
   0.44592E+02
   0.44592E+02
   0.44960E+02
   0.44960E+02
   0.44960E+02
   0.44960E+02
   0.44960E+02
   0.43319E+02
   0.43319E+02
   0.43319E+02
   0.43319E+02
   0.43319E+02
   0.43836E+02
   0.43836E+02
   0.43836E+02
   0.43836E+02
   0.43836E+02
   0.44335E+02
   0.44335E+02
   0.44335E+02
   0.44335E+02
   0.44335E+02
   0.43799E+02
   0.43799E+02
   0.43799E+02
   0.43799E+02
   0.43799E+02
   0.43087E+02
   0.43087E+02
   0.43087E+02
   0.43087E+02
   0.43087E+02
   0.43804E+02
   0.43804E+02
   0.43804E+02
   0.43804E+02
   0.43804E+02
   0.43257E+02
   0.43257E+02
   0.43257E+02
   0.43257E+02
   0.43257E+02
   0.43967E+02
   0.43967E+02
   0.43967E+02
   0.43967E+02
   0.43967E+02
   0.43531E+02
   0.43531E+02
   0.43531E+02
   0.43531E+02
   0.43531E+02
   0.44572E+02
   0.44572E+02
   0.44572E+02
   0.44572E+02
   0.44572E+02
   0.43216E+02
   0.43216E+02
   0.43216E+02
   0.43216E+02
   0.43216E+02
   0.44541E+02
   0.44541E+02
   0.44541E+02
   0.44541E+02
   0.44541E+02
   0.43920E+02
   0.43920E+02
   0.43920E+02
   0.43920E+02
   0.43920E+02
   0.44776E+02
   0.44776E+02
   0.44776E+02
   0.44776E+02
   0.44776E+02
   0.44138E+02
   0.44138E+02
   0.44138E+02
   0.44138E+02
   0.44138E+02
   0.45051E+02
   0.45051E+02
   0.45051E+02
   0.45051E+02
   0.45051E+02
   0.44549E+02
   0.44549E+02
   0.44549E+02
   0.44549E+02
   0.44549E+02
   0.44731E+02
   0.44731E+02
   0.44731E+02
   0.44731E+02
   0.44731E+02
   0.44554E+02
   0.44554E+02
   0.44554E+02
   0.44554E+02
   0.44554E+02
   0.44550E+02
   0.44550E+02
   0.44550E+02
   0.44550E+02
   0.44550E+02
   0.45507E+02
   0.45507E+02
   0.45507E+02
   0.45507E+02
   0.45507E+02
   0.45140E+02
   0.45140E+02
   0.45140E+02
   0.45140E+02
   0.45140E+02
   0.44109E+02
   0.44109E+02
   0.44109E+02
   0.44109E+02
   0.44109E+02
   0.43559E+02
   0.43559E+02
   0.43559E+02
   0.43559E+02
   0.43559E+02
   0.43919E+02
   0.43919E+02
   0.43919E+02
   0.43919E+02
   0.43919E+02
   0.44034E+02
   0.44034E+02
   0.44034E+02
   0.44034E+02
   0.44034E+02
   0.43519E+02
   0.43519E+02
   0.43519E+02
   0.43519E+02
   0.43519E+02
   0.43877E+02
   0.43877E+02
   0.43877E+02
   0.43877E+02
   0.43877E+02
   0.43847E+02
   0.43847E+02
   0.43847E+02
   0.43847E+02
   0.43847E+02
   0.43897E+02
   0.43897E+02
   0.43897E+02
   0.43897E+02
   0.43897E+02
   0.43490E+02
   0.43490E+02
   0.43490E+02
   0.43490E+02
   0.43490E+02
   0.44492E+02
   0.44492E+02
   0.44492E+02
   0.44492E+02
   0.44492E+02
   0.44028E+02
   0.44028E+02
   0.44028E+02
   0.44028E+02
   0.44028E+02
   0.43736E+02
   0.43736E+02
   0.43736E+02
   0.43736E+02
   0.43736E+02
   0.43558E+02
   0.43558E+02
   0.43558E+02
   0.43558E+02
   0.43558E+02
   0.44033E+02
   0.44033E+02
   0.44033E+02
   0.44033E+02
   0.44033E+02
   0.44324E+02
   0.44324E+02
   0.44324E+02
   0.44324E+02
   0.44324E+02
   0.43279E+02
   0.43279E+02
   0.43279E+02
   0.43279E+02
   0.43279E+02
   0.43337E+02
   0.43337E+02
   0.43337E+02
   0.43337E+02
   0.43337E+02
   0.43489E+02
   0.43489E+02
   0.43489E+02
   0.43489E+02
   0.43489E+02
   0.44049E+02
   0.44049E+02
   0.44049E+02
   0.44049E+02
   0.44049E+02
   0.44776E+02
   0.44776E+02
   0.44776E+02
   0.44776E+02
   0.44776E+02
   0.44812E+02
   0.44812E+02
   0.44812E+02
   0.44812E+02
   0.44812E+02
   0.44352E+02
   0.44352E+02
   0.44352E+02
   0.44352E+02
   0.44352E+02
   0.43746E+02
   0.43746E+02
   0.43746E+02
   0.43746E+02
   0.43746E+02
   0.44253E+02
   0.44253E+02
   0.44253E+02
   0.44253E+02
   0.44253E+02
   0.43632E+02
   0.43632E+02
   0.43632E+02
   0.43632E+02
   0.43632E+02
   0.43660E+02
   0.43660E+02
   0.43660E+02
   0.43660E+02
   0.43660E+02
   0.43532E+02
   0.43532E+02
   0.43532E+02
   0.43532E+02
   0.43532E+02
   0.42878E+02
   0.42878E+02
   0.42878E+02
   0.42878E+02
   0.42878E+02
   0.43371E+02
   0.43371E+02
   0.43371E+02
   0.43371E+02
   0.43371E+02
   0.43447E+02
   0.43447E+02
   0.43447E+02
   0.43447E+02
   0.43447E+02
   0.44099E+02
   0.44099E+02
   0.44099E+02
   0.44099E+02
   0.44099E+02
   0.44090E+02
   0.44090E+02
   0.44090E+02
   0.44090E+02
   0.44090E+02
   0.44496E+02
   0.44496E+02
   0.44496E+02
   0.44496E+02
   0.44496E+02
   0.43976E+02
   0.43976E+02
   0.43976E+02
   0.43976E+02
   0.43976E+02
   0.44291E+02
   0.44291E+02
   0.44291E+02
   0.44291E+02
   0.44291E+02
   0.43895E+02
   0.43895E+02
   0.43895E+02
   0.43895E+02
   0.43895E+02
   0.44757E+02
   0.44757E+02
   0.44757E+02
   0.44757E+02
   0.44757E+02
   0.46156E+02
   0.46156E+02
   0.46156E+02
   0.46156E+02
   0.46156E+02
   0.44280E+02
   0.44280E+02
   0.44280E+02
   0.44280E+02
   0.44280E+02
   0.43907E+02
   0.43907E+02
   0.43907E+02
   0.43907E+02
   0.43907E+02
   0.44081E+02
   0.44081E+02
   0.44081E+02
   0.44081E+02
   0.44081E+02
   0.43837E+02
   0.43837E+02
   0.43837E+02
   0.43837E+02
   0.43837E+02
   0.44573E+02
   0.44573E+02
   0.44573E+02
   0.44573E+02
   0.44573E+02
   0.44131E+02
   0.44131E+02
   0.44131E+02
   0.44131E+02
   0.44131E+02
   0.43534E+02
   0.43534E+02
   0.43534E+02
   0.43534E+02
   0.43534E+02
   0.43284E+02
   0.43284E+02
   0.43284E+02
   0.43284E+02
   0.43284E+02
   0.43857E+02
   0.43857E+02
   0.43857E+02
   0.43857E+02
   0.43857E+02
   0.43603E+02
   0.43603E+02
   0.43603E+02
   0.43603E+02
   0.43603E+02
   0.42632E+02
   0.42632E+02
   0.42632E+02
   0.42632E+02
   0.42632E+02
   0.42603E+02
   0.42603E+02
   0.42603E+02
   0.42603E+02
   0.42603E+02
   0.43822E+02
   0.43822E+02
   0.43822E+02
   0.43822E+02
   0.43822E+02
   0.44139E+02
   0.44139E+02
   0.44139E+02
   0.44139E+02
   0.44139E+02
   0.44811E+02
   0.44811E+02
   0.44811E+02
   0.44811E+02
   0.44811E+02
   0.43689E+02
   0.43689E+02
   0.43689E+02
   0.43689E+02
   0.43689E+02
   0.43625E+02
   0.43625E+02
   0.43625E+02
   0.43625E+02
   0.43625E+02
   0.43157E+02
   0.43157E+02
   0.43157E+02
   0.43157E+02
   0.43157E+02
   0.44635E+02
   0.44635E+02
   0.44635E+02
   0.44635E+02
   0.44635E+02
   0.43406E+02
   0.43406E+02
   0.43406E+02
   0.43406E+02
   0.43406E+02
   0.43882E+02
   0.43882E+02
   0.43882E+02
   0.43882E+02
   0.43882E+02
   0.43876E+02
   0.43876E+02
   0.43876E+02
   0.43876E+02
   0.43876E+02
   0.43506E+02
   0.43506E+02
   0.43506E+02
   0.43506E+02
   0.43506E+02
   0.43627E+02
   0.43627E+02
   0.43627E+02
   0.43627E+02
   0.43627E+02
   0.43008E+02
   0.43008E+02
   0.43008E+02
   0.43008E+02
   0.43008E+02
   0.43317E+02
   0.43317E+02
   0.43317E+02
   0.43317E+02
   0.43317E+02
   0.44173E+02
   0.44173E+02
   0.44173E+02
   0.44173E+02
   0.44173E+02
   0.43896E+02
   0.43896E+02
   0.43896E+02
   0.43896E+02
   0.43896E+02
   0.43157E+02
   0.43157E+02
   0.43157E+02
   0.43157E+02
   0.43157E+02
   0.43855E+02
   0.43855E+02
   0.43855E+02
   0.43855E+02
   0.43855E+02
   0.43282E+02
   0.43282E+02
   0.43282E+02
   0.43282E+02
   0.43282E+02
   0.43322E+02
   0.43322E+02
   0.43322E+02
   0.43322E+02
   0.43322E+02
   0.43990E+02
   0.43990E+02
   0.43990E+02
   0.43990E+02
   0.43990E+02
   0.43336E+02
   0.43336E+02
   0.43336E+02
   0.43336E+02
   0.43336E+02
   0.43807E+02
   0.43807E+02
   0.43807E+02
   0.43807E+02
   0.43807E+02
   0.44419E+02
   0.44419E+02
   0.44419E+02
   0.44419E+02
   0.44419E+02
   0.43564E+02
   0.43564E+02
   0.43564E+02
   0.43564E+02
   0.43564E+02
   0.44378E+02
   0.44378E+02
   0.44378E+02
   0.44378E+02
   0.44378E+02
   0.44276E+02
   0.44276E+02
   0.44276E+02
   0.44276E+02
   0.44276E+02
   0.43391E+02
   0.43391E+02
   0.43391E+02
   0.43391E+02
   0.43391E+02
   0.44330E+02
   0.44330E+02
   0.44330E+02
   0.44330E+02
   0.44330E+02
   0.43783E+02
   0.43783E+02
   0.43783E+02
   0.43783E+02
   0.43783E+02
   0.44012E+02
   0.44012E+02
   0.44012E+02
   0.44012E+02
   0.44012E+02
   0.43772E+02
   0.43772E+02
   0.43772E+02
   0.43772E+02
   0.43772E+02
   0.44092E+02
   0.44092E+02
   0.44092E+02
   0.44092E+02
   0.44092E+02
   0.44312E+02
   0.44312E+02
   0.44312E+02
   0.44312E+02
   0.44312E+02
   0.43927E+02
   0.43927E+02
   0.43927E+02
   0.43927E+02
   0.43927E+02
   0.43524E+02
   0.43524E+02
   0.43524E+02
   0.43524E+02
   0.43524E+02
   0.44118E+02
   0.44118E+02
   0.44118E+02
   0.44118E+02
   0.44118E+02
   0.44194E+02
   0.44194E+02
   0.44194E+02
   0.44194E+02
   0.44194E+02
   0.44504E+02
   0.44504E+02
   0.44504E+02
   0.44504E+02
   0.44504E+02
   0.42994E+02
   0.42994E+02
   0.42994E+02
   0.42994E+02
   0.42994E+02
   0.44333E+02
   0.44333E+02
   0.44333E+02
   0.44333E+02
   0.44333E+02
   0.44534E+02
   0.44534E+02
   0.44534E+02
   0.44534E+02
   0.44534E+02
   0.43340E+02
   0.43340E+02
   0.43340E+02
   0.43340E+02
   0.43340E+02
   0.43316E+02
   0.43316E+02
   0.43316E+02
   0.43316E+02
   0.43316E+02
   0.43755E+02
   0.43755E+02
   0.43755E+02
   0.43755E+02
   0.43755E+02
   0.44252E+02
   0.44252E+02
   0.44252E+02
   0.44252E+02
   0.44252E+02
   0.43704E+02
   0.43704E+02
   0.43704E+02
   0.43704E+02
   0.43704E+02
   0.44172E+02
   0.44172E+02
   0.44172E+02
   0.44172E+02
   0.44172E+02
   0.43926E+02
   0.43926E+02
   0.43926E+02
   0.43926E+02
   0.43926E+02
   0.43150E+02
   0.43150E+02
   0.43150E+02
   0.43150E+02
   0.43150E+02
   0.44318E+02
   0.44318E+02
   0.44318E+02
   0.44318E+02
   0.44318E+02
   0.44962E+02
   0.44962E+02
   0.44962E+02
   0.44962E+02
   0.44962E+02
   0.44373E+02
   0.44373E+02
   0.44373E+02
   0.44373E+02
   0.44373E+02
   0.44361E+02
   0.44361E+02
   0.44361E+02
   0.44361E+02
   0.44361E+02
   0.44257E+02
   0.44257E+02
   0.44257E+02
   0.44257E+02
   0.44257E+02
   0.44531E+02
   0.44531E+02
   0.44531E+02
   0.44531E+02
   0.44531E+02
