   0.43828E+02
   0.43828E+02
   0.43828E+02
   0.43828E+02
   0.43828E+02
   0.44076E+02
   0.44076E+02
   0.44076E+02
   0.44076E+02
   0.44076E+02
   0.43599E+02
   0.43599E+02
   0.43599E+02
   0.43599E+02
   0.43599E+02
   0.43523E+02
   0.43523E+02
   0.43523E+02
   0.43523E+02
   0.43523E+02
   0.44184E+02
   0.44184E+02
   0.44184E+02
   0.44184E+02
   0.44184E+02
   0.43425E+02
   0.43425E+02
   0.43425E+02
   0.43425E+02
   0.43425E+02
   0.43756E+02
   0.43756E+02
   0.43756E+02
   0.43756E+02
   0.43756E+02
   0.43629E+02
   0.43629E+02
   0.43629E+02
   0.43629E+02
   0.43629E+02
   0.43211E+02
   0.43211E+02
   0.43211E+02
   0.43211E+02
   0.43211E+02
   0.43450E+02
   0.43450E+02
   0.43450E+02
   0.43450E+02
   0.43450E+02
   0.43924E+02
   0.43924E+02
   0.43924E+02
   0.43924E+02
   0.43924E+02
   0.44045E+02
   0.44045E+02
   0.44045E+02
   0.44045E+02
   0.44045E+02
   0.44283E+02
   0.44283E+02
   0.44283E+02
   0.44283E+02
   0.44283E+02
   0.43405E+02
   0.43405E+02
   0.43405E+02
   0.43405E+02
   0.43405E+02
   0.44230E+02
   0.44230E+02
   0.44230E+02
   0.44230E+02
   0.44230E+02
   0.43633E+02
   0.43633E+02
   0.43633E+02
   0.43633E+02
   0.43633E+02
   0.42692E+02
   0.42692E+02
   0.42692E+02
   0.42692E+02
   0.42692E+02
   0.44214E+02
   0.44214E+02
   0.44214E+02
   0.44214E+02
   0.44214E+02
   0.44037E+02
   0.44037E+02
   0.44037E+02
   0.44037E+02
   0.44037E+02
   0.42971E+02
   0.42971E+02
   0.42971E+02
   0.42971E+02
   0.42971E+02
   0.43394E+02
   0.43394E+02
   0.43394E+02
   0.43394E+02
   0.43394E+02
   0.43439E+02
   0.43439E+02
   0.43439E+02
   0.43439E+02
   0.43439E+02
   0.43786E+02
   0.43786E+02
   0.43786E+02
   0.43786E+02
   0.43786E+02
   0.43418E+02
   0.43418E+02
   0.43418E+02
   0.43418E+02
   0.43418E+02
   0.44258E+02
   0.44258E+02
   0.44258E+02
   0.44258E+02
   0.44258E+02
   0.45576E+02
   0.45576E+02
   0.45576E+02
   0.45576E+02
   0.45576E+02
   0.43776E+02
   0.43776E+02
   0.43776E+02
   0.43776E+02
   0.43776E+02
   0.43438E+02
   0.43438E+02
   0.43438E+02
   0.43438E+02
   0.43438E+02
   0.44001E+02
   0.44001E+02
   0.44001E+02
   0.44001E+02
   0.44001E+02
   0.44181E+02
   0.44181E+02
   0.44181E+02
   0.44181E+02
   0.44181E+02
   0.44326E+02
   0.44326E+02
   0.44326E+02
   0.44326E+02
   0.44326E+02
   0.44428E+02
   0.44428E+02
   0.44428E+02
   0.44428E+02
   0.44428E+02
   0.43804E+02
   0.43804E+02
   0.43804E+02
   0.43804E+02
   0.43804E+02
   0.44453E+02
   0.44453E+02
   0.44453E+02
   0.44453E+02
   0.44453E+02
   0.43543E+02
   0.43543E+02
   0.43543E+02
   0.43543E+02
   0.43543E+02
   0.43942E+02
   0.43942E+02
   0.43942E+02
   0.43942E+02
   0.43942E+02
   0.44251E+02
   0.44251E+02
   0.44251E+02
   0.44251E+02
   0.44251E+02
   0.43927E+02
   0.43927E+02
   0.43927E+02
   0.43927E+02
   0.43927E+02
   0.43914E+02
   0.43914E+02
   0.43914E+02
   0.43914E+02
   0.43914E+02
   0.44193E+02
   0.44193E+02
   0.44193E+02
   0.44193E+02
   0.44193E+02
   0.44616E+02
   0.44616E+02
   0.44616E+02
   0.44616E+02
   0.44616E+02
   0.43698E+02
   0.43698E+02
   0.43698E+02
   0.43698E+02
   0.43698E+02
   0.43112E+02
   0.43112E+02
   0.43112E+02
   0.43112E+02
   0.43112E+02
   0.44023E+02
   0.44023E+02
   0.44023E+02
   0.44023E+02
   0.44023E+02
   0.43650E+02
   0.43650E+02
   0.43650E+02
   0.43650E+02
   0.43650E+02
   0.43539E+02
   0.43539E+02
   0.43539E+02
   0.43539E+02
   0.43539E+02
   0.44054E+02
   0.44054E+02
   0.44054E+02
   0.44054E+02
   0.44054E+02
   0.44722E+02
   0.44722E+02
   0.44722E+02
   0.44722E+02
   0.44722E+02
   0.43976E+02
   0.43976E+02
   0.43976E+02
   0.43976E+02
   0.43976E+02
   0.43962E+02
   0.43962E+02
   0.43962E+02
   0.43962E+02
   0.43962E+02
   0.44529E+02
   0.44529E+02
   0.44529E+02
   0.44529E+02
   0.44529E+02
   0.43782E+02
   0.43782E+02
   0.43782E+02
   0.43782E+02
   0.43782E+02
   0.42744E+02
   0.42744E+02
   0.42744E+02
   0.42744E+02
   0.42744E+02
   0.43475E+02
   0.43475E+02
   0.43475E+02
   0.43475E+02
   0.43475E+02
   0.43970E+02
   0.43970E+02
   0.43970E+02
   0.43970E+02
   0.43970E+02
   0.43674E+02
   0.43674E+02
   0.43674E+02
   0.43674E+02
   0.43674E+02
   0.43369E+02
   0.43369E+02
   0.43369E+02
   0.43369E+02
   0.43369E+02
   0.43881E+02
   0.43881E+02
   0.43881E+02
   0.43881E+02
   0.43881E+02
   0.43395E+02
   0.43395E+02
   0.43395E+02
   0.43395E+02
   0.43395E+02
   0.44445E+02
   0.44445E+02
   0.44445E+02
   0.44445E+02
   0.44445E+02
   0.43250E+02
   0.43250E+02
   0.43250E+02
   0.43250E+02
   0.43250E+02
   0.43638E+02
   0.43638E+02
   0.43638E+02
   0.43638E+02
   0.43638E+02
   0.45052E+02
   0.45052E+02
   0.45052E+02
   0.45052E+02
   0.45052E+02
   0.43818E+02
   0.43818E+02
   0.43818E+02
   0.43818E+02
   0.43818E+02
   0.43695E+02
   0.43695E+02
   0.43695E+02
   0.43695E+02
   0.43695E+02
   0.44668E+02
   0.44668E+02
   0.44668E+02
   0.44668E+02
   0.44668E+02
   0.43766E+02
   0.43766E+02
   0.43766E+02
   0.43766E+02
   0.43766E+02
   0.43673E+02
   0.43673E+02
   0.43673E+02
   0.43673E+02
   0.43673E+02
   0.43937E+02
   0.43937E+02
   0.43937E+02
   0.43937E+02
   0.43937E+02
   0.43163E+02
   0.43163E+02
   0.43163E+02
   0.43163E+02
   0.43163E+02
   0.43763E+02
   0.43763E+02
   0.43763E+02
   0.43763E+02
   0.43763E+02
   0.44335E+02
   0.44335E+02
   0.44335E+02
   0.44335E+02
   0.44335E+02
   0.44090E+02
   0.44090E+02
   0.44090E+02
   0.44090E+02
   0.44090E+02
   0.42978E+02
   0.42978E+02
   0.42978E+02
   0.42978E+02
   0.42978E+02
   0.43486E+02
   0.43486E+02
   0.43486E+02
   0.43486E+02
   0.43486E+02
   0.44116E+02
   0.44116E+02
   0.44116E+02
   0.44116E+02
   0.44116E+02
   0.44095E+02
   0.44095E+02
   0.44095E+02
   0.44095E+02
   0.44095E+02
   0.43329E+02
   0.43329E+02
   0.43329E+02
   0.43329E+02
   0.43329E+02
   0.44248E+02
   0.44248E+02
   0.44248E+02
   0.44248E+02
   0.44248E+02
   0.43991E+02
   0.43991E+02
   0.43991E+02
   0.43991E+02
   0.43991E+02
   0.44435E+02
   0.44435E+02
   0.44435E+02
   0.44435E+02
   0.44435E+02
   0.44437E+02
   0.44437E+02
   0.44437E+02
   0.44437E+02
   0.44437E+02
   0.43392E+02
   0.43392E+02
   0.43392E+02
   0.43392E+02
   0.43392E+02
   0.43136E+02
   0.43136E+02
   0.43136E+02
   0.43136E+02
   0.43136E+02
   0.43938E+02
   0.43938E+02
   0.43938E+02
   0.43938E+02
   0.43938E+02
   0.43292E+02
   0.43292E+02
   0.43292E+02
   0.43292E+02
   0.43292E+02
   0.43198E+02
   0.43198E+02
   0.43198E+02
   0.43198E+02
   0.43198E+02
   0.44023E+02
   0.44023E+02
   0.44023E+02
   0.44023E+02
   0.44023E+02
   0.44394E+02
   0.44394E+02
   0.44394E+02
   0.44394E+02
   0.44394E+02
   0.43516E+02
   0.43516E+02
   0.43516E+02
   0.43516E+02
   0.43516E+02
   0.43698E+02
   0.43698E+02
   0.43698E+02
   0.43698E+02
   0.43698E+02
   0.44132E+02
   0.44132E+02
   0.44132E+02
   0.44132E+02
   0.44132E+02
   0.43495E+02
   0.43495E+02
   0.43495E+02
   0.43495E+02
   0.43495E+02
   0.44092E+02
   0.44092E+02
   0.44092E+02
   0.44092E+02
   0.44092E+02
   0.44807E+02
   0.44807E+02
   0.44807E+02
   0.44807E+02
   0.44807E+02
   0.44070E+02
   0.44070E+02
   0.44070E+02
   0.44070E+02
   0.44070E+02
   0.43469E+02
   0.43469E+02
   0.43469E+02
   0.43469E+02
   0.43469E+02
   0.43164E+02
   0.43164E+02
   0.43164E+02
   0.43164E+02
   0.43164E+02
   0.43843E+02
   0.43843E+02
   0.43843E+02
   0.43843E+02
   0.43843E+02
   0.44084E+02
   0.44084E+02
   0.44084E+02
   0.44084E+02
   0.44084E+02
   0.43807E+02
   0.43807E+02
   0.43807E+02
   0.43807E+02
   0.43807E+02
   0.43669E+02
   0.43669E+02
   0.43669E+02
   0.43669E+02
   0.43669E+02
   0.43684E+02
   0.43684E+02
   0.43684E+02
   0.43684E+02
   0.43684E+02
   0.44295E+02
   0.44295E+02
   0.44295E+02
   0.44295E+02
   0.44295E+02
   0.42549E+02
   0.42549E+02
   0.42549E+02
   0.42549E+02
   0.42549E+02
   0.44507E+02
   0.44507E+02
   0.44507E+02
   0.44507E+02
   0.44507E+02
   0.44037E+02
   0.44037E+02
   0.44037E+02
   0.44037E+02
   0.44037E+02
   0.43718E+02
   0.43718E+02
   0.43718E+02
   0.43718E+02
   0.43718E+02
   0.43940E+02
   0.43940E+02
   0.43940E+02
   0.43940E+02
   0.43940E+02
   0.43550E+02
   0.43550E+02
   0.43550E+02
   0.43550E+02
   0.43550E+02
   0.43689E+02
   0.43689E+02
   0.43689E+02
   0.43689E+02
   0.43689E+02
   0.44193E+02
   0.44193E+02
   0.44193E+02
   0.44193E+02
   0.44193E+02
   0.42932E+02
   0.42932E+02
   0.42932E+02
   0.42932E+02
   0.42932E+02
   0.43617E+02
   0.43617E+02
   0.43617E+02
   0.43617E+02
   0.43617E+02
   0.43941E+02
   0.43941E+02
   0.43941E+02
   0.43941E+02
   0.43941E+02
   0.43012E+02
   0.43012E+02
   0.43012E+02
   0.43012E+02
   0.43012E+02
   0.44100E+02
   0.44100E+02
   0.44100E+02
   0.44100E+02
   0.44100E+02
   0.43893E+02
   0.43893E+02
   0.43893E+02
   0.43893E+02
   0.43893E+02
   0.44267E+02
   0.44267E+02
   0.44267E+02
   0.44267E+02
   0.44267E+02
   0.44658E+02
   0.44658E+02
   0.44658E+02
   0.44658E+02
   0.44658E+02
   0.44584E+02
   0.44584E+02
   0.44584E+02
   0.44584E+02
   0.44584E+02
   0.43747E+02
   0.43747E+02
   0.43747E+02
   0.43747E+02
   0.43747E+02
   0.44521E+02
   0.44521E+02
   0.44521E+02
   0.44521E+02
   0.44521E+02
   0.43088E+02
   0.43088E+02
   0.43088E+02
   0.43088E+02
   0.43088E+02
   0.43526E+02
   0.43526E+02
   0.43526E+02
   0.43526E+02
   0.43526E+02
   0.43930E+02
   0.43930E+02
   0.43930E+02
   0.43930E+02
   0.43930E+02
   0.44109E+02
   0.44109E+02
   0.44109E+02
   0.44109E+02
   0.44109E+02
   0.43889E+02
   0.43889E+02
   0.43889E+02
   0.43889E+02
   0.43889E+02
   0.44446E+02
   0.44446E+02
   0.44446E+02
   0.44446E+02
   0.44446E+02
   0.44646E+02
   0.44646E+02
   0.44646E+02
   0.44646E+02
   0.44646E+02
   0.43210E+02
   0.43210E+02
   0.43210E+02
   0.43210E+02
   0.43210E+02
   0.43359E+02
   0.43359E+02
   0.43359E+02
   0.43359E+02
   0.43359E+02
   0.44317E+02
   0.44317E+02
   0.44317E+02
   0.44317E+02
   0.44317E+02
   0.43767E+02
   0.43767E+02
   0.43767E+02
   0.43767E+02
   0.43767E+02
   0.44100E+02
   0.44100E+02
   0.44100E+02
   0.44100E+02
   0.44100E+02
   0.44228E+02
   0.44228E+02
   0.44228E+02
   0.44228E+02
   0.44228E+02
   0.43573E+02
   0.43573E+02
   0.43573E+02
   0.43573E+02
   0.43573E+02
   0.44162E+02
   0.44162E+02
   0.44162E+02
   0.44162E+02
   0.44162E+02
   0.43899E+02
   0.43899E+02
   0.43899E+02
   0.43899E+02
   0.43899E+02
   0.43907E+02
   0.43907E+02
   0.43907E+02
   0.43907E+02
   0.43907E+02
   0.43981E+02
   0.43981E+02
   0.43981E+02
   0.43981E+02
   0.43981E+02
   0.43501E+02
   0.43501E+02
   0.43501E+02
   0.43501E+02
   0.43501E+02
   0.43567E+02
   0.43567E+02
   0.43567E+02
   0.43567E+02
   0.43567E+02
   0.43659E+02
   0.43659E+02
   0.43659E+02
   0.43659E+02
   0.43659E+02
   0.43577E+02
   0.43577E+02
   0.43577E+02
   0.43577E+02
   0.43577E+02
   0.43876E+02
   0.43876E+02
   0.43876E+02
   0.43876E+02
   0.43876E+02
   0.43501E+02
   0.43501E+02
   0.43501E+02
   0.43501E+02
   0.43501E+02
   0.42912E+02
   0.42912E+02
   0.42912E+02
   0.42912E+02
   0.42912E+02
   0.44331E+02
   0.44331E+02
   0.44331E+02
   0.44331E+02
   0.44331E+02
   0.43990E+02
   0.43990E+02
   0.43990E+02
   0.43990E+02
   0.43990E+02
   0.44529E+02
   0.44529E+02
   0.44529E+02
   0.44529E+02
   0.44529E+02
   0.43588E+02
   0.43588E+02
   0.43588E+02
   0.43588E+02
   0.43588E+02
   0.43789E+02
   0.43789E+02
   0.43789E+02
   0.43789E+02
   0.43789E+02
   0.43329E+02
   0.43329E+02
   0.43329E+02
   0.43329E+02
   0.43329E+02
   0.43367E+02
   0.43367E+02
   0.43367E+02
   0.43367E+02
   0.43367E+02
   0.44846E+02
   0.44846E+02
   0.44846E+02
   0.44846E+02
   0.44846E+02
   0.44097E+02
   0.44097E+02
   0.44097E+02
   0.44097E+02
   0.44097E+02
   0.44713E+02
   0.44713E+02
   0.44713E+02
   0.44713E+02
   0.44713E+02
   0.43519E+02
   0.43519E+02
   0.43519E+02
   0.43519E+02
   0.43519E+02
   0.43404E+02
   0.43404E+02
   0.43404E+02
   0.43404E+02
   0.43404E+02
   0.43305E+02
   0.43305E+02
   0.43305E+02
   0.43305E+02
   0.43305E+02
   0.43379E+02
   0.43379E+02
   0.43379E+02
   0.43379E+02
   0.43379E+02
   0.43048E+02
   0.43048E+02
   0.43048E+02
   0.43048E+02
   0.43048E+02
   0.43463E+02
   0.43463E+02
   0.43463E+02
   0.43463E+02
   0.43463E+02
   0.44435E+02
   0.44435E+02
   0.44435E+02
   0.44435E+02
   0.44435E+02
   0.43080E+02
   0.43080E+02
   0.43080E+02
   0.43080E+02
   0.43080E+02
   0.43270E+02
   0.43270E+02
   0.43270E+02
   0.43270E+02
   0.43270E+02
   0.43065E+02
   0.43065E+02
   0.43065E+02
   0.43065E+02
   0.43065E+02
   0.43199E+02
   0.43199E+02
   0.43199E+02
   0.43199E+02
   0.43199E+02
   0.44550E+02
   0.44550E+02
   0.44550E+02
   0.44550E+02
   0.44550E+02
   0.43127E+02
   0.43127E+02
   0.43127E+02
   0.43127E+02
   0.43127E+02
   0.43101E+02
   0.43101E+02
   0.43101E+02
   0.43101E+02
   0.43101E+02
   0.43365E+02
   0.43365E+02
   0.43365E+02
   0.43365E+02
   0.43365E+02
   0.42444E+02
   0.42444E+02
   0.42444E+02
   0.42444E+02
   0.42444E+02
   0.44456E+02
   0.44456E+02
   0.44456E+02
   0.44456E+02
   0.44456E+02
   0.43888E+02
   0.43888E+02
   0.43888E+02
   0.43888E+02
   0.43888E+02
   0.44108E+02
   0.44108E+02
   0.44108E+02
   0.44108E+02
   0.44108E+02
   0.43184E+02
   0.43184E+02
   0.43184E+02
   0.43184E+02
   0.43184E+02
   0.44117E+02
   0.44117E+02
   0.44117E+02
   0.44117E+02
   0.44117E+02
   0.44091E+02
   0.44091E+02
   0.44091E+02
   0.44091E+02
   0.44091E+02
   0.43050E+02
   0.43050E+02
   0.43050E+02
   0.43050E+02
   0.43050E+02
   0.44387E+02
   0.44387E+02
   0.44387E+02
   0.44387E+02
   0.44387E+02
   0.44717E+02
   0.44717E+02
   0.44717E+02
   0.44717E+02
   0.44717E+02
   0.44726E+02
   0.44726E+02
   0.44726E+02
   0.44726E+02
   0.44726E+02
   0.43893E+02
   0.43893E+02
   0.43893E+02
   0.43893E+02
   0.43893E+02
   0.43984E+02
   0.43984E+02
   0.43984E+02
   0.43984E+02
   0.43984E+02
   0.43475E+02
   0.43475E+02
   0.43475E+02
   0.43475E+02
   0.43475E+02
   0.43768E+02
   0.43768E+02
   0.43768E+02
   0.43768E+02
   0.43768E+02
   0.43152E+02
   0.43152E+02
   0.43152E+02
   0.43152E+02
   0.43152E+02
   0.42251E+02
   0.42251E+02
   0.42251E+02
   0.42251E+02
   0.42251E+02
   0.44273E+02
   0.44273E+02
   0.44273E+02
   0.44273E+02
   0.44273E+02
   0.43009E+02
   0.43009E+02
   0.43009E+02
   0.43009E+02
   0.43009E+02
   0.43390E+02
   0.43390E+02
   0.43390E+02
   0.43390E+02
   0.43390E+02
   0.43339E+02
   0.43339E+02
   0.43339E+02
   0.43339E+02
   0.43339E+02
   0.43709E+02
   0.43709E+02
   0.43709E+02
   0.43709E+02
   0.43709E+02
   0.44438E+02
   0.44438E+02
   0.44438E+02
   0.44438E+02
   0.44438E+02
   0.44158E+02
   0.44158E+02
   0.44158E+02
   0.44158E+02
   0.44158E+02
   0.44043E+02
   0.44043E+02
   0.44043E+02
   0.44043E+02
   0.44043E+02
   0.44317E+02
   0.44317E+02
   0.44317E+02
   0.44317E+02
   0.44317E+02
   0.44683E+02
   0.44683E+02
   0.44683E+02
   0.44683E+02
   0.44683E+02
   0.44280E+02
   0.44280E+02
   0.44280E+02
   0.44280E+02
   0.44280E+02
   0.43571E+02
   0.43571E+02
   0.43571E+02
   0.43571E+02
   0.43571E+02
   0.43502E+02
   0.43502E+02
   0.43502E+02
   0.43502E+02
   0.43502E+02
   0.43645E+02
   0.43645E+02
   0.43645E+02
   0.43645E+02
   0.43645E+02
   0.43308E+02
   0.43308E+02
   0.43308E+02
   0.43308E+02
   0.43308E+02
   0.43444E+02
   0.43444E+02
   0.43444E+02
   0.43444E+02
   0.43444E+02
   0.43014E+02
   0.43014E+02
   0.43014E+02
   0.43014E+02
   0.43014E+02
   0.42697E+02
   0.42697E+02
   0.42697E+02
   0.42697E+02
   0.42697E+02
   0.43592E+02
   0.43592E+02
   0.43592E+02
   0.43592E+02
   0.43592E+02
   0.44088E+02
   0.44088E+02
   0.44088E+02
   0.44088E+02
   0.44088E+02
   0.43391E+02
   0.43391E+02
   0.43391E+02
   0.43391E+02
   0.43391E+02
   0.44437E+02
   0.44437E+02
   0.44437E+02
   0.44437E+02
   0.44437E+02
   0.43910E+02
   0.43910E+02
   0.43910E+02
   0.43910E+02
   0.43910E+02
   0.43460E+02
   0.43460E+02
   0.43460E+02
   0.43460E+02
   0.43460E+02
   0.43348E+02
   0.43348E+02
   0.43348E+02
   0.43348E+02
   0.43348E+02
   0.44753E+02
   0.44753E+02
   0.44753E+02
   0.44753E+02
   0.44753E+02
   0.44040E+02
   0.44040E+02
   0.44040E+02
   0.44040E+02
   0.44040E+02
   0.43208E+02
   0.43208E+02
   0.43208E+02
   0.43208E+02
   0.43208E+02
   0.44185E+02
   0.44185E+02
   0.44185E+02
   0.44185E+02
   0.44185E+02
   0.43669E+02
   0.43669E+02
   0.43669E+02
   0.43669E+02
   0.43669E+02
   0.43890E+02
   0.43890E+02
   0.43890E+02
   0.43890E+02
   0.43890E+02
   0.43505E+02
   0.43505E+02
   0.43505E+02
   0.43505E+02
   0.43505E+02
   0.43663E+02
   0.43663E+02
   0.43663E+02
   0.43663E+02
   0.43663E+02
   0.43922E+02
   0.43922E+02
   0.43922E+02
   0.43922E+02
   0.43922E+02
   0.43554E+02
   0.43554E+02
   0.43554E+02
   0.43554E+02
   0.43554E+02
   0.42916E+02
   0.42916E+02
   0.42916E+02
   0.42916E+02
   0.42916E+02
   0.44353E+02
   0.44353E+02
   0.44353E+02
   0.44353E+02
   0.44353E+02
   0.43116E+02
   0.43116E+02
   0.43116E+02
   0.43116E+02
   0.43116E+02
   0.43566E+02
   0.43566E+02
   0.43566E+02
   0.43566E+02
   0.43566E+02
   0.43803E+02
   0.43803E+02
   0.43803E+02
   0.43803E+02
   0.43803E+02
   0.43734E+02
   0.43734E+02
   0.43734E+02
   0.43734E+02
   0.43734E+02
   0.43950E+02
   0.43950E+02
   0.43950E+02
   0.43950E+02
   0.43950E+02
   0.43580E+02
   0.43580E+02
   0.43580E+02
   0.43580E+02
   0.43580E+02
   0.44482E+02
   0.44482E+02
   0.44482E+02
   0.44482E+02
   0.44482E+02
   0.43241E+02
   0.43241E+02
   0.43241E+02
   0.43241E+02
   0.43241E+02
   0.44007E+02
   0.44007E+02
   0.44007E+02
   0.44007E+02
   0.44007E+02
   0.43615E+02
   0.43615E+02
   0.43615E+02
   0.43615E+02
   0.43615E+02
   0.43071E+02
   0.43071E+02
   0.43071E+02
   0.43071E+02
   0.43071E+02
   0.44015E+02
   0.44015E+02
   0.44015E+02
   0.44015E+02
   0.44015E+02
   0.43558E+02
   0.43558E+02
   0.43558E+02
   0.43558E+02
   0.43558E+02
   0.43618E+02
   0.43618E+02
   0.43618E+02
   0.43618E+02
   0.43618E+02
   0.44502E+02
   0.44502E+02
   0.44502E+02
   0.44502E+02
   0.44502E+02
   0.42696E+02
   0.42696E+02
   0.42696E+02
   0.42696E+02
   0.42696E+02
   0.43902E+02
   0.43902E+02
   0.43902E+02
   0.43902E+02
   0.43902E+02
   0.43732E+02
   0.43732E+02
   0.43732E+02
   0.43732E+02
   0.43732E+02
   0.43554E+02
   0.43554E+02
   0.43554E+02
   0.43554E+02
   0.43554E+02
   0.43874E+02
   0.43874E+02
   0.43874E+02
   0.43874E+02
   0.43874E+02
   0.43032E+02
   0.43032E+02
   0.43032E+02
   0.43032E+02
   0.43032E+02
   0.43962E+02
   0.43962E+02
   0.43962E+02
   0.43962E+02
   0.43962E+02
   0.44115E+02
   0.44115E+02
   0.44115E+02
   0.44115E+02
   0.44115E+02
   0.43144E+02
   0.43144E+02
   0.43144E+02
   0.43144E+02
   0.43144E+02
   0.44938E+02
   0.44938E+02
   0.44938E+02
   0.44938E+02
   0.44938E+02
   0.44456E+02
   0.44456E+02
   0.44456E+02
   0.44456E+02
   0.44456E+02
   0.44778E+02
   0.44778E+02
   0.44778E+02
   0.44778E+02
   0.44778E+02
   0.43156E+02
   0.43156E+02
   0.43156E+02
   0.43156E+02
   0.43156E+02
   0.44181E+02
   0.44181E+02
   0.44181E+02
   0.44181E+02
   0.44181E+02
   0.44084E+02
   0.44084E+02
   0.44084E+02
   0.44084E+02
   0.44084E+02
   0.43874E+02
   0.43874E+02
   0.43874E+02
   0.43874E+02
   0.43874E+02
   0.44315E+02
   0.44315E+02
   0.44315E+02
   0.44315E+02
   0.44315E+02
   0.43945E+02
   0.43945E+02
   0.43945E+02
   0.43945E+02
   0.43945E+02
   0.42928E+02
   0.42928E+02
   0.42928E+02
   0.42928E+02
   0.42928E+02
   0.43355E+02
   0.43355E+02
   0.43355E+02
   0.43355E+02
   0.43355E+02
   0.43161E+02
   0.43161E+02
   0.43161E+02
   0.43161E+02
   0.43161E+02
   0.43512E+02
   0.43512E+02
   0.43512E+02
   0.43512E+02
   0.43512E+02
   0.43932E+02
   0.43932E+02
   0.43932E+02
   0.43932E+02
   0.43932E+02
   0.44174E+02
   0.44174E+02
   0.44174E+02
   0.44174E+02
   0.44174E+02
   0.44299E+02
   0.44299E+02
   0.44299E+02
   0.44299E+02
   0.44299E+02
   0.44645E+02
   0.44645E+02
   0.44645E+02
   0.44645E+02
   0.44645E+02
   0.43831E+02
   0.43831E+02
   0.43831E+02
   0.43831E+02
   0.43831E+02
   0.44461E+02
   0.44461E+02
   0.44461E+02
   0.44461E+02
   0.44461E+02
   0.43480E+02
   0.43480E+02
   0.43480E+02
   0.43480E+02
   0.43480E+02
   0.43318E+02
   0.43318E+02
   0.43318E+02
   0.43318E+02
   0.43318E+02
   0.44806E+02
   0.44806E+02
   0.44806E+02
   0.44806E+02
   0.44806E+02
   0.43822E+02
   0.43822E+02
   0.43822E+02
   0.43822E+02
   0.43822E+02
   0.43574E+02
   0.43574E+02
   0.43574E+02
   0.43574E+02
   0.43574E+02
   0.43327E+02
   0.43327E+02
   0.43327E+02
   0.43327E+02
   0.43327E+02
   0.44126E+02
   0.44126E+02
   0.44126E+02
   0.44126E+02
   0.44126E+02
   0.44570E+02
   0.44570E+02
   0.44570E+02
   0.44570E+02
   0.44570E+02
   0.44654E+02
   0.44654E+02
   0.44654E+02
   0.44654E+02
   0.44654E+02
   0.43821E+02
   0.43821E+02
   0.43821E+02
   0.43821E+02
   0.43821E+02
   0.43819E+02
   0.43819E+02
   0.43819E+02
   0.43819E+02
   0.43819E+02
   0.44049E+02
   0.44049E+02
   0.44049E+02
   0.44049E+02
   0.44049E+02
   0.44364E+02
   0.44364E+02
   0.44364E+02
   0.44364E+02
   0.44364E+02
   0.43253E+02
   0.43253E+02
   0.43253E+02
   0.43253E+02
   0.43253E+02
   0.43397E+02
   0.43397E+02
   0.43397E+02
   0.43397E+02
   0.43397E+02
   0.44074E+02
   0.44074E+02
   0.44074E+02
   0.44074E+02
   0.44074E+02
   0.43966E+02
   0.43966E+02
   0.43966E+02
   0.43966E+02
   0.43966E+02
   0.43527E+02
   0.43527E+02
   0.43527E+02
   0.43527E+02
   0.43527E+02
   0.43339E+02
   0.43339E+02
   0.43339E+02
   0.43339E+02
   0.43339E+02
   0.43732E+02
   0.43732E+02
   0.43732E+02
   0.43732E+02
   0.43732E+02
   0.44113E+02
   0.44113E+02
   0.44113E+02
   0.44113E+02
   0.44113E+02
   0.43039E+02
   0.43039E+02
   0.43039E+02
   0.43039E+02
   0.43039E+02
   0.43341E+02
   0.43341E+02
   0.43341E+02
   0.43341E+02
   0.43341E+02
   0.44840E+02
   0.44840E+02
   0.44840E+02
   0.44840E+02
   0.44840E+02
   0.44116E+02
   0.44116E+02
   0.44116E+02
   0.44116E+02
   0.44116E+02
   0.43921E+02
   0.43921E+02
   0.43921E+02
   0.43921E+02
   0.43921E+02
   0.43725E+02
   0.43725E+02
   0.43725E+02
   0.43725E+02
   0.43725E+02
   0.43979E+02
   0.43979E+02
   0.43979E+02
   0.43979E+02
   0.43979E+02
   0.43753E+02
   0.43753E+02
   0.43753E+02
   0.43753E+02
   0.43753E+02
   0.44240E+02
   0.44240E+02
   0.44240E+02
   0.44240E+02
   0.44240E+02
   0.43280E+02
   0.43280E+02
   0.43280E+02
   0.43280E+02
   0.43280E+02
   0.45006E+02
   0.45006E+02
   0.45006E+02
   0.45006E+02
   0.45006E+02
   0.43808E+02
   0.43808E+02
   0.43808E+02
   0.43808E+02
   0.43808E+02
   0.44388E+02
   0.44388E+02
   0.44388E+02
   0.44388E+02
   0.44388E+02
   0.42793E+02
   0.42793E+02
   0.42793E+02
   0.42793E+02
   0.42793E+02
   0.44953E+02
   0.44953E+02
   0.44953E+02
   0.44953E+02
   0.44953E+02
   0.44324E+02
   0.44324E+02
   0.44324E+02
   0.44324E+02
   0.44324E+02
   0.44932E+02
   0.44932E+02
   0.44932E+02
   0.44932E+02
   0.44932E+02
   0.43633E+02
   0.43633E+02
   0.43633E+02
   0.43633E+02
   0.43633E+02
   0.44515E+02
   0.44515E+02
   0.44515E+02
   0.44515E+02
   0.44515E+02
   0.44001E+02
   0.44001E+02
   0.44001E+02
   0.44001E+02
   0.44001E+02
   0.43830E+02
   0.43830E+02
   0.43830E+02
   0.43830E+02
   0.43830E+02
   0.44283E+02
   0.44283E+02
   0.44283E+02
   0.44283E+02
   0.44283E+02
   0.44059E+02
   0.44059E+02
   0.44059E+02
   0.44059E+02
   0.44059E+02
   0.43786E+02
   0.43786E+02
   0.43786E+02
   0.43786E+02
   0.43786E+02
   0.43368E+02
   0.43368E+02
   0.43368E+02
   0.43368E+02
   0.43368E+02
   0.43844E+02
   0.43844E+02
   0.43844E+02
   0.43844E+02
   0.43844E+02
   0.43918E+02
   0.43918E+02
   0.43918E+02
   0.43918E+02
   0.43918E+02
   0.43640E+02
   0.43640E+02
   0.43640E+02
   0.43640E+02
   0.43640E+02
   0.44115E+02
   0.44115E+02
   0.44115E+02
   0.44115E+02
   0.44115E+02
   0.44904E+02
   0.44904E+02
   0.44904E+02
   0.44904E+02
   0.44904E+02
   0.44047E+02
   0.44047E+02
   0.44047E+02
   0.44047E+02
   0.44047E+02
   0.43827E+02
   0.43827E+02
   0.43827E+02
   0.43827E+02
   0.43827E+02
   0.43527E+02
   0.43527E+02
   0.43527E+02
   0.43527E+02
   0.43527E+02
   0.43456E+02
   0.43456E+02
   0.43456E+02
   0.43456E+02
   0.43456E+02
   0.43737E+02
   0.43737E+02
   0.43737E+02
   0.43737E+02
   0.43737E+02
   0.44284E+02
   0.44284E+02
   0.44284E+02
   0.44284E+02
   0.44284E+02
   0.44701E+02
   0.44701E+02
   0.44701E+02
   0.44701E+02
   0.44701E+02
   0.44846E+02
   0.44846E+02
   0.44846E+02
   0.44846E+02
   0.44846E+02
   0.43456E+02
   0.43456E+02
   0.43456E+02
   0.43456E+02
   0.43456E+02
   0.44291E+02
   0.44291E+02
   0.44291E+02
   0.44291E+02
   0.44291E+02
   0.44343E+02
   0.44343E+02
   0.44343E+02
   0.44343E+02
   0.44343E+02
   0.42947E+02
   0.42947E+02
   0.42947E+02
   0.42947E+02
   0.42947E+02
   0.42988E+02
   0.42988E+02
   0.42988E+02
   0.42988E+02
   0.42988E+02
   0.43246E+02
   0.43246E+02
   0.43246E+02
   0.43246E+02
   0.43246E+02
   0.44046E+02
   0.44046E+02
   0.44046E+02
   0.44046E+02
   0.44046E+02
   0.43196E+02
   0.43196E+02
   0.43196E+02
   0.43196E+02
   0.43196E+02
   0.43872E+02
   0.43872E+02
   0.43872E+02
   0.43872E+02
   0.43872E+02
   0.43628E+02
   0.43628E+02
   0.43628E+02
   0.43628E+02
   0.43628E+02
   0.44008E+02
   0.44008E+02
   0.44008E+02
   0.44008E+02
   0.44008E+02
   0.43885E+02
   0.43885E+02
   0.43885E+02
   0.43885E+02
   0.43885E+02
   0.43642E+02
   0.43642E+02
   0.43642E+02
   0.43642E+02
   0.43642E+02
   0.44334E+02
   0.44334E+02
   0.44334E+02
   0.44334E+02
   0.44334E+02
   0.43093E+02
   0.43093E+02
   0.43093E+02
   0.43093E+02
   0.43093E+02
   0.43803E+02
   0.43803E+02
   0.43803E+02
   0.43803E+02
   0.43803E+02
   0.43700E+02
   0.43700E+02
   0.43700E+02
   0.43700E+02
   0.43700E+02
   0.43438E+02
   0.43438E+02
   0.43438E+02
   0.43438E+02
   0.43438E+02
   0.44112E+02
   0.44112E+02
   0.44112E+02
   0.44112E+02
   0.44112E+02
   0.43165E+02
   0.43165E+02
   0.43165E+02
   0.43165E+02
   0.43165E+02
   0.44055E+02
   0.44055E+02
   0.44055E+02
   0.44055E+02
   0.44055E+02
   0.43704E+02
   0.43704E+02
   0.43704E+02
   0.43704E+02
   0.43704E+02
   0.44405E+02
   0.44405E+02
   0.44405E+02
   0.44405E+02
   0.44405E+02
   0.44484E+02
   0.44484E+02
   0.44484E+02
   0.44484E+02
   0.44484E+02
   0.44067E+02
   0.44067E+02
   0.44067E+02
   0.44067E+02
   0.44067E+02
   0.44249E+02
   0.44249E+02
   0.44249E+02
   0.44249E+02
   0.44249E+02
   0.43799E+02
   0.43799E+02
   0.43799E+02
   0.43799E+02
   0.43799E+02
   0.44119E+02
   0.44119E+02
   0.44119E+02
   0.44119E+02
   0.44119E+02
   0.43387E+02
   0.43387E+02
   0.43387E+02
   0.43387E+02
   0.43387E+02
   0.43301E+02
   0.43301E+02
   0.43301E+02
   0.43301E+02
   0.43301E+02
   0.43226E+02
   0.43226E+02
   0.43226E+02
   0.43226E+02
   0.43226E+02
   0.43590E+02
   0.43590E+02
   0.43590E+02
   0.43590E+02
   0.43590E+02
   0.44390E+02
   0.44390E+02
   0.44390E+02
   0.44390E+02
   0.44390E+02
   0.43557E+02
   0.43557E+02
   0.43557E+02
   0.43557E+02
   0.43557E+02
   0.43834E+02
   0.43834E+02
   0.43834E+02
   0.43834E+02
   0.43834E+02
   0.43392E+02
   0.43392E+02
   0.43392E+02
   0.43392E+02
   0.43392E+02
   0.43866E+02
   0.43866E+02
   0.43866E+02
   0.43866E+02
   0.43866E+02
   0.43453E+02
   0.43453E+02
   0.43453E+02
   0.43453E+02
   0.43453E+02
   0.44361E+02
   0.44361E+02
   0.44361E+02
   0.44361E+02
   0.44361E+02
   0.44108E+02
   0.44108E+02
   0.44108E+02
   0.44108E+02
   0.44108E+02
   0.44301E+02
   0.44301E+02
   0.44301E+02
   0.44301E+02
   0.44301E+02
   0.44310E+02
   0.44310E+02
   0.44310E+02
   0.44310E+02
   0.44310E+02
   0.43349E+02
   0.43349E+02
   0.43349E+02
   0.43349E+02
   0.43349E+02
   0.43649E+02
   0.43649E+02
   0.43649E+02
   0.43649E+02
   0.43649E+02
   0.43554E+02
   0.43554E+02
   0.43554E+02
   0.43554E+02
   0.43554E+02
   0.44465E+02
   0.44465E+02
   0.44465E+02
   0.44465E+02
   0.44465E+02
   0.43662E+02
   0.43662E+02
   0.43662E+02
   0.43662E+02
   0.43662E+02
   0.44044E+02
   0.44044E+02
   0.44044E+02
   0.44044E+02
   0.44044E+02
   0.44693E+02
   0.44693E+02
   0.44693E+02
   0.44693E+02
   0.44693E+02
   0.44663E+02
   0.44663E+02
   0.44663E+02
   0.44663E+02
   0.44663E+02
   0.44536E+02
   0.44536E+02
   0.44536E+02
   0.44536E+02
   0.44536E+02
   0.44223E+02
   0.44223E+02
   0.44223E+02
   0.44223E+02
   0.44223E+02
   0.44506E+02
   0.44506E+02
   0.44506E+02
   0.44506E+02
   0.44506E+02
   0.42800E+02
   0.42800E+02
   0.42800E+02
   0.42800E+02
   0.42800E+02
   0.43725E+02
   0.43725E+02
   0.43725E+02
   0.43725E+02
   0.43725E+02
